verdict,domain,rep,n_neighbors,actual_low,actual_high,pred_low,pred_high,sigma_low,sigma_high,mean_sim,err_low,err_high,sig_combined,iou
תפח_30145-08-13,weapon,Hybrid-Full,23,120.0,168.0,78.0,122.36363636363637,74.25445446275555,94.54849427344774,69.34782608695652,42.0,45.636363636363626,168.8029487362033,0.026262626262626376
תפ_36831-09-13,drugs,Hybrid-Full,32,24.0,55.0,31.07271789582259,59.68024755028365,17.61879323336306,27.091785540085763,60.59375,7.0727178958225885,4.680247550283653,44.71057877344882,0.6706030296022202
תפ_5911-11-16,drugs,Hybrid-Full,74,6.0,12.0,10.930048803160586,26.066000464792012,9.745370311731774,17.010116012227904,58.148648648648646,4.930048803160586,14.066000464792012,26.75548632395968,0.05332159733160377
תפ_28787-04-22,weapon,Hybrid-Full,93,16.0,36.0,23.21267926988266,45.858376792698834,11.269504616643266,15.884970656271513,65.97849462365592,7.21267926988266,9.858376792698834,27.15447527291478,0.42826577006839095
תפ_35431-03-21,weapon,Hybrid-Full,61,28.0,50.0,23.323049912214703,43.506395786305504,10.819870837718318,12.66371955889659,65.36065573770492,4.676950087785297,6.493604213694496,23.483590396614908,0.5812656894914494
תפ_16760-09-22,weapon,Hybrid-Full,66,16.0,36.0,25.419654427645792,48.61814254859611,15.344296296467702,21.4168689896222,70.15151515151516,9.419654427645792,12.618142548596111,36.7611652860899,0.3243699593436717
תפ_63155-05-23,weapon,Hybrid-Full,102,34.0,50.0,25.092651296829963,47.67060518731987,12.60726754396165,16.0806341150138,68.03921568627452,8.907348703170037,2.3293948126801283,28.68790165897545,0.5488583048415736
תפ_18210-05-23,weapon,Hybrid-Full,68,30.0,54.0,26.307607253427697,47.47523219814242,11.279737705237737,13.832475203021856,66.5,3.6923927465723025,6.524767801857578,25.112212908259593,0.6310481133958878
תפ_31935-12-21,weapon,Hybrid-Full,5,10.0,18.0,47.7239263803681,77.60736196319019,36.891191360540255,51.43695169817123,65.2,37.7239263803681,59.607361963190186,88.32814305871148,0.0
תפ_10650-11-21,weapon,Hybrid-Full,64,30.0,60.0,37.88034381361683,61.54761366206739,19.480133108823974,26.80716365894572,69.078125,7.8803438136168324,1.5476136620673913,46.28729676776969,0.7011514856028452
תפ_1580-11-23,weapon,Hybrid-Full,9,22.0,50.0,24.087394957983193,46.00672268907562,7.156107639157608,9.092121131323903,66.11111111111111,2.087394957983193,3.993277310924377,16.24822877048151,0.7828331332533011
תפ_35295-09-23,weapon,Hybrid-Full,37,24.0,60.0,44.80756518545723,73.71502019831071,18.5576707563384,23.11589879735681,73.5945945945946,20.80756518545723,13.715020198310711,41.67356955369521,0.3055904383411877
תפ_58524-11-19,drugs,Hybrid-Full,5,20.0,40.0,28.65753424657534,57.28767123287671,5.1536394906900505,9.797958971132712,73.0,8.657534246575342,17.28767123287671,14.951598461822762,0.3041880969875092
תפ_10875-12-21,weapon,Hybrid-Full,43,15.0,32.0,14.18421052631579,31.7140350877193,6.014404918397544,9.794149532358375,66.27906976744185,0.8157894736842106,0.28596491228070064,15.808554450755919,0.9381585425898572
תפ_21029-10-19,weapon,Hybrid-Full,35,12.0,24.0,10.92730844793713,28.4007858546169,3.060745540763904,7.540692330040162,72.71428571428571,1.0726915520628708,4.400785854616899,10.601437870804066,0.68675511580841
תפ_57001-11-21,weapon,Hybrid-Full,31,36.0,72.0,43.0792261630585,72.9497927222478,20.99883550609087,26.76645826853854,70.03225806451613,7.0792261630585,0.9497927222478069,47.76529377462941,0.7827046298835674
תפ_59067-10-21,weapon,Hybrid-Full,93,22.0,44.0,25.540087819157577,49.36184745487069,13.22151342161906,18.75343418660139,66.11827956989248,3.540087819157577,5.361847454870691,31.974947608220447,0.6746588369549721
תפ_14115-07-19,weapon,Hybrid-Full,44,18.0,36.0,14.361240827218149,37.41627751834558,4.124295582228168,4.936947479285469,68.13636363636364,3.6387591727818513,1.4162775183455807,9.061243061513636,0.7807404621015924
תפ_7735-04-19,weapon,Hybrid-Full,55,12.0,36.0,21.850194552529192,45.042245692051154,16.447462061499422,21.480523563497783,65.41818181818182,9.850194552529192,9.042245692051154,37.927985624997206,0.4282337701663774
תפ_28845-04-22,weapon,Hybrid-Full,102,24.0,50.0,30.71976911976911,55.39523809523809,19.48528610186048,27.232491844711525,67.94117647058823,6.719769119769111,5.395238095238092,46.717777946572006,0.6141132238508247
תפח_17033-01-22,drugs,Hybrid-Full,4,60.0,108.0,32.0,56.0,10.816653826391969,13.076696830622021,75.0,28.0,52.0,23.89335065701399,0.0
תפ_34669-01-23,weapon,Hybrid-Full,56,42.0,50.0,28.609413707679607,48.06523534269199,10.759176790260565,14.906468599988697,64.875,13.390586292320393,1.9347646573080084,25.66564539024926,0.28354694255713414
תפ_58027-12-21,weapon,Hybrid-Full,52,28.0,50.0,31.97107203630176,52.821043675553035,13.470587617815,19.240411044459606,67.8076923076923,3.9710720363017593,2.8210436755530353,32.710998662274605,0.7263565625749837
תפ_21503-07-23,drugs,Hybrid-Full,100,12.0,24.0,10.036451612903226,24.50887096774194,9.67470929795826,16.1008415929106,62.0,1.9635483870967736,0.5088709677419416,25.775550890868864,0.8291633697021027
תפ_42164-10-19,drugs,Hybrid-Full,44,20.0,40.0,20.076635514018697,41.7177570093458,10.655649764365684,17.561506434940675,60.79545454545455,0.07663551401869739,1.717757009345803,28.21715619930636,0.9173767105602886
תפ_25631-03-22,weapon,Hybrid-Full,42,12.0,90.0,49.698238617480904,81.01329345297444,20.115426554948527,27.485277444306,71.64285714285714,37.698238617480904,8.986706547025562,47.60070399925453,0.40147506199350685
תפ_52848-09-22,weapon,Hybrid-Full,101,32.0,62.0,36.266259032796,65.57518065591997,20.21638167503239,28.388972013566466,71.24752475247524,4.266259032796,3.575180655919965,48.60535368859885,0.766451303149329
עפ_6029-03,drugs,Hybrid-Full,89,10.0,20.0,14.889173703256938,32.640229191797346,13.199899384833433,19.404881488367266,74.51685393258427,4.8891737032569385,12.640229191797346,32.604780873200696,0.22574092574092564
תפ_59971-01-17,drugs,Hybrid-Full,67,30.0,48.0,18.037615740740737,37.598765432098766,13.428921486065216,19.233473086474643,77.3731343283582,11.962384259259263,10.401234567901234,32.66239457253986,0.25361017221953963
תפ_22417-12-21,weapon,Hybrid-Full,69,13.0,36.0,14.090452261306533,32.42211055276381,5.12912453587509,7.975492813128625,72.10144927536231,1.0904522613065328,3.5778894472361884,13.104617349003714,0.7970286213677078
תפ_52789-09-22,weapon,Hybrid-Full,97,60.0,96.0,37.792998897464166,67.06132855567806,19.90338551658455,27.31955261620009,74.80412371134021,22.207001102535834,28.93867144432194,47.22293813278464,0.12131407600331479
תפ_25639-03-21,weapon,Hybrid-Full,80,18.0,36.0,31.061353104726596,57.52826691380906,17.67547736271923,25.0579048156465,67.4375,13.061353104726596,21.528266913809063,42.73338217836573,0.12493962626902079
תפ_69640-10-18,weapon,Hybrid-Full,35,15.0,36.0,37.144000000000005,65.46189473684211,21.073709319666435,29.090372907860214,67.85714285714286,22.144000000000005,29.461894736842112,50.16408222752665,0.0
תפ_59422-07-14,weapon,Hybrid-Full,11,48.0,84.0,45.386235955056186,77.76685393258427,33.4666480085117,46.04991901537194,64.72727272727273,2.6137640449438138,6.233146067415731,79.51656702388364,0.7708871349070674
תפ_63355-02-23,weapon,Hybrid-Full,107,30.0,50.0,25.8207905471937,48.58658039105359,11.816913492658259,15.712112176171514,66.4392523364486,4.179209452806301,1.4134196089464126,27.529025668829775,0.7687009133748325
תפ_46108-06-20,weapon,Hybrid-Full,76,10.0,36.0,17.488033506182692,39.39170323095334,7.571485270188136,9.605912018458799,65.97368421052632,7.488033506182692,3.3917032309533397,17.177397288646937,0.6298364660378636
תפ_59260-03-16,weapon,Hybrid-Full,45,12.0,30.0,17.105196047178833,38.72999681224099,6.69954853831838,6.387333143915231,69.71111111111111,5.105196047178833,8.72999681224099,13.08688168223361,0.4824094833754712
תפ_23648-12-19,weapon,Hybrid-Full,15,12.0,24.0,21.42,44.952,9.85675177508065,17.26447862584394,66.66666666666667,9.420000000000002,20.951999999999998,27.12123040092459,0.07829570284049522
תפ_4248-06-16,weapon,Hybrid-Full,51,10.0,24.0,11.45762711864407,28.612994350282484,4.790738213043279,9.129256787310684,69.41176470588235,1.4576271186440692,4.612994350282484,13.919995000353964,0.6738503566550311
תפ_19759-07-21,weapon,Hybrid-Full,30,16.0,30.0,18.869565217391308,38.537084398977,5.979687840236033,6.21253213718493,65.16666666666667,2.869565217391308,8.537084398977,12.192219977420962,0.49387199273717597
תפ_23253-12-15,weapon,Hybrid-Full,89,28.0,54.0,24.650310872122333,49.32431524113594,27.020432542354172,36.18249693161791,66.86516853932584,3.3496891278776673,4.675684758864058,63.202929473972084,0.7265601740524447
תפ_27277-01-15,weapon,Hybrid-Full,38,6.0,36.0,10.470479704797047,26.18819188191881,3.871284296620846,7.735454583780357,71.3157894736842,4.470479704797047,9.811808118081188,11.606738880401203,0.5239237392373922
תפ_66319-05-20,weapon,Hybrid-Full,79,18.0,36.0,30.148219610594627,57.31976846167337,15.174253572381401,22.064914208584778,72.16455696202532,12.148219610594627,21.31976846167337,37.23916778096618,0.14882540305671815
תפ_50626-09-22,weapon,Hybrid-Full,44,36.0,84.0,40.72455621301775,69.44704142011835,19.219534226088015,23.077214980141548,76.81818181818181,4.724556213017749,14.552958579881647,42.29674920622956,0.5983851084812626
תפ_53377-09-22,weapon,Hybrid-Full,71,40.0,66.0,38.629536921151434,67.1224447225699,18.752588923957205,25.20726225166394,67.52112676056338,1.3704630788485659,1.1224447225698952,43.95985117562115,0.9125077784691966
תפ_11545-01-19,drugs,Hybrid-Full,31,18.0,36.0,12.966207759699625,29.42928660826032,8.438305208813341,13.090495873191182,77.3225806451613,5.033792240300375,6.57071339173968,21.528801082004524,0.4961964790262984
תפ_59811-06-20,drugs,Hybrid-Full,23,14.0,24.0,18.03553299492386,39.35786802030456,4.929752272368128,10.3828417423412,85.65217391304348,4.035532994923859,15.357868020304558,15.312594014709326,0.2352116905214694
תפ_17304-12-17,weapon,Hybrid-Full,55,54.0,84.0,43.48262934266434,89.09847538115471,23.151887986844006,92.03738730079763,72.74545454545455,10.517370657335661,5.098475381154714,115.18927528764164,0.6576661972834217
תפ_21696-04-20,weapon,Hybrid-Full,28,36.0,54.0,41.7829268292683,73.24878048780488,15.122417134836613,27.271756901413518,73.21428571428571,5.782926829268298,19.24878048780488,42.394174036250135,0.3279858564693555
תפ_45181-01-14,drugs,Hybrid-Full,19,6.0,18.0,1.469109195402299,13.472701149425287,2.7780301516624526,4.082935232256731,73.26315789473684,4.530890804597701,4.527298850574713,6.860965383919184,0.452044674286211
תפ_48352-05-15,drugs,Hybrid-Full,23,0.0,8.0,0.4385382059800664,12.717607973421922,1.6906280082803116,3.870786324183476,65.43478260869566,0.4385382059800664,4.717607973421922,5.561414332463787,0.5945663531870431
תפ_11104-07-19,weapon,Hybrid-Full,6,9.0,30.0,19.244791666666668,38.18229166666667,10.044346115546244,13.634107557478373,64.0,10.244791666666668,8.182291666666671,23.678453673024617,0.3685525611279671
תפ_33420-12-20,weapon,Hybrid-Full,34,22.0,50.0,17.87311827956989,36.98494623655913,6.277878997390946,9.025339185030349,68.38235294117646,4.126881720430109,13.015053763440868,15.303218182421295,0.4664301492737129
תפ_44129-09-19,drugs,Hybrid-Full,49,24.0,60.0,29.261673151750973,56.52626459143969,10.860863256998206,17.3699247469379,62.93877551020408,5.261673151750973,3.4737354085603087,28.230788003936105,0.7573497622135755
תפ_49305-06-16,drugs,Hybrid-Full,39,36.0,60.0,30.591428571428587,60.0187755102041,9.31097632253973,14.698190973142639,62.82051282051282,5.408571428571413,0.018775510204100954,24.009167295682367,0.8155679154472446
תפ_31334-11-15,weapon,Hybrid-Full,11,12.0,42.0,33.3904282115869,63.83627204030226,23.057599453585436,36.053220532204904,72.18181818181819,21.3904282115869,21.836272040302262,59.11081998579034,0.1660916468244327
תפ_44157-08-16,weapon,Hybrid-Full,37,18.0,36.0,28.501183898973956,55.08366219415944,16.992113497452266,26.746216870309535,68.48648648648648,10.501183898973956,19.083662194159437,43.738330367761804,0.20221347238480358
תפ_3910-02-23,weapon,Hybrid-Full,21,30.0,42.0,24.99270072992701,44.04014598540145,6.52085438804712,7.20449595077698,65.23809523809524,5.007299270072991,2.040145985401452,13.7253503388241,0.6300057482276301
תפ_52964-03-22,weapon,Hybrid-Full,50,30.0,45.0,22.39007299270073,42.56992700729928,8.034326356328824,9.287066275202303,68.5,7.6099270072992695,2.4300729927007225,17.321392631531126,0.5559472617156733
תפ_3526-04-21,drugs,Hybrid-Full,115,4.0,12.0,7.3749136621080265,19.54910899295482,7.344146235740888,10.950640243343328,62.947826086956525,3.3749136621080265,7.549108992954821,18.294786479084216,0.297450248756219
תפ_69278-05-18,drugs,Hybrid-Full,108,18.0,48.0,18.95001993885418,39.16030838761132,10.270851853921982,15.761815956597674,69.6574074074074,0.9500199388541795,8.839691612388677,26.032667810519655,0.6736762816252381
תפ_18689-01-17,weapon,Hybrid-Full,45,8.0,18.0,33.35780765253362,63.97931747673217,19.959093969886645,34.190576999453455,64.46666666666667,25.357807652533623,45.97931747673217,54.1496709693401,0.0
תפ_20477-02-20,weapon,Hybrid-Full,69,10.0,30.0,28.02380463780013,52.65996306176894,14.292574042411815,19.33070403432084,70.6231884057971,18.02380463780013,22.65996306176894,33.62327807673265,0.04632435708719354
תפ_35843-03-22,weapon,Hybrid-Full,35,34.0,58.0,39.54777070063695,68.22929936305735,16.767899360969217,22.41883319070493,67.28571428571429,5.547770700636953,10.22929936305735,39.18673255167415,0.5390770375883879
תפ_37966-04-23,weapon,Hybrid-Full,70,32.0,54.0,34.33873170731707,57.42009756097561,16.97224625254839,23.103763276813158,73.21428571428571,2.3387317073170735,3.420097560975613,40.07600952936155,0.7734536913369869
תפ_1197-11-21,drugs,Hybrid-Full,135,8.0,24.0,9.419144981412641,23.6123373605948,8.253813185356538,15.000971161977118,63.762962962962966,1.4191449814126411,0.3876626394051996,23.254784347333654,0.887074523698885
תפ_30197-04-17,drugs,Hybrid-Full,87,8.0,20.0,7.7854286211093715,19.99721787515215,5.487515707781591,8.753596169446062,66.10344827586206,0.2145713788906285,0.0027821248478510086,14.241111877227652,0.9822053924778635
תפ_51810-03-15,drugs,Hybrid-Full,43,3.0,8.0,10.380879541108987,26.040152963671126,8.63226242476663,14.548588887430554,60.81395348837209,7.380879541108987,18.040152963671126,23.180851312197184,0.0
תפ_62794-11-21,drugs,Hybrid-Full,46,12.0,36.0,22.76917536910335,45.044652502700764,13.94962920688044,20.96563034956572,60.369565217391305,10.769175369103351,9.044652502700764,34.91525955644616,0.40039230643491514
תפ_1631-01-22,weapon,Hybrid-Full,11,10.0,30.0,14.287671232876711,31.739726027397257,7.619027941729805,10.281974920435411,66.36363636363636,4.287671232876711,1.739726027397257,17.901002862165218,0.7227473219911785
תפ_52479-01-18,weapon,Hybrid-Full,44,12.0,36.0,14.255464480874318,36.06181693989071,4.377522885327984,8.022534120775571,66.54545454545455,2.255464480874318,0.06181693989071135,12.400057006103555,0.9036946616893532
תפ_18912-06-23,weapon,Hybrid-Full,65,24.0,48.0,18.49013895114298,39.339309726580005,7.183083348432798,8.712447736550859,68.64615384615385,5.509861048857019,8.660690273419995,15.895531084983656,0.5198028449264464
תפ_16996-08-12,weapon,Hybrid-Full,3,6.0,15.0,8.394736842105264,21.157894736842106,1.699673171197595,4.242640687119285,63.333333333333336,2.3947368421052637,6.157894736842106,5.942313858316879,0.43576388888888884
תפ_27685-11-15,weapon,Hybrid-Full,11,30.0,60.0,30.7375,63.52500000000001,10.438327341387144,16.454294322543664,72.72727272727273,0.7375000000000007,3.525000000000013,26.892621663930807,0.8728560775540638
תפ_1589-02-16,weapon,Hybrid-Full,27,18.0,30.0,23.929863013698633,50.709041095890406,13.253464489998619,24.60391305713195,67.5925925925926,5.929863013698633,20.709041095890406,37.85737754713057,0.18557979026367805
תפ_57539-11-15,weapon,Hybrid-Full,19,18.0,36.0,28.893964110929847,58.1247960848287,21.359604092318975,35.29511513445693,64.52631578947368,10.893964110929847,22.124796084828702,56.6547192267759,0.1770983676539347
תפ_3531-12-13,weapon,Hybrid-Full,45,48.0,96.0,42.07995041834522,90.32754880694142,44.36055416056137,111.78110001689757,71.71111111111111,5.92004958165478,5.672451193058578,156.14165417745895,0.7850057471264367
תפ_52077-12-20,weapon,Hybrid-Full,99,28.0,58.0,36.88149538106236,66.7025115473441,20.71111564336251,29.61512462527818,69.97979797979798,8.881495381062358,8.702511547344102,50.32624026864069,0.5456623814478744
תפ_36287-01-22,weapon,Hybrid-Full,12,48.0,84.0,32.37319316688567,59.98948751642576,15.835087622113116,30.435268284599623,63.416666666666664,15.62680683311433,24.01051248357424,46.27035590671274,0.23223376094481785
תפ_395-05-17,weapon,Hybrid-Full,75,36.0,72.0,22.268695827454142,46.27413827857288,10.717827308844933,17.09817924029729,66.14666666666666,13.731304172545858,25.725861721427123,27.816006549142223,0.20659297900023119
תפ_43009-08-20,weapon,Hybrid-Full,68,18.0,36.0,20.566293085218863,42.344893212095585,8.481406490397884,10.615518362463806,69.54411764705883,2.566293085218863,6.3448932120955845,19.09692485286169,0.6339607563820823
תפ_31862-05-13,weapon,Hybrid-Full,54,12.0,36.0,17.577495863210153,40.863485934914515,9.814832285099756,13.278242669685689,67.14814814814815,5.577495863210153,4.8634859349145145,23.093074954785443,0.6382633122808355
תפ_31498-01-16,weapon,Hybrid-Full,10,12.0,36.0,24.621951219512194,52.198170731707314,10.899999999999999,20.214846029589243,65.6,12.621951219512194,16.198170731707314,31.11484602958924,0.2830489192263937
תפ_37386-11-13,weapon,Hybrid-Full,4,7.0,18.0,7.1111111111111125,18.7962962962963,1.8708286933869707,3.960744879438715,67.5,0.11111111111111249,0.7962962962963012,5.831573572825685,0.9230769230769226
תפ_1506-02-24,drugs,Hybrid-Full,9,9.0,18.0,4.396057347670251,15.74731182795699,2.629368792488718,2.698879511442471,62.0,4.603942652329749,2.25268817204301,5.328248303931189,0.4959820840468977
תפ_9675-11-17,drugs,Hybrid-Full,9,10.0,24.0,8.436893203883495,24.16504854368932,7.776190314187863,12.578641509408806,57.22222222222222,1.5631067961165055,0.16504854368931987,20.35483182359667,0.8901234567901235
תפ_15023-05-20,drugs,Hybrid-Full,41,7.0,20.0,10.916149068322984,25.93400621118013,6.721005986852884,11.27937370899213,62.829268292682926,3.9161490683229836,5.9340062111801295,18.000379695845012,0.4797638085865418
תפ_60380-03-22,drugs,Hybrid-Full,36,40.0,60.0,29.305642633228835,53.89184952978056,12.776902143910384,20.37306379499808,70.88888888888889,10.694357366771165,6.108150470219442,33.149965938908466,0.45258642700301255
תפ_40313-09-15,weapon,Hybrid-Full,67,16.0,40.0,19.58768821966342,42.56687333923827,8.47353801630111,11.790402400790022,67.40298507462687,3.58768821966342,2.5668733392382705,20.26394041709113,0.7683370007334798
תפ_46737-07-22,weapon,Hybrid-Full,5,16.0,36.0,14.399999999999999,37.60000000000001,4.127953488110059,5.4258639865002145,65.0,1.6000000000000014,1.6000000000000085,9.553817474610273,0.862068965517241
תפ_17856-06-17,weapon,Hybrid-Full,48,24.0,60.0,17.557516737674987,40.42544126597688,6.655068035381423,10.15983376941878,68.45833333333333,6.442483262325013,19.57455873402312,16.814901804800204,0.3870047179957841
תפ_23992-11-21,weapon,Hybrid-Full,51,10.0,24.0,12.206802721088438,30.163265306122454,3.885718485777278,6.445465191138706,72.05882352941177,2.2068027210884384,6.1632653061224545,10.331183676915984,0.5848852901484477
תפ_32227-11-20,weapon,Hybrid-Full,66,18.0,60.0,22.51998173098881,44.45444165334551,11.732165606806273,16.462244975758114,66.34848484848484,4.51998173098881,15.545558346654488,28.194410582564387,0.5222490457703977
תפ_46930-03-22,weapon,Hybrid-Full,89,42.0,60.0,31.196298100340965,57.52151323266764,17.422115538436106,25.27610441428471,69.20224719101124,10.803701899659035,2.478486767332363,42.69821995272082,0.538872166040969
תפ_17137-11-21,weapon,Hybrid-Full,17,20.0,40.0,16.95909090909091,35.9,6.173949065130318,8.087753996375158,64.70588235294117,3.0409090909090892,4.100000000000001,14.261703061505475,0.6900769382521207
תפ_34694-09-21,weapon,Hybrid-Full,72,12.0,24.0,17.061103421000592,39.660272889064665,6.802777210652851,10.094881663618903,70.23611111111111,5.061103421000592,15.660272889064665,16.897658874271755,0.2508614649909207
תפ_34792-10-18,drugs,Hybrid-Full,59,0.0,6.0,4.034242910647406,15.534777956126273,5.131592109220038,7.400086181629728,63.355932203389834,4.034242910647406,9.534777956126273,12.531678290849765,0.12653911725705616
תפח_53698-03-17,weapon,Hybrid-Full,14,96.0,132.0,42.44086021505376,77.84946236559139,27.295809650746687,35.96710515264225,66.42857142857143,53.55913978494624,54.15053763440861,63.26291480338894,0.0
תפ_3728-01-15,weapon,Hybrid-Full,6,18.0,42.0,11.916289592760181,30.384615384615387,5.42883249163411,10.094002619817813,73.66666666666667,6.083710407239819,11.615384615384613,15.522835111451922,0.41167180567045203
תפ_40450-09-15,weapon,Hybrid-Full,19,6.0,24.0,16.92755787901419,37.29499626587006,9.06272387248556,13.06790278133768,70.47368421052632,10.927557879014191,13.294996265870061,22.13062665382324,0.2259927453226421
תפ_1219-06-23,weapon,Hybrid-Full,66,14.0,28.0,32.128679962013294,57.162155745489095,22.31354742148281,28.04283503638442,63.81818181818182,18.128679962013294,29.162155745489095,50.35638245786723,0.0
תפ_31736-06-21,drugs,Hybrid-Full,6,9.0,20.0,12.931122448979592,29.27295918367347,7.924995618645827,14.716770479060049,65.33333333333333,3.9311224489795915,9.272959183673471,22.641766097705876,0.3486850383792626
תפ_66114-01-23,drugs,Hybrid-Full,12,6.0,16.0,10.20223152022315,23.99581589958159,4.584848234492973,7.750896005552448,59.75,4.202231520223149,7.99581589958159,12.335744240045422,0.32217313802991565
תפ_33898-01-22,drugs,Hybrid-Full,25,30.0,50.0,21.45179584120983,42.442974165091364,11.702580911918533,20.923326695341732,63.48,8.54820415879017,7.557025834908636,32.62590760726027,0.43585838520284276
תפ_59274-02-22,drugs,Hybrid-Full,16,30.0,50.0,22.072671443193443,44.1811668372569,8.804961314508997,15.483736427296868,61.0625,7.9273285568065575,5.818833162743097,24.288697741805866,0.5077881619937692
תפ_28100-07-20,weapon,Hybrid-Full,28,14.0,36.0,18.91352785145889,40.29389920424405,7.035261044139277,11.187410927703787,67.32142857142857,4.913527851458891,4.293899204244049,18.222671971843063,0.6498264869663459
תפ_44840-06-16,weapon,Hybrid-Full,18,6.0,20.0,15.473684210526315,37.07692307692307,4.877828397611299,8.034647195462632,68.61111111111111,9.473684210526315,17.076923076923073,12.912475593073932,0.1456487754038562
תפ_11843-03-20,weapon,Hybrid-Full,16,8.0,24.0,14.6875,35.80769230769231,4.7791049109639765,7.344215410784191,65.0,6.6875,11.807692307692307,12.123320321748167,0.33488934993084374
תפ_41694-03-20,weapon,Hybrid-Full,36,18.0,36.0,25.349382190029825,49.66340008521516,14.245857097572065,20.815696238092617,65.19444444444444,7.349382190029825,13.663400085215159,35.061553335664684,0.33636999757784547
תפ_61158-05-20,drugs,Hybrid-Full,6,16.0,40.0,20.64540816326531,44.32908163265306,7.754926749421228,8.050189783822216,65.33333333333333,4.645408163265309,4.3290816326530575,15.805116533243444,0.6832057631697434
תפ_44620-01-22,weapon,Hybrid-Full,58,20.0,48.0,22.97817047817048,45.50883575883576,10.35901326222455,12.384688102874037,66.34482758620689,2.9781704781704796,2.491164241164242,22.743701365098588,0.8046666171666171
תפ_53496-03-18,weapon,Hybrid-Full,8,15.0,36.0,14.891089108910892,37.06930693069307,3.6890886408434267,4.358898943540674,63.125,0.10891089108910812,1.0693069306930667,8.047987584384101,0.946875
תפ_29947-07-23,weapon,Hybrid-Full,39,42.0,72.0,30.31724406383808,50.079408330089535,10.949108261823225,14.350409533543202,65.87179487179488,11.682755936161922,21.920591669910465,25.299517795366427,0.19383095355938867
תפ_7617-07-23,weapon,Hybrid-Full,22,18.0,36.0,13.966101694915253,32.60338983050847,3.0748244591432297,6.071883447089652,67.04545454545455,4.0338983050847474,3.396610169491531,9.146707906232882,0.6627692307692304
תפ_46896-11-15,drugs,Hybrid-Full,46,18.0,36.0,27.125230882896183,52.86775027705946,13.044420255839816,20.93441012806924,58.84782608695652,9.125230882896183,16.867750277059457,33.978830383909056,0.25452657675315504
תפ_49875-05-23,drugs,Hybrid-Full,9,12.0,24.0,13.743006993006995,30.954545454545457,11.04983101373495,17.69145709999568,63.55555555555556,1.7430069930069951,6.954545454545457,28.741288113730633,0.5411363217118611
תפ_35202-10-15,drugs,Hybrid-Full,60,28.0,54.0,13.930213004484308,31.97813901345292,12.308127396155763,21.690474099628773,59.46666666666667,14.069786995515692,22.02186098654708,33.998601495784534,0.09928026355363767
תפ_49244-01-22,drugs,Hybrid-Full,85,6.0,18.0,7.5483288166215,19.867208672086722,6.0106710182778595,9.495320282456827,65.11764705882354,1.5483288166215,1.867208672086722,15.505991300734687,0.7536968275682365
תפ_35512-06-17,weapon,Hybrid-Full,3,12.0,24.0,16.666666666666664,37.33333333333333,1.8856180831641267,5.2493385826745405,65.0,4.666666666666664,13.333333333333329,7.134956665838667,0.28947368421052644
תפ_522-05-17,weapon,Hybrid-Full,48,48.0,96.0,35.177290246071756,64.21079158019568,19.50693208337886,27.736287590547434,70.27083333333333,12.822709753928244,31.789208419804325,47.24321967392629,0.2665253101313642
תפ_26549-09-21,weapon,Hybrid-Full,75,14.0,38.0,21.309367373756338,43.518490707715415,9.207591071139799,11.115826554962075,71.02666666666667,7.309367373756338,5.518490707715415,20.32341762610187,0.5654297433940665
תפ_32775-09-23,weapon,Hybrid-Full,64,60.0,96.0,47.32549367650322,76.14777013534501,33.542751988134484,43.741059354312625,70.421875,12.674506323496779,19.852229864654987,77.28381134244711,0.33175005470060526
תפ_7626-04-20,drugs,Hybrid-Full,8,24.0,48.0,17.075471698113205,40.64150943396226,6.15934249737746,7.615773105863909,66.25,6.924528301886795,7.358490566037737,13.775115603241368,0.5381330079316655
תפח_39094-05-12,weapon,Hybrid-Full,28,240.0,324.0,65.58333333333334,110.03455284552848,58.90578563802246,76.71397811856396,70.28571428571429,174.41666666666666,213.96544715447152,135.61976375658642,0.0
תפ_10896-06-20,weapon,Hybrid-Full,31,22.0,48.0,11.92792792792793,30.657657657657666,4.179380533538518,8.272668538328926,71.61290322580645,10.07207207207207,17.342342342342334,12.452049071867444,0.24000999000999027
תפ_26478-04-22,weapon,Hybrid-Full,40,15.0,36.0,12.271535580524343,28.80898876404494,3.884263121880391,7.090442510873352,66.75,2.7284644194756567,7.1910112359550595,10.974705632753743,0.5819588035672005
תפ_18013-01-15,weapon,Hybrid-Full,25,24.0,48.0,26.506469500924215,53.73629081947012,10.499980952363677,19.360330575690075,64.92,2.506469500924215,5.7362908194701205,29.86031152805375,0.7228046910612903
תפ_10316-06-13,drugs,Hybrid-Full,48,6.0,24.0,13.742951907131014,31.45273631840796,10.576359250706266,18.337866390341052,62.8125,7.7429519071310136,7.452736318407961,28.914225641047317,0.40298410216314823
תפ_49932-08-21,drugs,Hybrid-Full,115,10.0,18.0,7.270316622691293,19.85343007915567,4.791643639844947,7.592205733625856,65.91304347826087,2.7296833773087066,1.8534300791556717,12.383849373470802,0.6357726986789685
תפ_38687-04-20,weapon,Hybrid-Full,95,16.0,40.0,16.732029117379433,38.39414619350924,6.401644525555832,8.174211187133345,69.41052631578947,0.7320291173794331,1.6058538064907566,14.575855712689176,0.9025882115054088
תפ_983-05-15,weapon,Hybrid-Full,56,24.0,48.0,27.58916423712342,52.58649173955297,12.77094118597021,19.346695915766674,73.5,3.58916423712342,4.586491739552969,32.11763710173688,0.7140028216416514
תפ_24239-05-17,drugs,Hybrid-Full,88,7.0,20.0,10.35844955623981,24.72867234196703,9.144945935161388,16.203505481099853,62.73863636363637,3.35844955623981,4.72867234196703,25.34845141626124,0.5438393951777689
תפ_50970-11-21,drugs,Hybrid-Full,34,42.0,72.0,30.50552995391706,59.099539170506915,10.955438206551936,15.952025828329193,63.8235294117647,11.494470046082942,12.900460829493085,26.90746403488113,0.4120920004886556
תפ_52569-05-16,drugs,Hybrid-Full,82,36.0,56.0,21.562189054726367,43.3104788557214,9.06140234690878,13.509052421358874,78.4390243902439,14.437810945273633,12.6895211442786,22.570454768267652,0.21228059086969103
תפ_7696-05-20,drugs,Hybrid-Full,76,18.0,42.0,22.156106519742885,44.52433425160697,7.6643579164511975,11.029110310366253,71.64473684210526,4.156106519742885,2.524334251606973,18.69346822681745,0.7481391725809244
תפ_13153-08-15,weapon,Hybrid-Full,22,9.0,36.0,11.763754045307442,31.17152103559871,3.8008263564303397,6.515081042606878,70.22727272727273,2.763754045307442,4.828478964401292,10.315907399037219,0.7188061848256024
תפ_41276-06-17,weapon,Hybrid-Full,68,10.0,30.0,17.64694104560623,39.62936596218021,7.209587882774325,9.642170569285591,66.1029411764706,7.64694104560623,9.62936596218021,16.851758452059915,0.41691944978375767
תפ_57914-10-13,weapon,Hybrid-Full,61,6.0,12.0,22.75634146341464,49.32926829268293,13.137153003417659,22.07930783455641,67.21311475409836,16.75634146341464,37.32926829268293,35.21646083797407,0.0
תפ_27929-03-19,weapon,Hybrid-Full,92,9.0,36.0,27.411745879340693,52.30884941590655,15.490880907951873,22.48985278433075,67.92391304347827,18.411745879340693,16.30884941590655,37.98073369228263,0.19830252330612594
תפ_41775-01-11,weapon,Hybrid-Full,9,5.0,18.0,11.347457627118644,31.25423728813559,5.0356751971665155,9.043106644167024,65.55555555555556,6.347457627118644,13.254237288135592,14.078781841333539,0.2533892834086508
תפ_35074-05-17,drugs,Hybrid-Full,102,6.0,24.0,9.287753568745304,23.0411720510894,8.575428045693048,13.064460303801454,65.24509803921569,3.2877535687453037,0.9588279489105993,21.639888349494502,0.764078804574672
תפ_40063-03-18,drugs,Hybrid-Full,86,6.0,24.0,9.102559414990859,22.359780621572213,7.490935571625009,11.236794424807098,63.604651162790695,3.102559414990859,1.640219378427787,18.727729996432107,0.7365122892545197
תפ_12743-08-22,weapon,Hybrid-Full,33,72.0,108.0,57.4745417515275,101.35193482688389,45.657144449714686,57.75484110668157,74.39393939393939,14.525458248472503,6.648065173116109,103.41198555639625,0.5809335698161879
תפ_13785-04-15,weapon,Hybrid-Full,10,10.0,36.0,19.152173913043477,42.44927536231884,7.225648759800049,8.392854103342914,69.0,9.152173913043477,6.4492753623188435,15.618502863142965,0.5192050022331398
תפ_30003-03-22,drugs,Hybrid-Full,41,30.0,60.0,29.366360367558922,57.32640831002797,11.46040437901894,18.68690653658861,61.048780487804876,0.6336396324410778,2.673591689972028,30.147310915607548,0.8920392300067818
תפ_6968-01-24,weapon,Hybrid-Full,56,30.0,42.0,20.193121693121693,40.85714285714286,6.534836006561531,8.053076481465114,67.5,9.806878306878307,1.1428571428571388,14.587912488026646,0.49787698653402906
תפ_19384-05-16,weapon,Hybrid-Full,75,40.0,60.0,35.7018975719241,74.15445827382167,19.99206064638883,80.57566878406904,65.34666666666666,4.2981024280759,14.154458273821675,100.56772943045786,0.5201214076495309
תפ_39998-08-15,weapon,Hybrid-Full,50,24.0,48.0,26.97913234486546,52.45689181768259,14.698857098427755,23.316980936647866,72.84,2.9791323448654587,4.456891817682589,38.01583803507562,0.7386916248552683
תפ_18557-10-21,weapon,Hybrid-Full,65,27.0,52.0,29.466711803204696,51.21462423832092,12.387472197975717,17.087010187852155,68.16923076923077,2.4667118032046957,0.7853757616790773,29.47448238582787,0.869916497404649
תפ_39808-05-23,weapon,Hybrid-Full,60,36.0,54.0,33.546298684549924,58.38663915398506,32.70702863639897,42.32216388082674,64.61666666666666,2.4537013154500755,4.386639153985058,75.02919251722571,0.7246277490499033
תפ_10180-01-24,weapon,Hybrid-Full,109,32.0,48.0,24.8980267696978,46.93210983855388,9.855337784925412,12.765335552517593,66.4862385321101,7.1019732303022,1.0678901614461225,22.620673337443005,0.6463564687611989
תפח_56363-07-20,weapon,Hybrid-Full,18,36.0,56.0,63.73388429752066,98.37190082644628,57.717917709246564,67.60497096194504,67.22222222222223,27.73388429752066,42.37190082644628,125.3228886711916,0.0
תפ_14553-12-23,drugs,Hybrid-Full,110,28.0,48.0,20.000000000000004,41.20518334087823,10.144982067851318,15.362280736319317,80.32727272727273,7.9999999999999964,6.794816659121771,25.507262804170637,0.47161369074565107
תפ_16540-08-21,drugs,Hybrid-Full,91,48.0,84.0,19.82553659878921,41.847184002935236,10.969697313392286,19.696078671512666,59.9010989010989,28.17446340121079,42.152815997064764,30.665775984904954,0.0
תפ_35364-01-18,weapon,Hybrid-Full,52,42.0,72.0,47.64628820960699,78.75354803493451,52.717624462736204,68.76779758874862,70.46153846153847,5.646288209606993,6.753548034934511,121.48542205148482,0.6626220621542341
תפ_52390-06-19,weapon,Hybrid-Full,59,30.0,60.0,33.016,59.763393939393936,17.10422282302753,24.691372778500426,69.91525423728814,3.0159999999999982,0.23660606060606426,41.79559560152796,0.8915797979797979
תפ_54607-07-19,weapon,Hybrid-Full,5,20.0,30.0,17.400000000000002,36.400000000000006,3.5552777669262356,7.310266752998826,65.0,2.599999999999998,6.400000000000006,10.865544519925063,0.5263157894736841
תפ_59967-01-13,weapon,Hybrid-Full,6,10.0,24.0,9.346153846153847,25.769230769230766,2.134374745810949,7.06320670013903,65.0,0.6538461538461533,1.7692307692307665,9.197581445949979,0.8524590163934428
תפ_21459-01-16,weapon,Hybrid-Full,10,20.0,40.0,11.977941176470587,29.0735294117647,6.102458520956943,10.499523798725349,68.0,8.022058823529413,10.9264705882353,16.601982319682293,0.32379952768302256
תפ_23872-02-19,weapon,Hybrid-Full,78,18.0,36.0,24.034983750716883,48.47294972280635,14.048199409190069,22.23343076960868,67.06410256410257,6.034983750716883,12.472949722806348,36.28163017879875,0.39264384833504795
תפ_45965-07-16,weapon,Hybrid-Full,3,6.0,18.0,22.769230769230766,46.358974358974365,4.109609335312651,7.118052168020874,65.0,16.769230769230766,28.358974358974365,11.227661503333525,0.0
תפ_50986-12-16,weapon,Hybrid-Full,59,15.0,42.0,26.194954690178793,63.54788145971102,15.758665418289219,90.34187994210501,69.20338983050847,11.194954690178793,21.54788145971102,106.10054536039422,0.32555581901009456
תפ_9111-02-15,weapon,Hybrid-Full,28,10.0,36.0,15.93304767005892,37.10765934654526,5.466386150924613,6.998542122237652,66.67857142857143,5.9330476700589205,1.1076593465452618,12.464928273162265,0.7402687215965223
תפ_16161-04-21,weapon,Hybrid-Full,78,60.0,96.0,38.68819252077562,67.36495844875346,19.12790008005885,25.410971166433246,74.05128205128206,21.311807479224377,28.635041551246545,44.53887124649209,0.12850682560348956
תפ_58505-11-19,drugs,Hybrid-Full,8,20.0,40.0,30.6130198915009,61.23327305605786,14.486523910172515,22.426268080088583,69.125,10.613019891500901,21.23327305605786,36.9127919902611,0.2276554688185248
תפ_42991-05-16,weapon,Hybrid-Full,17,10.0,24.0,10.302222222222222,27.14666666666666,3.560646105981543,7.064703433412907,66.17647058823529,0.3022222222222215,3.146666666666661,10.625349539394449,0.7988595127008816
תפ_55664-02-14,weapon,Hybrid-Full,64,12.0,36.0,16.31703056768559,37.93755458515284,6.580759567434066,8.870803915619767,71.5625,4.317030567685588,1.9375545851528386,15.451563483053834,0.7588598750778659
תפ_16779-09-22,weapon,Hybrid-Full,51,14.0,34.0,23.45294753921038,46.683612763656036,16.254558997304336,23.19732978574848,72.50980392156863,9.452947539210381,12.683612763656036,39.451888783052816,0.32270154884829233
תפ_17860-01-19,weapon,Hybrid-Full,45,12.0,36.0,15.453175112251445,35.94451571520205,4.616984211568905,6.5810802520521365,69.28888888888889,3.4531751122514454,0.055484284797948646,11.19806446362104,0.8538058584562753
תפ_21813-09-16,weapon,Hybrid-Full,39,8.0,24.0,11.499105545617173,29.36314847942755,4.749338166287117,8.10418678980176,71.66666666666667,3.499105545617173,5.363148479427551,12.853524956088878,0.585161614469938
תפ_35397-07-21,weapon,Hybrid-Full,25,12.0,30.0,26.076255424674518,47.62988220706757,8.548590527098606,13.090698988212967,64.52,14.076255424674518,17.629882207067567,21.639289515311575,0.11012510657549034
תפ_4102-11-20,weapon,Hybrid-Full,16,24.0,54.0,16.161259541984734,39.770992366412216,7.485141531728041,13.074306864992883,65.5,7.838740458015266,14.229007633587784,20.559448396720924,0.41679485562980717
תפ_38883-05-22,weapon,Hybrid-Full,66,18.0,36.0,26.990072799470553,49.27663798808735,14.623692677004614,20.59162261568379,68.68181818181819,8.990072799470553,13.276637988087352,35.2153152926884,0.2880721132482701
תפ_52322-10-23,weapon,Hybrid-Full,83,28.0,48.0,33.78907048008172,58.441266598569975,19.76454522083233,26.37111890542369,70.7710843373494,5.789070480081719,10.441266598569975,46.13566412625602,0.4668310851620695
תפ_46315-12-23,drugs,Hybrid-Full,24,30.0,46.0,25.370604781997187,52.10829817158932,11.26873440098754,18.64507680029473,59.25,4.629395218002813,6.108298171589318,29.91381120128227,0.5984061439730674
תפ_5649-09-21,drugs,Hybrid-Full,34,36.0,72.0,24.15204957102002,48.208293612964724,14.53420378227769,22.19403657552116,61.705882352941174,11.847950428979981,23.791706387035276,36.72824035779885,0.25514768142650784
תפ_15387-01-21,weapon,Hybrid-Full,20,12.0,30.0,17.55677368833203,39.804228660924046,5.083306010855534,7.030469401113982,63.85,5.556773688332029,9.804228660924046,12.113775411969517,0.44752999493043416
תפ_61106-05-20,weapon,Hybrid-Full,72,16.0,36.0,16.51165167620605,37.59137367130008,7.117835362447882,8.816272395441128,67.94444444444444,0.5116516762060499,1.591373671300083,15.93410775788901,0.9025988165680473
תפ_5275-07-21,weapon,Hybrid-Full,33,108.0,156.0,51.20329915292019,86.47035220686581,23.622645591818404,31.615138589961024,67.96969696969697,56.79670084707981,69.52964779313419,55.23778418177943,0.0
תפ_28991-04-22,weapon,Hybrid-Full,43,32.0,48.0,26.17935349322211,44.86305179005909,8.389516752869254,9.228896233546129,66.90697674418605,5.820646506777891,3.136948209940911,17.618412986415382,0.5894899487081462
תפ_60842-12-14,drugs,Hybrid-Full,90,48.0,108.0,21.59368871456588,44.340880727402386,11.711574943376359,20.241126694839476,62.32222222222222,26.40631128543412,63.659119272597614,31.952701638215835,0.0
תפ_49293-04-21,drugs,Hybrid-Full,31,15.0,30.0,24.978891820580465,50.78891820580474,10.27813010117555,16.45205565501632,61.12903225806452,9.978891820580465,20.78891820580474,26.730185756191872,0.14029784724270158
תפ_18203-04-19,drugs,Hybrid-Full,11,15.0,36.0,21.36476043276662,42.53941267387944,9.648363026488436,15.968460650206397,58.81818181818182,6.364760432766619,6.53941267387944,25.616823676694835,0.5314288921315523
תפ_7027-07-19,drugs,Hybrid-Full,116,24.0,50.0,14.204351535836173,31.575511945392485,10.989979626903873,17.702109197371705,60.62068965517241,9.795648464163827,18.424488054607515,28.69208882427558,0.21163220308682418
תפ_19908-10-21,drugs,Hybrid-Full,14,24.0,54.0,26.73652694610778,51.077844311377234,13.439964771576765,17.523890398364102,59.642857142857146,2.73652694610778,2.922155688622766,30.963855169940867,0.8113772455089818
תפ_54337-05-21,weapon,Hybrid-Full,46,54.0,90.0,42.86628278950738,75.1839411388356,19.783576182744362,28.104853632986046,67.95652173913044,11.13371721049262,14.816058861164393,47.888429815730404,0.44944346409664815
תפ_1178-06-21,weapon,Hybrid-Full,45,20.0,42.0,22.727272727272723,42.730462519936204,7.088645067210582,9.956349174717051,69.66666666666667,2.727272727272723,0.7304625199362036,17.044994241927633,0.8478809991580131
תפ_46916-07-22,weapon,Hybrid-Full,8,28.0,52.0,19.932692307692307,37.5,7.466592261534039,12.666392540893401,65.0,8.067307692307693,14.5,20.13298480242744,0.2962518740629685
תפ_2144-04-21,weapon,Hybrid-Full,42,12.0,30.0,12.754125412541251,29.663366336633658,5.468161816441943,8.524341563603052,72.14285714285714,0.7541254125412511,0.33663366336634226,13.992503380044994,0.9394022735606894
תפ_54202-01-23,weapon,Hybrid-Full,81,20.0,50.0,32.707153502235464,59.851900149031295,16.99983413494849,24.130614200341412,66.27160493827161,12.707153502235464,9.851900149031295,41.1304483352899,0.43392777842701896
תפ_15710-09-21,weapon,Hybrid-Full,26,19.0,42.0,20.667673716012082,40.830815709969784,6.13904469950213,9.297196879838847,63.65384615384615,1.6676737160120823,1.1691842900302163,15.436241579340976,0.8766583475633783
תפ_1057-05-15,drugs,Hybrid-Full,46,18.0,42.0,22.22091003820771,44.08509899270579,12.859573089251727,21.43999627923676,62.58695652173913,4.220910038207709,2.085098992705788,34.299569368488484,0.7582524401123855
תפ_66982-09-16,drugs,Hybrid-Full,71,3.0,5.0,9.340774487471531,22.579271070615043,9.374040981167292,14.05118593660177,61.83098591549296,6.340774487471531,17.579271070615043,23.425226917769063,0.0
תפ_54732-03-18,drugs,Hybrid-Full,5,14.0,32.0,9.096153846153847,22.615384615384617,8.138795979750322,13.46996659238619,62.4,4.903846153846153,9.384615384615383,21.608762572136513,0.3761544920235097
תפ_30015-07-16,weapon,Hybrid-Full,25,24.0,42.0,29.856709168184572,57.04310868245294,18.621020380204733,29.366647748764244,65.88,5.856709168184572,15.043108682452939,47.98766812896898,0.3674984381316382
תפ_45597-11-14,weapon,Hybrid-Full,43,20.0,40.0,23.97075208913649,47.87325905292479,10.749772030233995,16.21075366362983,66.79069767441861,3.9707520891364894,7.873259052924787,26.960525693863826,0.5750762004696948
תפ_1118-10-18,weapon,Hybrid-Full,17,9.0,36.0,26.14828209764919,53.76130198915008,16.05677642629903,18.755760360827892,65.05882352941177,17.14828209764919,17.761301989150077,34.81253678712692,0.22009453399587928
תפ_2058-09-17,weapon,Hybrid-Full,15,30.0,60.0,106.23000000000002,162.78000000000003,72.65259802649868,90.84844522610169,66.66666666666667,76.23000000000002,102.78000000000003,163.50104325260037,0.0
תפ_7074-11-23,weapon,Hybrid-Full,20,16.0,32.0,17.269938650306745,37.79959100204499,6.422421661647575,10.237187113655782,73.35,1.2699386503067451,5.799591002044991,16.659608775303358,0.6757035647279551
תפ_12834-03-18,drugs,Hybrid-Full,53,28.0,52.0,25.067183462532302,47.96841803043354,7.835574415133477,10.33838306851425,65.71698113207547,2.9328165374676978,4.03158196956646,18.173957483647726,0.7414158858080956
תפ_16097-08-21,drugs,Hybrid-Full,78,22.0,46.0,23.520839718050873,46.583052405761556,8.10187436207386,11.423760375536846,83.66666666666667,1.5208397180508726,0.5830524057615563,19.525634737610705,0.9144169695005272
תפ_2211-11-19,drugs,Hybrid-Full,74,24.0,48.0,22.171858952413558,44.24426566244437,8.870476552767167,12.718944475686754,78.94594594594595,1.828141047586442,3.75573433755563,21.58942102845392,0.783806531997243
תפ_59804-01-17,drugs,Hybrid-Full,5,12.0,36.0,18.888888888888886,42.88888888888889,7.11055553385247,7.11055553385247,63.0,6.888888888888886,6.888888888888893,14.22111106770494,0.5539568345323741
תפ_46638-05-22,weapon,Hybrid-Full,38,18.0,40.0,35.90662323561347,63.24357582338039,32.375052808008355,38.521426206830796,72.71052631578948,17.906623235613473,23.24357582338039,70.89647901483914,0.09047420965058213
תפ_67356-12-21,weapon,Hybrid-Full,5,30.0,42.0,23.223880597014922,46.149253731343286,11.496086290559932,16.73320053068151,67.0,6.776119402985078,4.149253731343286,28.229286821241445,0.5234374999999999
תפ_23075-10-23,weapon,Hybrid-Full,7,30.0,42.0,23.784140969162998,51.78854625550662,11.24858267715973,21.64273927360643,64.85714285714286,6.215859030837002,9.788546255506617,32.89132195076616,0.4285040113260971
תפ_66893-12-21,weapon,Hybrid-Full,106,30.0,42.0,21.26497563771854,42.97377472055029,9.02695619000379,12.199207585631829,65.83018867924528,8.735024362281461,0.9737747205502885,21.22616377563562,0.5527712497689526
תפ_12615-11-21,weapon,Hybrid-Full,42,20.0,40.0,15.166666666666668,33.393617021276604,3.9653402000956146,5.5024216478683,67.14285714285714,4.833333333333332,6.606382978723396,9.467761847963915,0.5393402827359707
תפ_13471-01-22,weapon,Hybrid-Full,27,13.0,36.0,14.359693877551024,32.33673469387756,2.9345863391911564,5.1735318785879185,72.5925925925926,1.3596938775510239,3.6632653061224403,8.108118217779076,0.7816104702750668
תפ_33009-05-16,weapon,Hybrid-Full,6,24.0,60.0,18.52088452088452,43.420147420147416,8.137703743822469,20.047166605006527,67.83333333333333,5.479115479115482,16.579852579852584,28.184870348828994,0.4681909726335741
תפ_41754-05-22,weapon,Hybrid-Full,37,26.0,48.0,31.837267080745338,57.28778467908902,16.856546805239333,22.06822544160969,65.27027027027027,5.837267080745338,9.287784679089022,38.924772246849024,0.5165828480677609
תפ_13373-10-23,drugs,Hybrid-Full,108,18.0,48.0,17.036579646709402,36.36954822573082,11.182590298707707,19.65587867609821,59.23148148148148,0.9634203532905978,11.630451774269183,30.83846897480592,0.5932661190571157
תפ_20538-11-17,drugs,Hybrid-Full,47,18.0,36.0,13.863345195729535,32.045195729537355,11.596466891427127,20.562131882221607,59.787234042553195,4.136654804270465,3.9548042704626454,32.158598773648734,0.6344768825155933
תפ_14615-05-21,drugs,Hybrid-Full,17,11.0,27.0,9.581092801387685,24.693842150910672,6.728033589850691,10.444448534523563,67.82352941176471,1.418907198612315,2.3061578490893275,17.172482124374255,0.786148177653854
תפ_34668-04-22,drugs,Hybrid-Full,25,9.0,27.0,14.831387808041505,33.697795071335925,10.00399920031984,15.402649122797026,61.68,5.831387808041505,6.697795071335925,25.406648323116865,0.4927003466022477
תפ_26565-12-20,weapon,Hybrid-Full,53,20.0,40.0,17.2762399077278,39.663206459054216,7.425481226756567,10.343065120360388,65.43396226415095,2.723760092272201,0.3367935409457843,17.768546347116953,0.8653148237443853
תפ_51828-02-14,weapon,Hybrid-Full,23,12.0,28.0,20.215447154471544,43.177506775067755,10.018697076731678,14.225831825074831,64.17391304347827,8.215447154471544,15.177506775067755,24.24452890180651,0.24968490590638445
תפ_18957-11-20,weapon,Hybrid-Full,29,12.0,30.0,11.112860892388452,29.217847769028882,3.68530197595575,6.714139338963722,65.6896551724138,0.8871391076115476,0.7821522309711177,10.399441314919471,0.9116175653140641
תפ_23537-02-14,weapon,Hybrid-Full,16,6.0,24.0,52.238475177304956,84.96542553191489,56.84903253354449,72.20908768119149,70.5,46.238475177304956,60.96542553191489,129.058120214736,0.0
תפ_17023-12-18,drugs,Hybrid-Full,44,10.0,24.0,7.310381733856584,21.180164109882277,7.104590530887073,11.503929440064532,63.70454545454545,2.689618266143416,2.819835890117723,18.608519970951605,0.6698873474273749
תפ_49401-08-15,drugs,Hybrid-Full,70,6.0,24.0,8.891506375621352,23.268856710611626,5.35455175432976,8.56933307718606,66.1,2.8915063756213524,0.731143289388374,13.92388483151582,0.7987416852772374
תפ_24215-06-13,weapon,Hybrid-Full,49,24.0,48.0,28.73541543901002,56.09015910430171,14.417294903570728,22.843727841742947,69.26530612244898,4.735415439010019,8.090159104301712,37.261022745313674,0.6003268633968084
תפ_48057-03-21,weapon,Hybrid-Full,41,16.0,40.0,29.0015088645794,56.63296869105998,20.232732739858605,29.45832616373218,64.65853658536585,13.0015088645794,16.63296869105998,49.691058903590786,0.27067899515401334
תפ_57283-05-21,weapon,Hybrid-Full,6,48.0,96.0,57.745635910224436,95.24189526184539,38.51695153507811,54.606674398729766,66.83333333333333,9.745635910224436,0.7581047381546142,93.12362593380787,0.7811720698254364
תפח_34398-05-11,weapon,Hybrid-Full,3,36.0,84.0,97.67441860465115,137.3023255813953,19.595917942265423,14.966629547095765,71.66666666666667,61.67441860465115,53.30232558139531,34.56254748936119,0.0
תפ_13270-02-20,weapon,Hybrid-Full,8,12.0,24.0,34.4582560296846,65.23191094619666,28.647643882176418,36.447736555237555,67.375,22.4582560296846,41.23191094619666,65.09538043741398,0.0
תפ_31218-10-14,weapon,Hybrid-Full,17,8.0,20.0,15.07773851590106,34.918727915194346,5.6384738665043574,8.973625329658768,66.58823529411765,7.077738515901061,14.918727915194346,14.612099196163125,0.18285639275400367
תפ_10182-01-24,weapon,Hybrid-Full,59,24.0,36.0,26.804517133956384,48.05529595015576,8.968456324698925,12.183741244126155,65.28813559322033,2.8045171339563844,12.05529595015576,21.15219756882508,0.38226438307378524
תפ_33666-05-15,drugs,Hybrid-Full,71,36.0,60.0,21.356900835780444,44.095550033883,12.110006256703313,20.566949333335366,62.352112676056336,14.643099164219556,15.904449966117,32.67695559003868,0.20949536162924629
תפ_42697-05-18,weapon,Hybrid-Full,47,18.0,24.0,18.310793237971392,39.3146944083225,8.432299023253654,9.088020858946088,65.44680851063829,0.31079323797139224,15.314694408322502,17.520319882199743,0.2669147703007747
תפ_6153-02-21,weapon,Hybrid-Full,143,36.0,70.0,22.863807926189978,46.956699517718604,14.373308922764172,20.456896643304184,66.6993006993007,13.136192073810022,23.043300482281396,34.83020556606836,0.23244770176940968
תפ_69980-11-20,weapon,Hybrid-Full,13,18.0,36.0,13.40909090909091,31.73863636363637,3.2708140962260464,5.572544700392256,67.6923076923077,4.59090909090909,4.26136363636363,8.843358796618302,0.6081488933601613
תפ_15744-02-20,drugs,Hybrid-Full,5,30.0,54.0,16.393939393939394,39.21212121212121,4.454211490264017,4.664761515876241,66.0,13.606060606060606,14.787878787878789,9.118973006140259,0.24496373892022558
תפ_8254-02-20,weapon,Hybrid-Full,29,12.0,36.0,14.188481675392671,33.90052356020943,4.488060525110054,6.213023795616667,65.86206896551724,2.188481675392671,2.099476439790571,10.701084320726721,0.8213350785340315
תפ_1294-04-22,weapon,Hybrid-Full,121,20.0,36.0,23.65172540832617,45.85435343239592,14.033471554999515,18.493153369163796,67.29752066115702,3.6517254083261683,9.854353432395918,32.526624924163315,0.4776091045541772
תפ_61820-08-21,drugs,Hybrid-Full,13,15.0,36.0,14.857142857142854,30.090909090909083,11.82865840927506,13.470107162983096,59.23076923076923,0.1428571428571459,5.909090909090917,25.298765572258155,0.7137592137592133
תפח_17865-11-21,weapon,Hybrid-Full,46,84.0,132.0,61.537790697674424,100.78895348837209,48.54931427758992,61.00260306200271,74.78260869565217,22.462209302325576,31.211046511627913,109.55191733959263,0.2382689054828994
תפ_23749-12-19,weapon,Hybrid-Full,107,30.0,54.0,29.81217438990951,55.57526734302165,19.03744511572378,25.87749042000775,68.16822429906541,0.18782561009048848,1.5752673430216504,44.91493553573153,0.9315651674152283
תפ_74740-06-20,drugs,Hybrid-Full,4,50.0,75.0,41.44230769230769,60.38461538461538,2.165063509461097,3.5355339059327378,65.0,8.557692307692307,14.61538461538462,5.700597415393835,0.30945558739255
תפ_18397-02-16,weapon,Hybrid-Full,74,12.0,36.0,14.858305873231247,37.10079472766039,4.482169854362963,7.147013556426819,69.71621621621621,2.858305873231247,1.1007947276603929,11.629183410789782,0.8422719023900539
תפ_1641-04-19,weapon,Hybrid-Full,50,15.0,36.0,20.112779740871613,42.033568904593636,9.672641831474998,13.078241472002267,67.92,5.112779740871613,6.033568904593636,22.750883303477266,0.587684900769013
תפ_40892-01-24,drugs,Hybrid-Full,72,20.0,42.0,18.18814781433078,37.813204146011714,11.55721642711643,19.96729096130302,61.638888888888886,1.8118521856692205,4.186795853988286,31.52450738841945,0.7480814179055044
תפ_6659-02-21,drugs,Hybrid-Full,81,15.0,36.0,16.091194474964688,34.81415790299797,10.251360034826286,16.389529410189184,78.65432098765432,1.0911944749646878,1.1858420970020305,26.640889445015468,0.8915696870492039
תפ_51663-11-23,weapon,Hybrid-Full,34,15.0,36.0,14.474895397489538,32.94979079497908,4.77857458731212,7.471514532661012,70.29411764705883,0.5251046025104618,3.05020920502092,12.250089119973133,0.8339002818544077
תפ_11739-03-21,drugs,Hybrid-Full,19,48.0,96.0,31.019557823129244,58.532312925170054,11.421658970079998,19.13764111585397,61.89473684210526,16.980442176870756,37.467687074829946,30.55930008593397,0.1620843529581112
תפ_26792-04-16,drugs,Hybrid-Full,110,36.0,60.0,20.774731101348287,42.97257991213453,10.606114718476677,17.190428338068863,60.00909090909091,15.225268898651713,17.027420087865472,27.796543056545538,0.17775735152128416
תפ_23513-03-14,weapon,Hybrid-Full,3,12.0,42.0,14.454545454545451,30.999999999999993,9.285592184789412,16.67999467092907,73.33333333333333,2.4545454545454515,11.000000000000007,25.96558685571848,0.5515151515151513
תפ_17766-12-20,weapon,Hybrid-Full,59,18.0,36.0,25.468646864686473,50.36659050520438,14.403269761876336,20.06035134448919,66.76271186440678,7.468646864686473,14.366590505204378,34.46362110636553,0.3253772785743417
תפ_41967-08-17,weapon,Hybrid-Full,5,12.0,24.0,23.850746268656717,52.17910447761194,13.35065541462291,21.637005338077635,67.0,11.850746268656717,28.179104477611943,34.98766075270055,0.0037147102526002744
תפ_31419-11-20,drugs,Hybrid-Full,104,28.0,50.0,21.17147157577863,42.73544054648605,8.82522608121828,13.176992680223911,83.04807692307692,6.828528424221371,7.264559453513947,22.002218761442194,0.5111409201902071
תפ_4488-05-22,drugs,Hybrid-Full,34,48.0,96.0,31.716272600834504,59.544738062123336,20.149634871806686,28.130934591101983,63.44117647058823,16.283727399165496,36.455261937876664,48.28056946290867,0.17959036492139074
תפ_1136-11-21,drugs,Hybrid-Full,34,35.0,60.0,19.525940996948115,41.22126144455747,10.332072885138114,20.24890530596569,57.8235294117647,15.474059003051885,18.77873855544253,30.580978191103803,0.1537098476851152
תפ_45456-12-21,weapon,Hybrid-Full,56,72.0,120.0,36.86779568423928,73.23845943731222,20.53543478070657,91.80290972890714,65.375,35.13220431576072,46.761540562687784,112.3383445096137,0.014897469007415946
תפ_18846-06-20,drugs,Hybrid-Full,24,12.0,28.0,8.76978417266187,24.420863309352516,10.513136623608897,20.921812116119916,57.916666666666664,3.23021582733813,3.579136690647484,31.434948739728814,0.6459034792368125
תפ_47757-02-18,drugs,Hybrid-Full,39,36.0,60.0,21.16281026503997,42.29490954985276,9.869630132282591,15.704788065390431,60.94871794871795,14.837189734960031,17.70509045014724,25.574418197673022,0.1620845790545519
תפ_20733-12-22,weapon,Hybrid-Full,27,54.0,90.0,42.612027674294836,76.77009047365618,28.980812913836225,37.47617441567401,69.5925925925926,11.387972325705164,13.229909526343818,66.45698732951024,0.48050358257900727
תפ_4459-03-24,weapon,Hybrid-Full,9,18.0,30.0,13.525862068965516,31.67241379310345,4.642796092394707,7.944250191875324,64.44444444444444,4.474137931034484,1.6724137931034484,12.58704628427003,0.6612826603325416
תפ_26552-06-23,weapon,Hybrid-Full,66,22.0,44.0,20.206666666666667,40.416129032258056,6.736412028343475,7.037173367132697,70.45454545454545,1.793333333333333,3.5838709677419445,13.773585395476172,0.7740037418993299
תפ_20451-09-20,weapon,Hybrid-Full,74,18.0,40.0,16.490308544303797,38.031052215189874,5.5219199295006005,7.290199250584399,68.32432432432432,1.5096914556962027,1.9689477848101262,12.812119180084999,0.8520338198796955
תפ_13281-07-13,weapon,Hybrid-Full,21,12.0,24.0,20.044920525224605,74.14098134070491,13.878644748149995,146.8625778748465,68.9047619047619,8.044920525224605,50.14098134070491,160.74122262299647,0.06364687826686533
תפ_40932-03-18,weapon,Hybrid-Full,92,30.0,60.0,34.91568804576934,63.71755495332731,19.258842149651144,27.412095284087535,72.19565217391305,4.915688045769343,3.7175549533273085,46.67093743373868,0.7439540615846254
תפ_61452-02-16,weapon,Hybrid-Full,12,24.0,60.0,32.09424083769633,56.68324607329841,27.481306777921283,32.776600732161896,63.666666666666664,8.094240837696333,3.316753926701587,60.25790751008318,0.6830279232111689
תפ_35473-12-21,weapon,Hybrid-Full,73,24.0,45.0,33.14545091779729,56.210694333599356,13.379614117569767,19.444798955446014,68.65753424657534,9.145450917797291,11.210694333599356,32.82441307301578,0.3680314667988106
תפ_64581-08-23,weapon,Hybrid-Full,75,30.0,60.0,23.30496453900709,43.466058763931095,9.244779908443226,10.497407087255192,65.8,6.695035460992909,16.533941236068905,19.742186995698418,0.366972223756143
תפ_40118-06-21,weapon,Hybrid-Full,7,20.0,40.0,32.55460385438972,61.02141327623126,25.491895470793803,31.171022650231166,66.71428571428571,12.554603854389718,21.021413276231257,56.66291812102497,0.18150023490108066
תפ_31216-01-22,weapon,Hybrid-Full,35,28.0,48.0,30.537732271520664,59.69055745164959,19.141492488671762,26.202601522188825,75.34285714285714,2.537732271520664,11.690557451649589,45.34409401086059,0.551024315527475
תפ_17707-04-14,weapon,Hybrid-Full,67,36.0,60.0,32.911048890803364,61.552875296144734,16.339868790667666,25.573894087729883,69.29850746268657,3.0889511091966355,1.5528752961447339,41.91376287839755,0.8379353907236963
תפ_3295-04-18,weapon,Hybrid-Full,58,18.0,36.0,16.148673496191225,38.02863146834778,6.010914567334219,8.820595966178994,65.63793103448276,1.8513265038087745,2.0286314683477826,14.831510533513214,0.8226706844184063
תפ_47987-12-22,drugs,Hybrid-Full,14,30.0,60.0,27.67411764705882,57.17058823529412,13.02587691434842,20.861667806612907,60.714285714285715,2.3258823529411785,2.829411764705881,33.88754472096133,0.8405211631546384
תפ_51886-02-24,drugs,Hybrid-Full,25,40.0,65.0,45.17604790419162,79.71616766467066,15.334979621766701,21.006665608801413,66.8,5.17604790419162,14.716167664670664,36.34164523056811,0.49914060850948333
תפ_56762-03-21,weapon,Hybrid-Full,13,20.0,30.0,15.976470588235292,36.517647058823535,4.912247704950647,7.352494243291397,65.38461538461539,4.023529411764708,6.517647058823535,12.264741948242044,0.4868270332187857
תפ_43597-08-21,weapon,Hybrid-Full,80,18.0,36.0,17.409426987060996,39.44029574861367,6.234931836034778,8.495357187899753,67.625,0.5905730129390037,3.4402957486136714,14.730289023934532,0.8170354149361929
תפ_22588-03-22,weapon,Hybrid-Full,33,15.0,30.0,15.912162162162163,34.60360360360361,5.407541582713784,7.587627065240845,67.27272727272727,0.9121621621621632,4.603603603603609,12.995168647954628,0.7186351102941174
תפ_34027-04-18,weapon,Hybrid-Full,78,24.0,48.0,31.910552420044475,60.03215324097828,16.413326035020656,24.993200916343376,74.96153846153847,7.910552420044475,12.032153240978282,41.40652695136403,0.4465302828934875
תפ_60765-03-22,weapon,Hybrid-Full,69,30.0,42.0,33.06174549772413,59.242034434989115,17.0451542112002,22.67154956857536,73.23188405797102,3.0617454977241323,17.242034434989115,39.71670377977556,0.30566459122901973
תפ_54432-02-17,weapon,Hybrid-Full,72,10.0,30.0,15.037255700325733,36.70948697068404,5.722609884387445,7.88535474436277,68.22222222222223,5.037255700325733,6.70948697068404,13.607964628750215,0.5602033583084979
תפ_74742-06-20,drugs,Hybrid-Full,8,45.0,65.0,35.78066914498141,57.57434944237917,14.730919862656235,21.660736367907717,67.25,9.21933085501859,7.425650557620827,36.39165623056395,0.4303435114503813
תפ_26702-01-23,weapon,Hybrid-Full,64,60.0,96.0,44.48261056247317,73.84628595963933,32.98352749384911,42.67024724559256,72.78125,15.51738943752683,22.15371404036067,75.65377473944167,0.26876916922256305
תפח_54962-08-15,weapon,Hybrid-Full,8,120.0,168.0,65.62745098039215,119.62745098039215,52.96933074902873,67.46665843214706,76.5,54.372549019607845,48.372549019607845,120.43598918117578,0.0
תפ_40536-10-20,weapon,Hybrid-Full,53,16.0,40.0,16.872801082543983,37.83491204330176,5.372887913245714,7.171648225467206,69.71698113207547,0.8728010825439831,2.165087956698237,12.544536138712921,0.8734212900315742
תפ_23282-05-17,drugs,Hybrid-Full,45,8.0,20.0,13.502321981424148,29.631191950464395,11.054611908359535,17.49488814228634,57.422222222222224,5.5023219814241475,9.631191950464395,28.549500050645875,0.30038464978978446
תפ_32174-07-20,drugs,Hybrid-Full,99,12.0,36.0,16.21976919217261,35.40303562468642,9.391473554938482,14.683373905129327,80.52525252525253,4.21976919217261,0.5969643753135827,24.074847460067808,0.7993027680214086
תפ_20770-11-22,weapon,Hybrid-Full,40,20.0,30.0,13.280483708431305,31.381256298286868,5.384642513667923,8.006872048434394,74.425,6.719516291568695,1.3812562982868677,13.391514562102316,0.5524626062428087
תפ_950-09-17,weapon,Hybrid-Full,5,9.0,36.0,11.484375000000002,33.56250000000001,4.715930449020639,4.8,64.0,2.4843750000000018,2.437499999999993,9.515930449020638,0.8177083333333336
תפ_70062-03-23,weapon,Hybrid-Full,79,40.0,70.0,39.27598209845848,68.76595392010609,19.948499627737743,26.74027788083077,76.36708860759494,0.7240179015415222,1.2340460798939148,46.68877750856851,0.9362692735139568
תפ_7196-03-21,weapon,Hybrid-Full,71,72.0,120.0,44.098744613078516,76.05639872587597,20.284281915777115,28.349408293737607,75.16901408450704,27.901255386921484,43.943601274124035,48.633690209514725,0.05344310453361647
תפ_1106-03-18,weapon,Hybrid-Full,17,13.0,36.0,16.772093023255817,39.42325581395349,5.2527797880484295,7.154256844946245,63.23529411764706,3.7720930232558167,3.4232558139534888,12.407036632994675,0.7276887871853546
תפ_9785-12-15,weapon,Hybrid-Full,47,16.0,40.0,15.382597568777992,37.07421625079976,5.425156432564028,8.5119147978867,66.51063829787235,0.6174024312220077,2.9257837492002423,13.937071230450726,0.8560698599163142
תפ_52091-02-20,weapon,Hybrid-Full,16,18.0,36.0,15.543186180422266,35.72360844529751,4.650268809434569,5.782516753110189,65.125,2.456813819577734,0.2763915547024922,10.432785562544758,0.8663914430474764
תפ_7108-02-16,weapon,Hybrid-Full,65,20.0,42.0,26.205913863295482,51.78958645811014,13.21922573353231,20.59083498081369,71.8,6.205913863295482,9.789586458110143,33.810060714346,0.49683207290276465
תפ_66542-05-20,weapon,Hybrid-Full,7,8.0,24.0,23.19838056680162,48.10931174089068,9.981615754036241,18.325848812370943,70.57142857142857,15.198380566801621,24.109311740890682,28.307464566407184,0.019985868577773257
תפ_28615-08-17,weapon,Hybrid-Full,75,16.0,40.0,16.330722891566264,38.434136546184746,6.373193861793316,9.419129471453294,66.4,0.3307228915662641,1.565863453815254,15.79232333324661,0.9209755689424367
תפ_44422-01-17,drugs,Hybrid-Full,21,6.0,18.0,8.713281249999998,23.213281249999994,5.082984821330627,9.126473415662959,60.95238095238095,2.713281249999998,5.213281249999994,14.209458236993587,0.5395089184405213
תפ_45012-03-20,drugs,Hybrid-Full,101,29.0,54.0,22.02764761012184,43.73289597000937,8.703775630408208,13.335402414369842,84.51485148514851,6.972352389878161,10.267104029990627,22.039178044778048,0.4608011256210703
תפ_9355-10-19,weapon,Hybrid-Full,22,20.0,46.0,20.688873626373624,45.44642857142857,6.4361132462852355,9.014795001863318,66.18181818181819,0.6888736263736241,0.5535714285714306,15.450908248148554,0.9522136517328825
תפ_41052-11-19,weapon,Hybrid-Full,44,12.0,30.0,33.76717693129227,59.234959060163746,17.944070592301166,23.984272997939076,63.84090909090909,21.76717693129227,29.234959060163746,41.928343590240246,0.0
תפ_45971-11-13,weapon,Hybrid-Full,45,15.0,35.0,36.615843553198545,66.17368246602587,48.856383133010425,64.27462683144094,67.04444444444445,21.615843553198545,31.173682466025866,113.13100996445137,0.0
תפ_59970-03-19,drugs,Hybrid-Full,32,9.0,24.0,7.533941236068897,18.914893617021278,3.488821434238216,5.003026427823463,61.6875,1.4660587639311027,5.085106382978722,8.491847862061679,0.60214127492001
תפ_71830-10-21,drugs,Hybrid-Full,30,8.0,20.0,6.9784824462061135,19.50226500566251,3.141125063837266,5.518051185780075,58.86666666666667,1.0215175537938865,0.49773499433748825,8.65917624961734,0.8833275352235168
תפ_3451-02-14,weapon,Hybrid-Full,72,12.0,36.0,15.651313131313131,37.58989898989899,5.92388383506615,8.5547889266917,68.75,3.651313131313131,1.589898989898991,14.47867276175785,0.7951843372542827
תפ_58511-01-20,weapon,Hybrid-Full,29,16.0,36.0,20.495007882291123,43.39674198633737,8.543099098784515,10.755967842693464,65.62068965517241,4.495007882291123,7.396741986337368,19.299066941477978,0.5659429185207915
תפ_29898-02-14,weapon,Hybrid-Full,31,8.0,18.0,10.671140939597315,28.07606263982102,3.719342248810631,7.805651785205605,72.09677419354838,2.671140939597315,10.076062639821021,11.524994034016235,0.36505460218408753
תפ_15423-12-19,weapon,Hybrid-Full,16,24.0,54.0,21.43619047619048,46.05714285714286,8.26111940054131,20.754141153032567,65.625,2.563809523809521,7.942857142857143,29.015260553573874,0.6773514272344408
תפ_52223-10-23,weapon,Hybrid-Full,43,24.0,42.0,27.682991396426214,50.83818663136997,13.109597506485253,17.844075571203064,70.27906976744185,3.682991396426214,8.838186631369972,30.953673077688315,0.5334566302940627
תפ_32907-12-20,weapon,Hybrid-Full,33,14.0,30.0,14.29646017699115,35.504424778761056,5.636037787909173,7.7892346420261305,68.48484848484848,0.29646017699115035,5.504424778761056,13.425272429935305,0.7302469135802471
תפ_6904-12-14,drugs,Hybrid-Full,9,12.0,36.0,19.870689655172413,44.767241379310335,9.596810169639639,17.230463977760113,64.44444444444444,7.870689655172413,8.767241379310335,26.827274147399752,0.49223888450407804
תפ_68389-07-20,weapon,Hybrid-Full,118,15.0,40.0,17.347326830472895,38.845042597851574,7.005953269348527,8.68739969902356,68.63559322033899,2.3473268304728947,1.1549574021484261,15.693352968372087,0.8599086306951471
תפ_7053-03-21,weapon,Hybrid-Full,37,18.0,30.0,18.341907400079144,40.804115552037985,7.399188552434498,11.160296945134537,68.29729729729729,0.341907400079144,10.804115552037985,18.559485497569035,0.511227570888141
תפ_28107-06-20,drugs,Hybrid-Full,42,3.0,18.0,7.361660079051383,21.20237154150198,5.819273629778144,8.508499152208294,60.23809523809524,4.361660079051383,3.2023715415019787,14.32777278198644,0.5844480152870668
תפ_1108-05-15,drugs,Hybrid-Full,114,18.0,40.0,19.095909153098916,39.6386646600082,13.22343908882238,22.395188662369996,64.1140350877193,1.0959091530989156,0.3613353399917969,35.61862775119238,0.9337616139504221
תפ_30617-02-22,weapon,Hybrid-Full,38,14.0,30.0,49.24658054711247,78.75303951367783,48.09337783614029,62.45963239301333,69.26315789473684,35.24658054711247,48.753039513677834,110.55301022915361,0.0
תפ_4460-04-18,drugs,Hybrid-Full,113,20.0,46.0,21.593196990569037,43.42449931122179,8.604937688305805,12.872763608349151,83.51327433628319,1.5931969905690373,2.575500688778213,21.477701296654956,0.8396654738712596
תפ_69281-11-20,drugs,Hybrid-Full,43,14.0,30.0,19.308011049723753,40.29696132596685,7.058206581804843,10.258423967839702,84.18604651162791,5.308011049723753,10.296961325966848,17.316630549644543,0.4065864803823732
תפ_43394-11-19,drugs,Hybrid-Full,75,30.0,50.0,22.60418342719228,44.63716814159292,8.438599146514518,12.242396279596027,82.86666666666666,7.395816572807721,5.362831858407077,20.680995426110545,0.5342847913546532
תפ_3772-01-16,weapon,Hybrid-Full,35,18.0,48.0,20.12365359758725,42.771219302024996,7.8228341855032015,12.37456245361295,66.31428571428572,2.12365359758725,5.228780697975004,20.197396639116153,0.7549188568145915
תפ_24420-01-20,weapon,Hybrid-Full,6,30.0,66.0,18.333333333333332,41.00000000000001,7.673909622147559,12.583057392117917,65.0,11.666666666666668,24.999999999999993,20.256967014265477,0.2307692307692309
תפ_43084-09-20,drugs,Hybrid-Full,63,24.0,48.0,20.979283887468036,41.79130434782609,13.971103605429342,22.335256739639203,62.06349206349206,3.0207161125319644,6.208695652173908,36.30636034506854,0.6584320072692169
תפ_40922-11-15,weapon,Hybrid-Full,78,14.0,36.0,30.681595648232097,58.77552130553037,17.81038727277003,27.298906134387916,70.7051282051282,16.681595648232097,22.77552130553037,45.10929340715795,0.11877928378493295
תפ_13236-03-18,drugs,Hybrid-Full,45,12.0,36.0,20.722441651705562,41.915978456014365,13.592735895904196,23.952875545820806,61.888888888888886,8.722441651705562,5.915978456014365,37.545611441725,0.5106822219021557
תפ_2599-09-17,drugs,Hybrid-Full,66,36.0,84.0,22.40496894409938,46.20745341614907,13.418358379391874,21.799892376378175,60.984848484848484,13.59503105590062,37.79254658385093,35.21825075577005,0.16571878025169415
תפ_19610-08-21,weapon,Hybrid-Full,39,24.0,50.0,31.15286869464768,58.412783981517144,14.277239902172779,21.002864461350363,66.58974358974359,7.15286869464768,8.412783981517144,35.280104363523144,0.5476781917869527
תפ_46379-02-21,weapon,Hybrid-Full,71,30.0,50.0,34.13443681873235,61.76039563988697,18.854268371544542,25.0011545061731,69.77464788732394,4.134436818732347,11.760395639886973,43.85542287771764,0.4995392173686447
תפ_12325-09-15,weapon,Hybrid-Full,11,22.0,48.0,23.357992073976217,47.8784676354029,6.58196885814471,11.676068624001688,68.81818181818181,1.3579920739762166,0.12153236459710115,18.2580374821464,0.9430952139010262
תפ_64303-01-22,weapon,Hybrid-Full,15,24.0,50.0,18.666666666666664,41.51428571428571,6.601683287027803,10.493595930640533,70.0,5.333333333333336,8.485714285714288,17.095279217668335,0.5589665653495439
תפ_50148-01-14,weapon,Hybrid-Full,28,72.0,120.0,41.03815153143473,74.99086512627622,20.982135258357285,30.52171776132596,66.46428571428571,30.96184846856527,45.00913487372378,51.50385301968325,0.03787734436671506
תפ_9179-04-16,weapon,Hybrid-Full,51,15.0,48.0,20.8166915052161,43.49985096870343,9.630106258968059,13.546366188350337,65.7843137254902,5.816691505216099,4.500149031296573,23.176472447318396,0.6873684685905251
תפ_40011-04-14,weapon,Hybrid-Full,27,12.0,50.0,31.229629629629628,59.87654320987655,18.133251633802878,25.884835161886286,75.0,19.229629629629628,9.876543209876552,44.018086795689165,0.39205776173285195
תפ_70111-03-23,weapon,Hybrid-Full,58,55.0,85.0,44.942390564753914,76.08596053526878,20.034193421852784,27.415208161266342,76.01724137931035,10.057609435246086,8.914039464731218,47.449401583119126,0.5263908863397017
תפ_15392-04-17,drugs,Hybrid-Full,11,33.0,54.0,24.38888888888889,48.678861788617894,8.64258149374555,10.94161817394771,67.0909090909091,8.61111111111111,5.321138211382106,19.58419966769326,0.5294925181897225
תפ_29529-07-20,weapon,Hybrid-Full,71,18.0,40.0,16.825536062378166,38.78791423001949,7.021038466960057,9.25125918288719,72.25352112676056,1.1744639376218338,1.2120857699805114,16.272297649847246,0.8970181267611554
תפ_68529-11-21,weapon,Hybrid-Full,19,36.0,72.0,32.97045101088648,58.41135303265942,18.439239142822704,25.917298686227614,67.6842105263158,3.029548989113522,13.58864696734058,44.35653782905032,0.574215014344916
תפ_12406-11-15,weapon,Hybrid-Full,16,18.0,84.0,40.57142857142858,75.11154598825833,22.448552291851694,32.61685722138171,63.875,22.571428571428577,8.888454011741672,55.065409513233405,0.5233351123762083
תפ_45465-11-15,weapon,Hybrid-Full,43,24.0,60.0,30.278056426332284,57.40438871473354,14.191192356824105,21.69594200317386,74.18604651162791,6.2780564263322844,2.5956112852664575,35.887134359997965,0.7535092302333682
תפ_1847-05-14,weapon,Hybrid-Full,26,20.0,60.0,29.580967402733958,58.070452155625645,21.60141897596424,32.4543375170198,73.15384615384616,9.580967402733958,1.9295478443743548,54.055756492984045,0.7122371188222922
תפ_1956-04-21,weapon,Hybrid-Full,35,48.0,72.0,55.41655941655943,91.91720291720293,32.00561175283905,44.2667793622039,66.6,7.41655941655943,19.91720291720293,76.27239111504295,0.37760693946527785
תפ_40983-10-20,weapon,Hybrid-Full,29,18.0,36.0,17.185185185185187,37.214814814814815,5.088748634339866,7.056759857813233,69.82758620689656,0.8148148148148131,1.2148148148148152,12.145508492153098,0.8986686390532544
תפ_12540-12-18,weapon,Hybrid-Full,39,18.0,42.0,14.377777777777784,34.02222222222223,4.69559923785009,9.21480100316562,69.23076923076923,3.6222222222222165,7.977777777777767,13.910400241015711,0.5800482703137575
תפ_20307-05-20,weapon,Hybrid-Full,6,14.0,30.0,14.586206896551726,34.13793103448276,3.547299442298794,6.774133810967191,72.5,0.586206896551726,4.137931034482762,10.321433253265985,0.7654109589041094
תפ_24896-04-20,weapon,Hybrid-Full,21,14.0,36.0,13.524176594253682,36.18920812894185,4.359679199332038,4.696696383214458,67.95238095238095,0.47582340574631843,0.1892081289418499,9.056375582546496,0.9706582568098192
תפ_35007-04-13,weapon,Hybrid-Full,31,7.0,30.0,14.38314176245211,36.099616858237546,7.782688438709791,11.374616207176484,67.35483870967742,7.3831417624521105,6.099616858237546,19.157304645886274,0.5366688610928242
תפ_16209-03-13,drugs,Hybrid-Full,11,6.0,24.0,3.2161383285302594,12.965417867435157,2.9986222731764802,2.466301812045552,63.09090909090909,2.7838616714697406,11.034582132564843,5.464924085222032,0.3351358846367165
תפ_8123-04-14,drugs,Hybrid-Full,12,0.0,12.0,3.2228843861740173,14.531585220500599,3.2264101137676566,4.109609335312651,69.91666666666667,3.2228843861740173,2.531585220500599,7.3360194490803075,0.6040026246719158
תפ_31811-03-21,weapon,Hybrid-Full,103,18.0,40.0,17.346846227841144,39.52054418029407,7.541271119702416,10.654170933522,70.6504854368932,0.6531537721588556,0.4794558197059331,18.195442053224415,0.9500021231808885
תפ_53539-11-17,weapon,Hybrid-Full,13,6.0,18.0,12.034285714285712,29.919999999999995,5.920578893813494,8.429309250340138,67.3076923076923,6.034285714285712,11.919999999999995,14.349888144153631,0.24940277114190174
תפ_8333-11-20,weapon,Hybrid-Full,58,30.0,48.0,33.93229798592574,57.983984469788886,16.26800657886333,23.433977638606432,71.05172413793103,3.932297985925743,9.983984469788886,39.70198421746976,0.5027054681673923
תפ_57267-09-20,weapon,Hybrid-Full,68,18.0,40.0,19.837448110115798,42.33755735197728,8.387395284233314,11.828238380392534,67.30882352941177,1.8374481101157976,2.3375573519772814,20.215633664625848,0.8284542116650057
תפ_57526-07-21,weapon,Hybrid-Full,34,30.0,50.0,23.32844574780058,47.1281943862589,10.139383286255903,13.43782941979734,70.20588235294117,6.671554252199421,2.8718056137411025,23.577212706053245,0.6421895861148194
תפ_13142-02-15,weapon,Hybrid-Full,88,20.0,48.0,18.342772242614924,41.82415661597623,8.835028132803993,15.04236441762821,65.01136363636364,1.6572277573850762,6.175843384023771,23.877392550432205,0.7358798601983862
תפ_17474-08-14,weapon,Hybrid-Full,6,24.0,48.0,22.8671875,42.875,12.806248474865697,17.11724276862369,64.0,1.1328125,5.125,29.923491243489387,0.7510102580043518
תפ_17919-01-15,weapon,Hybrid-Full,54,24.0,48.0,28.021830394626374,53.59417856143299,13.463829000623289,20.35999735892464,66.16666666666667,4.021830394626374,5.59417856143299,33.82382635954793,0.6750709286930199
תפ_25546-11-23,weapon,Hybrid-Full,51,18.0,40.0,19.979913916786224,40.657101865136305,6.120537276047074,7.258981365006824,68.33333333333333,1.9799139167862236,0.6571018651363048,13.379518641053899,0.883611955420466
תפ_16420-10-16,weapon,Hybrid-Full,18,72.0,120.0,58.092857142857135,103.58571428571427,25.146729900552835,28.347055500625732,77.77777777777777,13.907142857142865,16.414285714285725,53.49378540117857,0.5102111457251641
תפ_30191-05-15,weapon,Hybrid-Full,23,36.0,720.0,35.04932735426009,69.01345291479822,18.88288449978276,35.285441500037265,67.8695652173913,0.9506726457399068,650.9865470852018,54.16832599982003,0.048198292567956866
תפ_32339-12-19,weapon,Hybrid-Full,69,20.0,50.0,25.91537667698658,52.04355005159958,15.04437181451674,23.26303209054634,70.21739130434783,5.915376676986579,2.0435500515995813,38.30740390506308,0.751621567654959
תפ_11789-12-16,drugs,Hybrid-Full,5,20.0,48.0,36.328445747800586,73.00879765395895,15.200000000000001,25.222212432695116,68.2,16.328445747800586,25.00879765395895,40.42221243269512,0.22018145607435272
תפ_3686-01-16,weapon,Hybrid-Full,19,18.0,48.0,34.324540367705836,62.18065547561952,20.89334477664308,29.064833440711272,65.84210526315789,16.324540367705836,14.180655475619517,49.95817821735435,0.3095350099511488
תפ_14044-03-20,weapon,Hybrid-Full,26,15.0,36.0,13.15759312320917,31.75358166189112,4.400107583407721,8.036897160990138,67.11538461538461,1.8424068767908306,4.246418338108882,12.437004744397859,0.7334420471650778
תפ_36982-03-18,weapon,Hybrid-Full,13,48.0,84.0,42.093567251462,74.02339181286548,21.57469479787146,34.61093988558117,65.76923076923077,5.906432748538002,9.976608187134516,56.185634683452626,0.6209879988836169
תפ_39183-11-13,weapon,Hybrid-Full,6,36.0,72.0,40.470842332613394,77.57235421166307,34.92849839314596,44.58699361921591,77.16666666666667,4.470842332613394,5.572354211663068,79.51549201236188,0.7584164588528677
תפ_16651-01-24,drugs,Hybrid-Full,10,60.0,96.0,29.193958664546898,62.12400635930047,9.9443451267542,20.47046653107838,62.9,30.806041335453102,33.87599364069953,30.41481165783258,0.031793626996025746
תפ_48983-06-18,drugs,Hybrid-Full,59,0.0,8.0,10.466927156014515,26.434831147083454,9.817554293550323,19.473137974058947,60.728813559322035,10.466927156014515,18.434831147083454,29.29069226760927,0.0
תפ_50860-02-20,drugs,Hybrid-Full,48,0.0,14.0,5.313598851811983,17.06925008970219,5.735451098697954,8.362215573970547,58.0625,5.313598851811983,3.069250089702191,14.0976666726685,0.5088917850836626
תפ_41762-12-20,weapon,Hybrid-Full,3,12.0,30.0,5.55,20.549999999999997,4.109609335312651,7.483314773547883,66.66666666666667,6.45,9.450000000000003,11.592924108860533,0.3496932515337422
תפ_45713-07-17,weapon,Hybrid-Full,57,24.0,48.0,17.131168831168832,38.6,7.848166737841882,9.281215785187616,67.54385964912281,6.868831168831168,9.399999999999999,17.1293825230295,0.4729689932264715
תפ_70166-03-23,weapon,Hybrid-Full,105,66.0,102.0,36.90039586259737,66.40480143021325,19.932639398200248,27.995668599221922,74.58095238095238,29.09960413740263,35.595198569786746,47.928307997422166,0.006218185741327387
תפ_52165-12-17,drugs,Hybrid-Full,50,12.0,36.0,12.884718498659518,30.189008042895445,8.930845424706442,14.258877936219246,74.6,0.8847184986595185,5.810991957104555,23.18972336092569,0.7210120643431637
תפ_6749-09-22,drugs,Hybrid-Full,80,12.0,24.0,11.244311608175858,26.574045507134596,9.212220145003048,16.670914042127386,64.825,0.7556883918241422,2.5740455071345956,25.883134187130434,0.7827924528301885
תפ_33928-09-12,weapon,Hybrid-Full,5,4.0,18.0,7.363636363636364,25.272727272727277,3.0066592756745814,6.997142273814361,66.0,3.363636363636364,7.272727272727277,10.003801549488943,0.4999999999999999
תפ_4734-12-22,weapon,Hybrid-Full,79,42.0,84.0,36.3207810320781,60.41684100418411,18.81068878318912,26.631569730849776,72.60759493670886,5.679218967921898,23.583158995815893,45.4422585140389,0.386265576551805
תפ_17941-11-18,weapon,Hybrid-Full,21,30.0,60.0,40.33127317676142,103.69839307787389,20.948051500748335,139.65876781846325,77.04761904761905,10.331273176761421,43.69839307787389,160.60681931921158,0.26688135252088185
תפ_24044-06-22,weapon,Hybrid-Full,164,24.0,46.0,24.57275966018087,47.29989951584909,12.801722898157637,17.494789740226356,66.75,0.5727596601808713,1.2998995158490914,30.296512638383994,0.9196280149295863
תפ_40082-02-22,drugs,Hybrid-Full,3,16.0,32.0,12.025641025641027,28.923076923076923,2.8674417556808756,7.483314773547883,65.0,3.9743589743589727,3.0769230769230766,10.350756529228757,0.6469833119383827
תפ_63953-01-24,drugs,Hybrid-Full,5,12.0,24.0,15.178571428571429,34.66071428571429,6.013318551349163,11.723480711802276,56.0,3.178571428571429,10.660714285714292,17.73679926315144,0.3892828999211977
תפ_69777-03-23,weapon,Hybrid-Full,27,15.0,32.0,15.603825136612025,34.55737704918034,5.618409872237466,8.070335525905096,67.77777777777777,0.6038251366120253,2.5573770491803387,13.688745398142562,0.8383626711371887
תפ_47284-06-18,weapon,Hybrid-Full,108,21.0,48.0,18.869661063653894,41.861945439515004,8.025609515375045,11.22917215427002,67.20370370370371,2.1303389363461065,6.138054560484996,19.254781669645062,0.7161586923207894
תפ_61118-07-23,weapon,Hybrid-Full,33,20.0,40.0,23.867393278837422,44.32879200726613,6.8884593604058715,10.075837320258595,66.72727272727273,3.8673932788374223,4.328792007266131,16.964296680664468,0.6631075935190022
תפ_64119-05-21,weapon,Hybrid-Full,16,20.0,40.0,22.497652582159624,45.49295774647887,4.741769184597665,7.8159992163510355,66.5625,2.497652582159624,5.492957746478872,12.5577684009487,0.6865561694290977
תפ_43338-05-16,weapon,Hybrid-Full,19,7.0,20.0,12.879999999999999,31.71636363636364,5.199616435885671,8.671282242786935,72.36842105263158,5.879999999999999,11.716363636363639,13.870898678672607,0.28806826541121083
תפ_13939-07-18,drugs,Hybrid-Full,13,5.0,18.0,6.5794044665012414,18.970223325062033,2.8430336327040506,3.911748349258806,62.0,1.5794044665012414,0.9702233250620331,6.754781981962857,0.8174955595026644
תפ_62134-03-19,drugs,Hybrid-Full,6,3.0,12.0,5.368131868131868,18.978021978021978,3.197221015541813,3.9334745737353156,60.666666666666664,2.3681318681318677,6.978021978021978,7.130695589277129,0.4150618982118295
תפ_63305-08-22,weapon,Hybrid-Full,27,34.0,46.0,31.549222797927463,59.63989637305701,22.57224341618498,28.088972886262905,71.48148148148148,2.450777202072537,13.639896373057013,50.66121630244788,0.4271880475883056
תפ_7942-05-18,weapon,Hybrid-Full,18,10.0,30.0,21.104660045836518,43.58899923605806,7.973915809270458,11.334558757279535,72.72222222222223,11.104660045836518,13.588999236058058,19.308474566549993,0.2648289665211062
תפ_3256-16,drugs,Hybrid-Full,56,12.0,36.0,12.757831325301202,30.47951807228916,8.96106587023063,14.600362991713457,74.10714285714286,0.7578313253012023,5.52048192771084,23.561428861944087,0.7384036144578315
תפח_52360-06-20,weapon,Hybrid-Full,45,84.0,120.0,44.43052703627653,76.92265571526353,24.110691240583822,30.797274209991897,64.93333333333334,39.56947296372347,43.07734428473647,54.907965450575716,0.0
תפ_50330-07-18,weapon,Hybrid-Full,97,15.0,30.0,29.723072480508225,55.69766098758301,15.262948397776123,22.65209103340748,71.4020618556701,14.723072480508225,25.697660987583014,37.9150394311836,0.006804507010274278
תפ_21594-06-16,weapon,Hybrid-Full,84,8.0,18.0,15.779702537182851,38.46159230096237,6.697156045141141,8.587649994399158,68.03571428571429,7.779702537182851,20.461592300962373,15.2848060395403,0.07288842424520936
תפ_1139-06-23,weapon,Hybrid-Full,55,54.0,28.0,32.857297883884975,56.35838307107977,13.027929311627396,18.455450045003953,67.01818181818182,21.142702116115025,28.35838307107977,31.48337935663135,0.0
תפ_15842-11-20,weapon,Hybrid-Full,31,48.0,84.0,36.78113553113553,67.07051282051285,19.742199028390605,28.29192256482673,70.45161290322581,11.218864468864467,16.929487179487154,48.034121593217336,0.40387487151639795
תפ_45095-04-16,weapon,Hybrid-Full,6,10.0,24.0,34.01526717557252,62.73791348600509,8.793937305515279,13.39983416149452,65.5,24.015267175572518,38.73791348600509,22.193771467009796,0.0
תפ_60820-07-14,weapon,Hybrid-Full,39,48.0,84.0,47.55551747772446,81.80466072652503,50.95364073619768,66.80990529181962,74.82051282051282,0.44448252227554264,2.1953392734749713,117.76354602801729,0.9275659410409517
תפ_6514-03-23,weapon,Hybrid-Full,20,12.0,36.0,39.457664233576644,68.77810218978101,17.745421944828475,27.41217795068462,68.5,27.457664233576644,32.77810218978101,45.157599895513094,0.0
תפ_52000-02-15,weapon,Hybrid-Full,61,8.0,14.0,28.42141176470589,55.04282352941178,15.446781661322069,24.007881891269232,69.67213114754098,20.42141176470589,41.04282352941178,39.4546635525913,0.0
תפ_10171-06-22,weapon,Hybrid-Full,43,12.0,30.0,14.715284397839213,34.217349857006674,4.425575896072547,6.887805199417031,73.18604651162791,2.7152843978392127,4.217349857006674,11.313381095489579,0.6879630424211218
תפ_54132-03-21,weapon,Hybrid-Full,10,80.0,108.0,28.226331360946748,55.921597633136095,11.103603018840326,14.642745644174797,67.6,51.773668639053255,52.078402366863905,25.746348663015123,0.0
תפ_28615-01-22,drugs,Hybrid-Full,68,12.0,30.0,21.031847133757964,42.31028207461329,9.53960738167666,13.884253359452966,80.80882352941177,9.031847133757964,12.31028207461329,23.423860741129626,0.2958782384197411
תפ_32659-05-18,weapon,Hybrid-Full,63,16.0,48.0,15.423923220973782,37.56343632958803,7.843454486492736,10.593166077641795,67.80952380952381,0.5760767790262182,10.43656367041197,18.436620564134532,0.6619408615672049
תפ_51306-12-18,weapon,Hybrid-Full,52,84.0,144.0,36.366731248270135,64.4040963188486,19.742602164777733,27.98146972424776,69.48076923076923,47.633268751729865,79.5959036811514,47.724071889025495,0.0
תפ_51228-09-11,weapon,Hybrid-Full,5,5.0,30.0,7.2266666666666675,23.12,3.1874754901018454,6.997142273814361,75.0,2.2266666666666675,6.879999999999999,10.184617763916206,0.6357333333333334
תפ_46250-11-21,weapon,Hybrid-Full,8,13.0,36.0,13.403846153846157,34.500000000000014,2.2325713874364688,2.598076211353316,65.0,0.40384615384615685,1.4999999999999858,4.830647598789785,0.917224080267559
תפ_30538-02-19,drugs,Hybrid-Full,83,18.0,54.0,17.279725759059748,36.66581782566112,11.772853821201103,20.522970925465206,61.506024096385545,0.7202742409402525,17.334182174338878,32.29582474666631,0.5083245757693766
תפ_68096-11-21,weapon,Hybrid-Full,51,30.0,50.0,32.011014492753624,59.80405797101449,16.714740356192575,22.25869363916281,67.6470588235294,2.011014492753624,9.804057971014487,38.973433995355386,0.603575040846495
תפ_3002-09-20,weapon,Hybrid-Full,6,30.0,60.0,38.2,70.8,20.604745947367455,22.360679774997898,75.0,8.200000000000003,10.799999999999997,42.96542572236535,0.5343137254901961
תפ_50071-08-16,weapon,Hybrid-Full,10,24.0,48.0,12.969696969696965,34.72727272727273,2.23606797749979,3.6,66.0,11.030303030303035,13.272727272727273,5.8360679774997894,0.3062283737024221
תפ_60581-11-15,weapon,Hybrid-Full,14,9.0,24.0,10.888268156424582,27.318435754189945,3.1273970398556625,6.298687910013887,63.92857142857143,1.8882681564245818,3.318435754189945,9.42608494986955,0.7157670021347972
תפ_66310-07-17,weapon,Hybrid-Full,88,12.0,36.0,15.485761589403975,37.65115894039735,7.386853130633757,10.251177870238752,68.63636363636364,3.4857615894039746,1.6511589403973517,17.63803100087251,0.7997392421240148
תפ_16020-10-22,drugs,Hybrid-Full,7,12.0,30.0,20.38372093023256,46.697674418604656,7.572776160399184,11.102490987271684,61.42857142857143,8.38372093023256,16.697674418604656,18.67526714767087,0.2771447721179624
תפ_37104-06-22,weapon,Hybrid-Full,127,32.0,48.0,28.3351076413532,52.608114502010864,15.076451790749612,21.271335476161948,66.56692913385827,3.6648923586467994,4.608114502010864,36.34778726691156,0.6591684372624319
תפ_4795-12-17,weapon,Hybrid-Full,39,60.0,144.0,70.22554965883246,111.13305534495832,62.04001804947533,79.72334642883455,67.64102564102564,10.225549658832463,32.86694465504168,141.76336447830988,0.4869941153110221
תפ_33337-07-23,weapon,Hybrid-Full,38,30.0,42.0,26.29817605075338,45.51744647105473,8.896177086760511,10.697457434730321,66.36842105263158,3.70182394924662,3.5174464710547326,19.593634521490834,0.624373336634276
תפ_39568-06-21,drugs,Hybrid-Full,30,8.0,24.0,14.55163043478261,33.7608695652174,14.311611447430446,24.368672968018224,61.333333333333336,6.551630434782609,9.760869565217398,38.68028441544867,0.3667721518987341
תפ_65884-10-13,drugs,Hybrid-Full,72,18.0,60.0,17.740740740740744,38.305037957211866,11.485498102680033,20.050240716205323,60.375,0.25925925925925597,21.694962042788134,31.535738818885356,0.480487313623769
תפ_29772-11-13,weapon,Hybrid-Full,13,6.0,18.0,10.322033898305087,29.38983050847458,4.234264290622426,8.307692307692308,68.07692307692308,4.3220338983050866,11.389830508474581,12.541956598314734,0.3282608695652172
תפ_39500-07-20,weapon,Hybrid-Full,93,16.0,40.0,16.615932847640167,38.42619575546405,5.722329703193442,8.016862792117204,67.89247311827957,0.6159328476401669,1.5738042445359497,13.739192495310647,0.9087609544926618
תפ_13502-02-12,weapon,Hybrid-Full,5,3.0,6.0,6.25,18.958333333333332,2.9257477676655586,9.252026804976301,72.0,3.25,12.958333333333332,12.17777457264186,0.0
תפ_25852-11-10,weapon,Hybrid-Full,9,4.0,8.0,4.118881118881118,12.951048951048952,2.943920288775949,6.556497107525303,79.44444444444444,0.1188811188811183,4.951048951048952,9.500417396301252,0.43359375000000006
תפ_59464-09-23,weapon,Hybrid-Full,107,28.0,46.0,24.10957403095467,44.57211340912205,9.379611713995375,12.154865831651476,68.23364485981308,3.8904259690453316,1.4278865908779466,21.53447754564685,0.7570484664188919
תפ_27103-01-18,drugs,Hybrid-Full,128,9.0,24.0,12.631878557874762,28.980898165717896,9.753392338534065,16.218448937475493,61.7578125,3.631878557874762,4.980898165717896,25.971841276009556,0.568949471031789
תפ_66306-03-19,drugs,Hybrid-Full,6,10.0,24.0,3.0735694822888284,14.490463215258856,3.4641016151377544,7.156970184527963,61.166666666666664,6.926430517711172,9.509536784741144,10.621071799665717,0.21458333333333335
תפ_18320-05-19,drugs,Hybrid-Full,92,6.0,12.0,8.388013164732374,21.223627230209598,8.147411652491892,12.154176548061027,62.75,2.3880131647323743,9.223627230209598,20.30158820055292,0.23726190747104203
תפ_32041-03-21,drugs,Hybrid-Full,10,5.0,18.0,13.60222531293463,29.410292072322665,6.248199740725324,9.929753269845127,71.9,8.60222531293463,11.410292072322665,16.17795301057045,0.1801606746054357
תפ_23142-09-14,drugs,Hybrid-Full,24,36.0,72.0,26.873579545454547,55.443892045454554,12.294703014803659,21.492206274730275,58.666666666666664,9.126420454545453,16.556107954545446,33.78690928953394,0.43087601120589275
תפ_50487-06-22,weapon,Hybrid-Full,89,36.0,60.0,36.67683416278697,65.44228608123295,21.050375130738285,30.22887904207475,69.98876404494382,0.6768341627869674,5.44228608123295,51.27925417281304,0.7921655870357038
תפ_6431-05-13,drugs,Hybrid-Full,5,0.0,8.0,15.841059602649008,37.47019867549669,12.544321424453376,27.62607463973121,60.4,15.841059602649008,29.47019867549669,40.17039606418459,0.0
תפ_45480-02-19,drugs,Hybrid-Full,95,22.0,46.0,21.99907590759076,44.35181518151817,8.51981558589906,12.568897108148965,79.73684210526316,0.0009240924092388525,1.6481848184818304,21.088712694048027,0.9312897743211216
תפ_6970-05-22,drugs,Hybrid-Full,94,22.0,46.0,22.17714646464647,44.59558080808082,8.707796104199053,12.496957529236903,84.25531914893617,0.17714646464646933,1.4044191919191817,21.204753633435956,0.9341014309764312
תפ_51199-04-23,weapon,Hybrid-Full,109,36.0,58.0,34.61670951156812,60.1987146529563,35.28707046461326,46.5829191102517,71.37614678899082,1.3832904884318822,2.1987146529562978,81.86998957486496,0.8599795003718068
תפ_48978-07-21,weapon,Hybrid-Full,74,24.0,48.0,21.294226044226047,43.59725634725634,11.546836690005351,15.47009296931282,66.0,2.705773955773953,4.402743652743659,27.016929659318173,0.7338209474741433
תפ_17057-08-20,weapon,Hybrid-Full,38,18.0,36.0,16.45382481173207,35.39952437574318,5.874259545487945,7.47947329533459,66.39473684210526,1.5461751882679309,0.6004756242568234,13.353732840822534,0.890175403021394
תפ_17701-07-21,drugs,Hybrid-Full,18,9.0,24.0,6.391879131255902,21.726156751652503,2.6666666666666665,3.7859388972001824,58.833333333333336,2.6081208687440984,2.2738432483474966,6.4526055638668485,0.722743604869416
תפ_3384-12-23,weapon,Hybrid-Full,80,22.0,36.0,18.144525030957013,38.97116575269768,6.8607124265632935,7.8173584892852395,70.6625,3.8554749690429873,2.9711657526976794,14.678070915848533,0.6722159462512636
תפ_6832-11-23,weapon,Hybrid-Full,51,20.0,36.0,24.69853574504738,46.84697100200977,13.65984300913512,19.32293002522412,68.29411764705883,4.69853574504738,10.846971002009766,32.98277303435924,0.42095863455533183
תפ_21991-04-20,drugs,Hybrid-Full,63,25.0,50.0,23.57640342530922,46.537963843958124,8.132686491508265,11.315400867852697,83.41269841269842,1.4235965746907802,3.4620361560418758,19.44808735936096,0.8151034164890238
תפ_58723-03-16,drugs,Hybrid-Full,22,6.0,18.0,8.060943643512452,22.06290956749672,6.7843098030774085,11.39994200362223,69.36363636363636,2.060943643512452,4.062909567496721,18.18425180669964,0.6187581592689295
תפ_6852-03-21,weapon,Hybrid-Full,4,18.0,40.0,16.358490566037734,34.30188679245283,3.6314597615834874,9.695359714832659,66.25,1.6415094339622662,5.698113207547173,13.326819476416146,0.6895450917797284
תפ_17856-11-21,weapon,Hybrid-Full,33,25.0,50.0,15.84953703703704,32.5,6.7576437012483215,10.565289600981938,65.45454545454545,9.15046296296296,17.5,17.32293330223026,0.2196163492171084
תפ_21971-07-18,weapon,Hybrid-Full,28,30.0,60.0,35.77656026679371,62.76226774654597,19.961059028794548,27.58030945054379,74.96428571428571,5.776560266793709,2.762267746545973,47.54136847933834,0.7393700558399257
תפ_54460-03-21,drugs,Hybrid-Full,12,30.0,60.0,34.74153074027603,67.31618569636136,13.431668631343694,26.196241248613426,66.41666666666667,4.741530740276033,7.316185696361359,39.627909879957116,0.6768770384317945
תפ_17655-10-22,weapon,Hybrid-Full,63,24.0,50.0,19.36824800375764,40.05659934241429,7.729099370063138,7.65293390336687,67.58730158730158,4.631751996242361,9.943400657585713,15.382033273430007,0.5241815533236223
תפ_12376-04-20,weapon,Hybrid-Full,76,14.0,36.0,17.33807087360243,38.66552965700209,6.345366599757539,7.37559566118837,69.4342105263158,3.3380708736024296,2.6655296570020894,13.72096226094591,0.7565995697602947
תפ_24551-06-22,drugs,Hybrid-Full,34,30.0,60.0,22.895428015564203,44.773346303501945,12.66660596112449,21.598090393609315,60.470588235294116,7.104571984435797,15.226653696498055,34.26469635473381,0.3981543382227641
תפ_31746-10-22,drugs,Hybrid-Full,75,8.0,24.0,21.775925308436143,43.930310103367795,9.086742479507652,12.961165928350049,79.97333333333333,13.775925308436143,19.930310103367795,22.0479084078577,0.06189967982924231
תפ_45561-04-17,weapon,Hybrid-Full,10,8.0,24.0,24.64242424242424,50.77272727272728,15.310453944935793,24.774180107523236,66.0,16.64242424242424,26.77272727272728,40.08463405245903,0.0
תפ_50556-08-17,weapon,Hybrid-Full,19,28.0,48.0,30.916000000000004,58.056,17.438614140977336,19.926179553013853,65.78947368421052,2.916000000000004,10.055999999999997,37.36479369399119,0.5684056428001064
תפ_30678-02-22,drugs,Hybrid-Full,56,6.0,14.0,12.371069182389938,29.155735250074876,11.24353555767645,18.462282289764143,59.625,6.371069182389938,15.155735250074876,29.705817847440592,0.07034675427137622
תפ_33040-09-24,drugs,Hybrid-Full,36,24.0,48.0,27.977924944812358,55.01766004415011,11.354929043382302,18.827248279495805,62.916666666666664,3.977924944812358,7.017660044150112,30.182177322878108,0.6455056579602876
תפ_48071-01-23,drugs,Hybrid-Full,8,15.0,30.0,16.447916666666664,36.395833333333336,10.154278654833144,15.376524314681781,60.0,1.4479166666666643,6.395833333333336,25.530802969514923,0.633398247322298
תפ_59009-05-21,drugs,Hybrid-Full,19,9.0,24.0,18.80709736123749,40.65150136487716,10.255732806662918,16.19633692042399,57.8421052631579,9.807097361237489,16.651501364877163,26.452069727086908,0.16406497053327584
תפ_27992-01-24,drugs,Hybrid-Full,18,26.0,56.0,29.1505016722408,54.99498327759197,10.90489186863706,13.977163915155002,66.44444444444444,3.1505016722408,1.0050167224080298,24.88205578379206,0.8614827201783724
תפ_8203-05-23,drugs,Hybrid-Full,55,24.0,60.0,27.421207658321062,53.07805596465391,11.414938740364793,18.38855195427869,61.72727272727273,3.4212076583210624,6.921944035346087,29.803490694643482,0.7126902307314681
תפ_61299-12-19,weapon,Hybrid-Full,83,16.0,36.0,19.106292966684293,41.49056936365239,9.138504578496127,12.125427145131004,68.34939759036145,3.1062929666842933,5.490569363652391,21.26393172362713,0.6627434166851073
תפ_50716-11-19,weapon,Hybrid-Full,40,13.0,36.0,14.421875000000002,33.50694444444445,3.853488679106246,7.358668357794092,72.0,1.4218750000000018,2.49305555555555,11.212157036900338,0.8297856280193239
תפ_13154-01-18,weapon,Hybrid-Full,31,12.0,36.0,19.524612579762984,42.09024612579762,11.080163862393091,16.931520273505047,70.7741935483871,7.524612579762984,6.09024612579762,28.011684135898136,0.5475324911387808
תפ_5013-12,weapon,Hybrid-Full,17,36.0,72.0,23.540444444444447,51.915555555555564,14.695996677296181,21.295905027358103,66.17647058823529,12.459555555555553,20.084444444444436,35.99190170465428,0.32842966414146063
תפ_5085-07-17,weapon,Hybrid-Full,24,9.0,30.0,12.710280373831775,30.660436137071652,5.5638653130914495,9.359709753334592,66.875,3.7102803738317753,0.6604361370716525,14.923575066426041,0.7982165971523083
תפ_38368-09-21,weapon,Hybrid-Full,48,26.0,52.0,34.21746987951807,61.25361445783132,17.877658601822926,28.268062072475598,69.16666666666667,8.21746987951807,9.253614457831318,46.14572067429852,0.504417217750893
תפ_44725-12-14,weapon,Hybrid-Full,4,7.0,24.0,8.666666666666668,26.777777777777786,3.112474899497183,12.36931687685298,67.5,1.6666666666666679,2.7777777777777857,15.481791776350164,0.7752808988764042
תפח_15217-03-19,weapon,Hybrid-Full,11,252.0,336.0,74.9159891598916,118.79132791327913,56.485498760725605,73.61503619315152,67.0909090909091,177.08401084010842,217.20867208672087,130.10053495387712,0.0
תפ_6985-07-22,drugs,Hybrid-Full,7,30.0,48.0,22.144396551724135,43.97413793103448,8.729494924258393,13.499811034202798,66.28571428571429,7.855603448275865,4.025862068965523,22.22930595846119,0.5404684504459445
תפ_37495-01-20,drugs,Hybrid-Full,98,30.0,54.0,23.276790123456788,45.770246913580245,10.619096100853737,14.842460226413884,82.65306122448979,6.723209876543212,8.229753086419755,25.461556327267623,0.5133007578619131
תפ_26709-06-14,drugs,Hybrid-Full,50,6.0,18.0,8.360578434454574,22.748821125432254,5.071488933242386,7.742247735638534,63.62,2.360578434454574,4.748821125432254,12.81373666888092,0.5755283606741994
תפ_64711-01-19,drugs,Hybrid-Full,57,10.0,24.0,6.290747713824637,19.181818181818183,5.7267737175000795,8.74416659087855,65.2280701754386,3.7092522861753627,4.818181818181817,14.47094030837863,0.5184757681150617
תפ_34108-01-23,drugs,Hybrid-Full,23,10.0,24.0,12.749480968858126,30.149480968858125,7.9316551311244385,14.78465458988322,62.82608695652174,2.7494809688581263,6.149480968858125,22.716309721007658,0.5583527957136973
תפ_57912-07-14,drugs,Hybrid-Full,22,6.0,12.0,12.95659163987138,28.002411575562697,13.707692236342375,21.218121445734788,56.54545454545455,6.95659163987138,16.002411575562697,34.92581368207716,0.0
תפ_40256-11-14,weapon,Hybrid-Full,35,30.0,60.0,33.80880121396054,62.35773899848255,18.94955709998823,27.911024813188945,75.31428571428572,3.8088012139605425,2.357738998482553,46.86058191317717,0.8094261093850753
תפ_35227-05-17,weapon,Hybrid-Full,81,12.0,36.0,18.7129372570794,41.72293170460854,10.382928903735566,14.2949529209559,66.70370370370371,6.7129372570794,5.722931704608541,24.677881824691468,0.5816069193551402
תפ_36091-07-15,weapon,Hybrid-Full,31,54.0,84.0,19.751126690035065,42.76715072608916,7.858398213159402,12.324100564935819,64.41935483870968,34.248873309964935,41.23284927391084,20.182498778095223,0.0
תפ_17260-12-23,weapon,Hybrid-Full,70,12.0,28.0,31.575351213282257,55.192422307364836,17.484103567269912,22.684621240310058,67.11428571428571,19.575351213282257,27.192422307364836,40.16872480757997,0.0
תפ_37551-01-16,drugs,Hybrid-Full,71,24.0,60.0,17.481853957149106,37.19960647135986,13.800862178346005,21.441551504646384,64.4225352112676,6.518146042850894,22.800393528640143,35.24241368299239,0.3104464258168018
תפ_37175-07-20,weapon,Hybrid-Full,75,48.0,108.0,35.44792854427974,65.62048650703156,18.282552702873122,26.03678082166756,70.16,12.55207145572026,42.37951349296844,44.31933352454068,0.24286675974214786
תפ_4411-07-19,weapon,Hybrid-Full,80,60.0,96.0,31.464421510048883,59.218540648198434,17.345347899364835,26.122640443684094,69.0375,28.535578489951117,36.781459351801566,43.46798834304893,0.0
תפ_21355-08-18,drugs,Hybrid-Full,40,6.0,18.0,10.722508932115922,26.773322747121878,7.426935774597758,13.601378606597201,62.975,4.722508932115922,8.773322747121878,21.02831438119496,0.35032869591805516
תפ_39424-11-22,drugs,Hybrid-Full,35,10.0,24.0,11.524605828953653,25.920688007644525,8.653134385520518,13.811973510143218,59.8,1.5246058289536535,1.9206880076445252,22.465107895663735,0.7835964227837467
תפ_5775-02-18,drugs,Hybrid-Full,30,30.0,60.0,37.24768280123585,67.76055612770341,23.138616111504067,32.79236022138219,64.73333333333333,7.247682801235847,7.76055612770341,55.93097633288626,0.6025418990604243
תפ_371-10-15,weapon,Hybrid-Full,8,96.0,168.0,26.322580645161292,57.56356736242885,16.515144564913744,37.91767397929361,65.875,69.6774193548387,110.43643263757116,54.43281854420735,0.0
תפ_43643-10-15,weapon,Hybrid-Full,32,8.0,24.0,17.48979591836735,40.24953617810761,6.837111506330725,8.125721121845125,67.375,9.48979591836735,16.24953617810761,14.96283262817585,0.20186969653387016
תפ_4612-07-22,weapon,Hybrid-Full,30,38.0,60.0,36.69944528492185,65.8522440746344,14.249990253407972,19.442364968170807,66.1,1.3005547150781496,5.852244074634399,33.69235522157878,0.7546445251686562
תפ_18484-07-23,weapon,Hybrid-Full,30,84.0,108.0,40.784461152882216,70.9513784461153,22.767447521992153,31.08735005325049,66.5,43.215538847117784,37.0486215538847,53.85479757524264,0.0
תפ_73275-01-23,weapon,Hybrid-Full,40,48.0,84.0,38.85522496371552,62.92634252539912,21.480863576681458,27.37926907351619,68.9,9.144775036284479,21.07365747460088,48.86013265019765,0.33063278116686334
תפ_6047-11-19,drugs,Hybrid-Full,11,14.0,24.0,8.876899696048632,20.43617021276596,5.271159641572445,7.487731011626909,59.81818181818182,5.123100303951368,3.5638297872340416,12.758890653199355,0.42558536830469307
תפ_67473-10-21,drugs,Hybrid-Full,112,8.0,18.0,11.592002360926664,26.624612660469236,10.105880789451863,16.060988672645816,60.50892857142857,3.5920023609266636,8.624612660469236,26.16686946209768,0.344060719859926
תפ_12411-02-21,weapon,Hybrid-Full,47,22.0,40.0,18.133156674395494,41.046704206690954,8.397654288874659,10.84413629512856,64.23404255319149,3.8668433256045063,1.0467042066909542,19.24179058400322,0.7855614664045334
תפ_1127-05-20,drugs,Hybrid-Full,34,36.0,60.0,28.529212940608396,55.865282472235634,12.271157845895909,20.8577527013546,60.911764705882355,7.470787059391604,4.134717527764366,33.128910547250506,0.6312292868540565
תפ_45055-01-22,drugs,Hybrid-Full,41,28.0,58.0,21.99880191693291,41.62420127795527,12.968776854863505,20.210109909008555,61.073170731707314,6.0011980830670915,16.375798722044728,33.17888676387206,0.37843744106847704
תפ_27330-02-19,weapon,Hybrid-Full,77,21.0,48.0,32.904964015501015,59.765270345082115,15.9296712894771,21.790319253183867,70.37662337662337,11.904964015501015,11.765270345082115,37.719990542660966,0.3893958651681115
תפ_52205-06-22,drugs,Hybrid-Full,13,6.0,18.0,17.304635761589402,38.51655629139073,12.0732478484237,18.91494509452761,58.07692307692308,11.304635761589402,20.516556291390728,30.988192942951308,0.021384928716904325
תפ_53517-08-15,drugs,Hybrid-Full,68,12.0,30.0,22.292319164802386,43.96383296047726,8.792236174888462,13.209320920075724,78.88235294117646,10.292319164802386,13.963832960477262,22.001557094964184,0.2411375645945851
תפ_34242-02-16,weapon,Hybrid-Full,27,18.0,48.0,27.62300683371299,55.118451025056956,17.58631466933405,21.981473680924697,65.03703703703704,9.623006833712989,7.118451025056956,39.56778835025875,0.5489720773243324
תפ_45432-11-15,weapon,Hybrid-Full,55,24.0,60.0,28.194417709335905,54.968238691049095,14.771314617771504,24.780317436050026,75.56363636363636,4.194417709335905,5.031761308950905,39.55163205382153,0.743717249492033
תפ_21471-09-22,drugs,Hybrid-Full,84,22.0,46.0,22.386148697802998,45.30990833697076,7.93928026976086,11.46089179847391,81.82142857142857,0.386148697802998,0.6900916630292429,19.40017206823477,0.9551566516319899
תפ_30575-03-20,weapon,Hybrid-Full,56,12.0,36.0,18.81837493361657,41.45353159851301,7.645860558071236,9.911856433543804,67.25,6.818374933616571,5.45353159851301,17.557716991615038,0.5833468563495068
תפ_189-01-16,drugs,Hybrid-Full,4,12.0,36.0,15.499999999999998,39.0,4.9749371855331,5.196152422706632,65.0,3.4999999999999982,3.0,10.171089608239733,0.7592592592592593
תפח_34802-06-19,weapon,Hybrid-Full,13,264.0,360.0,93.51136363636363,139.7613636363636,87.52453586679695,103.67667081366916,67.6923076923077,170.48863636363637,220.2386363636364,191.2012066804661,0.0
תפ_33024-01-18,drugs,Hybrid-Full,51,24.0,48.0,20.58241758241758,41.871271585557295,10.755433700905742,16.855196668925988,62.450980392156865,3.4175824175824197,6.128728414442705,27.610630369831732,0.6518179215574003
תפ_8900-11-22,drugs,Hybrid-Full,23,6.0,12.0,22.487346348517708,45.76572668112797,12.51071374511056,21.421682212400448,60.130434782608695,16.487346348517708,33.76572668112797,33.932395957511005,0.0
תפ_35299-09-23,drugs,Hybrid-Full,41,14.0,28.0,13.416499799759714,29.418502202643175,12.554225038988497,21.589347848223674,60.90243902439025,0.5835002002402856,1.4185022026431753,34.14357288721217,0.8748905072953423
תפ_59329-02-18,drugs,Hybrid-Full,109,0.0,9.0,6.678867812685238,19.15352697095435,6.36223814676686,10.682957392735187,61.908256880733944,6.678867812685238,10.15352697095435,17.045195539502046,0.12118562763060181
תפ_13-02-14,weapon,Hybrid-Full,21,9.0,18.0,22.241430700447097,46.259314456035774,8.539092444355115,11.660348143210035,63.904761904761905,13.241430700447097,28.259314456035774,20.19944058756515,0.0
תפ_33916-02-22,drugs,Hybrid-Full,77,20.0,46.0,22.70696557245797,45.53082465972779,8.194321512059979,11.629462239143507,81.1038961038961,2.706965572457971,0.46917534027220853,19.823783751203486,0.8778407341257624
תפ_54845-01-19,drugs,Hybrid-Full,62,1.0,14.0,17.82993751697909,37.62265688671558,11.580970882291467,16.95204259607025,59.37096774193548,16.82993751697909,23.622656886715582,28.533013478361717,0.0
תפ_48176-01-22,weapon,Hybrid-Full,61,72.0,48.0,38.621059403817284,68.93523482736437,19.630885723296014,26.930090548337972,76.44262295081967,33.378940596182716,20.93523482736437,46.56097627163399,0.0
תפ_38014-02-22,drugs,Hybrid-Full,73,16.0,36.0,12.046114825916533,27.857505187917923,9.491618607715594,15.6489207962305,59.41095890410959,3.9538851740834673,8.142494812082077,25.140539403946093,0.49501386108116463
תפ_46786-01-23,drugs,Hybrid-Full,75,25.0,50.0,22.725353556056564,45.85406845665094,13.03067150994146,22.569344006614124,65.05333333333333,2.2746464439434355,4.145931543349057,35.60001551655559,0.7645953724647369
תפ_16690-05-19,drugs,Hybrid-Full,52,9.0,24.0,10.064614446814996,25.459920755867113,5.253168950611491,8.87978556700421,63.09615384615385,1.0646144468149963,1.4599207558671132,14.132954517615701,0.8466253124710674
תפ_46039-04-17,drugs,Hybrid-Full,34,6.0,18.0,9.290626471973622,24.018370230805466,4.69336570713381,8.415723050556489,62.44117647058823,3.2906264719736225,6.018370230805466,13.109088757690298,0.4833607821608762
תפ_72132-02-19,drugs,Hybrid-Full,14,12.0,36.0,17.342417061611375,35.75592417061611,9.40174755792013,16.38378989820644,60.285714285714285,5.342417061611375,0.24407582938388828,25.78553745612657,0.7672294628751973
תפ_28796-07-22,weapon,Hybrid-Full,21,72.0,144.0,56.47719537100067,94.73451327433628,24.747431667744024,29.94355990935866,69.95238095238095,15.522804628999332,49.26548672566372,54.690991577102686,0.2597553102954787
תפ_44169-08-22,weapon,Hybrid-Full,41,22.0,40.0,27.378662659654395,47.68970698722765,9.096024195056287,11.148449392397504,64.92682926829268,5.378662659654395,7.689706987227652,20.24447358745379,0.491299388763782
תפ_12158-04-23,drugs,Hybrid-Full,3,20.0,48.0,34.058823529411754,59.99999999999999,2.8284271247461903,0.0,56.666666666666664,14.058823529411754,11.999999999999993,2.8284271247461903,0.3485294117647062
תפ_40650-03-22,drugs,Hybrid-Full,35,12.0,24.0,21.530265132566278,45.22711355677837,14.729118737233067,23.787597523044806,57.114285714285714,9.530265132566278,21.22711355677837,38.516716260277875,0.0743289020038845
תפ_59888-08-22,drugs,Hybrid-Full,18,16.0,30.0,21.523642732049037,41.958844133099824,10.067672257843817,14.584894096374821,63.44444444444444,5.523642732049037,11.958844133099824,24.65256635421864,0.326530612244898
תפ_17677-04-17,drugs,Hybrid-Full,100,22.0,46.0,21.007580243989104,42.7220182399621,8.210207061944297,12.357552346642114,84.43,0.9924197560108965,3.2779817600379033,20.56775940858641,0.8291321305524356
תפ_27735-02-21,drugs,Hybrid-Full,89,24.0,48.0,23.3147795318454,45.85070767555797,10.81858528889402,15.03189387957711,82.56179775280899,0.6852204681546006,2.1492923244420297,25.850479168471132,0.8851736894044224
תפ_808-06-16,weapon,Hybrid-Full,54,24.0,48.0,17.58272800645683,39.460586494484815,5.88352889076826,6.774564103532192,68.83333333333333,6.417271993543171,8.539413505515185,12.658092994300453,0.5082831391903493
תפ_51523-10-17,weapon,Hybrid-Full,88,9.0,24.0,19.508139937651535,42.627987530308275,8.592953099790934,13.041494489221575,65.61363636363636,10.508139937651535,18.627987530308275,21.63444758901251,0.13357504841168494
תפ_25624-03-22,weapon,Hybrid-Full,50,30.0,60.0,37.18669920683343,63.5137278828554,14.659658931912434,21.471842026244513,65.56,7.186699206833431,3.513727882855399,36.13150095815695,0.6807151049536676
תפ_34737-09-21,weapon,Hybrid-Full,52,12.0,24.0,17.57737923054672,39.625976280011564,5.92267106501608,8.134297138710167,66.48076923076923,5.577379230546718,15.625976280011564,14.056968203726246,0.2324848434080605
תפ_38574-12-18,drugs,Hybrid-Full,74,10.0,30.0,21.86613475177305,44.24202127659574,8.437325330280874,12.089422116051413,76.21621621621621,11.86613475177305,14.242021276595743,20.526747446332287,0.23754045307443367
תפ_37083-11-14,weapon,Hybrid-Full,38,7.0,30.0,14.008126934984523,35.88506191950466,7.627448973237066,12.031497213886402,68.0,7.0081269349845225,5.885061919504658,19.65894618712347,0.5536381784321865
תפ_57965-03-15,weapon,Hybrid-Full,50,12.0,36.0,18.193538461538463,40.233230769230765,8.55336191213724,11.036303729057117,65.0,6.193538461538463,4.233230769230765,19.589665641194358,0.6306916018221845
תפ_2077-10-23,weapon,Hybrid-Full,36,30.0,55.0,26.002402883460153,43.90548658390067,7.247551736472084,8.352708956594874,69.36111111111111,3.997597116539847,11.094513416099332,15.600260693066957,0.47953927106495187
תפ_23408-05-15,drugs,Hybrid-Full,29,24.0,40.0,28.66322432587492,55.879518072289144,14.615402427213338,24.868931091834572,60.10344827586207,4.663224325874921,15.879518072289144,39.48433351904791,0.35561314472879135
תפ_30433-06-22,weapon,Hybrid-Full,38,14.0,30.0,13.241444866920153,32.07984790874525,4.566907947336577,7.151700105879171,69.21052631578948,0.758555133079847,2.0798479087452506,11.718608053215748,0.8493288929256231
תפ_14802-02-23,weapon,Hybrid-Full,18,11.0,24.0,20.787012987012986,38.7948051948052,6.069555681665628,8.095304232534065,64.16666666666667,9.787012987012986,14.7948051948052,14.164859914199694,0.11559667320811141
תפ_37722-09-23,weapon,Hybrid-Full,43,30.0,60.0,43.64645201625509,73.10503282275711,19.23850474698972,23.42711330151388,74.3953488372093,13.64645201625509,13.10503282275711,42.6656180485036,0.3793883663420186
תפ_66430-05-20,weapon,Hybrid-Full,52,20.0,40.0,32.150808375298176,59.82136231115823,16.35619601035015,22.44233241050646,72.5576923076923,12.150808375298176,19.821362311158232,38.79852842085661,0.19711007281391837
תפ_11220-12-18,drugs,Hybrid-Full,59,24.0,60.0,22.404593138644746,46.496739438616395,14.830440677811136,24.520732101357734,59.779661016949156,1.5954068613552543,13.503260561383605,39.35117277916887,0.5983906364301392
תפ_54036-06-19,drugs,Hybrid-Full,53,10.0,36.0,18.908805031446537,39.20628930817609,10.433706366918987,16.787130808120754,60.0,8.908805031446537,3.206289308176089,27.22083717503974,0.5851888539558124
תפ_16129-03-22,weapon,Hybrid-Full,15,20.0,36.0,13.66990291262136,30.19417475728155,4.972814986392404,8.92835682281771,68.66666666666667,6.33009708737864,5.8058252427184485,13.901171809210114,0.4565217391304347
תפ_7467-12-20,weapon,Hybrid-Full,32,42.0,60.0,45.423204945316215,77.06609605325725,20.864143883706323,31.135901077975888,65.71875,3.4232049453162148,17.066096053257255,52.00004496168221,0.41569483619006287
תפח_866-07-14,weapon,Hybrid-Full,5,120.0,180.0,80.25974025974025,136.67532467532467,72.23960132780357,93.07545326239352,77.0,39.740259740259745,43.324675324675326,165.3150545901971,0.1671875
תפ_47474-01-14,drugs,Hybrid-Full,57,66.0,102.0,11.466089466089468,27.712842712842715,9.80882197880462,18.95094183327344,60.78947368421053,54.53391053391053,74.28715728715729,28.75976381207806,0.0
תפ_50474-09-22,weapon,Hybrid-Full,89,32.0,62.0,36.29775631037707,65.88812714241197,19.507734312777767,27.202063869358934,72.11235955056179,4.297756310377068,3.8881271424119745,46.7097981821367,0.7584439110963977
תפ_58774-07-22,weapon,Hybrid-Full,57,54.0,70.0,46.914775592536564,76.09178013111449,33.96373421184431,44.51850400831318,69.57894736842105,7.085224407463436,6.09178013111449,78.48223822015748,0.5483770610805764
תפ_36422-07-13,drugs,Hybrid-Full,16,24.0,55.0,33.66088631984585,65.4383429672447,14.620191517213446,23.261337961303944,64.875,9.66088631984585,10.438342967244694,37.88152947851739,0.5149605933089999
תפ_13301-07-18,weapon,Hybrid-Full,84,24.0,50.0,24.6459802538787,48.339210155148095,12.771024415678264,17.295943451108574,67.52380952380952,0.645980253878701,1.6607898448519052,30.06696786678684,0.9112780731257459
תפ_56149-01-15,weapon,Hybrid-Full,18,24.0,54.0,21.866247049567264,43.907946498819825,13.60646179097034,17.30062797689904,70.61111111111111,2.1337529504327364,10.092053501180175,30.90708976786938,0.6195338132314773
תפ_31276-05-19,drugs,Hybrid-Full,42,6.0,12.0,7.054108216432866,18.92184368737475,9.05976628171859,14.71628896827364,59.404761904761905,1.0541082164328657,6.92184368737475,23.77605524999223,0.38275434243176176
תפ_18833-05-13,weapon,Hybrid-Full,40,8.0,18.0,10.146804835924007,26.195164075993095,3.413118075894826,7.876825185314195,72.375,2.146804835924007,8.195164075993095,11.289943261209022,0.4316089226388229
תפ_39071-12-15,weapon,Hybrid-Full,3,6.0,20.0,6.631578947368422,16.973684210526315,4.988876515698588,6.164414002968976,63.333333333333336,0.6315789473684221,3.026315789473685,11.153290518667564,0.7387218045112781
תפ_3013-04-18,weapon,Hybrid-Full,48,9.0,24.0,10.864306784660766,26.825958702064902,3.6981954120294342,7.635807459303539,70.625,1.8643067846607657,2.825958702064902,11.334002871332974,0.7368856528214461
תפ_19412-05-18,drugs,Hybrid-Full,62,9.0,20.0,7.546270066100095,20.388338054768656,5.93576875192917,10.0684571481649,68.3225806451613,1.453729933899905,0.38833805476865635,16.00422590009407,0.8565598632327797
תפ_54179-08-22,drugs,Hybrid-Full,28,10.0,24.0,7.272312373225151,17.7789046653144,4.754160369226781,5.26479935466661,70.42857142857143,2.7276876267748493,6.2210953346856,10.018959723893392,0.46503167914633026
תפ_182-11-12,weapon,Hybrid-Full,32,42.0,84.0,21.926934097421206,45.437917860553966,8.415016339853418,12.79339276491971,65.4375,20.073065902578794,38.562082139446034,21.20840910477313,0.0553850178102954
תפ_4632-02-22,drugs,Hybrid-Full,43,30.0,48.0,17.626883425852498,37.973433782712135,10.69423605006124,19.98301063151909,58.651162790697676,12.373116574147502,10.026566217287865,30.67724668158033,0.26251615514157783
תפ_14963-02-23,drugs,Hybrid-Full,98,14.0,28.0,12.519324455992207,28.504222150048726,11.592375670139159,19.808677247460118,62.83673469387755,1.4806755440077932,0.5042221500487258,31.401052917599277,0.8758266876619085
תפ_44579-08-15,weapon,Hybrid-Full,28,7.0,30.0,13.566157090142331,36.93410648392199,6.778191318561347,10.259888211985984,67.75,6.566157090142331,6.934106483921987,17.038079530547332,0.549000616359954
תפ_43844-05-15,weapon,Hybrid-Full,62,16.0,40.0,17.773193417600762,40.44264249940377,8.609700987410184,12.61917177781333,67.62903225806451,1.773193417600762,0.44264249940376743,21.228872765223514,0.9093454843493873
תפ_53715-12-15,weapon,Hybrid-Full,34,14.0,36.0,14.341027874564464,36.967770034843205,5.2306655017975965,8.626024837563936,67.52941176470588,0.34102787456446393,0.9677700348432055,13.856690339361531,0.943015891075966
תפ_15747-08-22,drugs,Hybrid-Full,48,24.0,72.0,35.84412767276108,64.81561822125813,16.191347140439618,24.115139032474094,67.22916666666667,11.844127672761083,7.184381778741866,40.30648617291371,0.6035727197603552
תפ_33439-01-21,drugs,Hybrid-Full,126,20.0,40.0,19.204401597039634,39.66734832992503,9.662238019083102,14.911243244849837,81.5,0.7955984029603655,0.33265167007497354,24.57348126393294,0.9457457269960201
תפ_63328-04-21,weapon,Hybrid-Full,32,15.0,30.0,15.894101254064095,38.04923362749652,5.5617977084752015,7.415144974981946,67.28125,0.8941012540640951,8.04923362749652,12.976942683457146,0.6119899244332494
תפ_19130-12-21,weapon,Hybrid-Full,49,16.0,40.0,19.484440454817477,40.79174147217236,7.348639258989869,7.994479561353132,68.20408163265306,3.484440454817477,0.7917414721723617,15.343118820343001,0.8275158712916693
תפ_41952-02-22,weapon,Hybrid-Full,75,30.0,42.0,24.400591715976336,45.159566074950696,11.136295015249312,13.41465864890593,67.6,5.599408284023664,3.159566074950696,24.55095366415524,0.5780632411067194
תפ_31425-08-20,drugs,Hybrid-Full,40,24.0,72.0,20.474848222029486,43.48525585429314,13.070960178961606,22.73860978600055,57.65,3.525151777970514,28.514744145706857,35.80956996496215,0.3781697905181917
תפ_22021-09-22,drugs,Hybrid-Full,109,18.0,30.0,10.903074670571009,25.559443631039525,9.14001847458092,15.213283215547134,62.6605504587156,7.096925329428991,4.4405563689604755,24.353301690128056,0.3958461113837091
תפ_4730-11-21,drugs,Hybrid-Full,78,27.0,54.0,16.402783635596794,35.52636018557572,12.17414862756524,22.123450777246035,60.794871794871796,10.597216364403206,18.47363981442428,34.29759940481127,0.22678168784985953
תפ_12035-06-20,weapon,Hybrid-Full,34,12.0,36.0,22.15571557155716,44.804680468046804,10.860431019886654,14.446776199573165,65.3529411764706,10.15571557155716,8.804680468046804,25.30720721945982,0.42202162102837065
תפ_46550-12-16,weapon,Hybrid-Full,31,12.0,32.0,13.067415730337084,32.54831460674158,4.255864534315359,7.244790729615378,71.7741935483871,1.0674157303370837,0.5483146067415774,11.500655263930737,0.9213692038495185
תפ_12233-08-12,weapon,Hybrid-Full,7,5.0,30.0,6.264940239043825,19.179282868525895,3.1815796359028696,9.284615319583956,71.71428571428571,1.264940239043825,10.820717131474105,12.466194955486825,0.5165737051792828
תפ_57474-07-15,weapon,Hybrid-Full,34,18.0,48.0,14.055066079295155,35.057268722466965,4.461387591182179,6.584295040205184,66.76470588235294,3.9449339207048446,12.942731277533035,11.045682631387363,0.5024982155603143
תפ_52145-01-20,drugs,Hybrid-Full,96,6.0,18.0,8.636659807956104,21.439814814814817,7.171237641129706,12.423498539953316,60.75,2.6366598079561037,3.4398148148148167,19.59473618108302,0.6064412238325282
תפ_38355-09-23,weapon,Hybrid-Full,32,28.0,58.0,47.67177419354837,80.1233870967742,16.325665185529196,21.014039205968945,77.5,19.671774193548373,22.123387096774195,37.339704391498145,0.19814955208639576
תפ_69933-03-23,weapon,Hybrid-Full,30,42.0,64.0,48.48961661341852,78.62020766773162,17.562080362720888,20.50582573048179,83.46666666666667,6.489616613418519,14.62020766773162,38.06790609320268,0.4235471171357846
תפ_32882-09-21,weapon,Hybrid-Full,51,48.0,72.0,34.16279728199319,59.51047565118911,17.171232077887257,23.49106352125159,69.25490196078431,13.837202718006807,12.489524348810889,40.662295599138844,0.3042105341923506
תפ_34630-12-21,weapon,Hybrid-Full,6,24.0,48.0,21.362637362637365,41.23076923076924,8.736894948054104,10.734161458736413,75.83333333333333,2.637362637362635,6.769230769230759,19.471056406790517,0.6468646864686473
תא_40004-08-18,drugs,Hybrid-Full,11,8.0,18.0,15.750385208012325,35.73959938366718,8.678842898081909,14.752503639598386,59.0,7.750385208012325,17.739599383667183,23.431346537680295,0.0810975948453036
תפ_9582-10-20,drugs,Hybrid-Full,3,8.0,20.0,26.361702127659576,52.59574468085106,21.95449840010015,28.284271247461902,78.33333333333333,18.361702127659576,32.59574468085106,50.23876964756205,0.0
תפ_12606-07-22,weapon,Hybrid-Full,42,54.0,96.0,39.50016694490817,65.38497495826375,19.800664800218506,25.481040926775698,71.30952380952381,14.499833055091827,30.615025041736246,45.281705726994204,0.20150457696330712
תפ_53669-03-22,weapon,Hybrid-Full,65,36.0,50.0,40.710866752910746,70.57309184993532,21.764495271838257,28.936518971319177,71.35384615384615,4.710866752910746,20.573091849935324,50.70101424315743,0.2686810102899903
תפ_44381-05-20,weapon,Hybrid-Full,50,13.0,39.0,15.101744186046512,36.470930232558146,4.279439215598231,6.385107673328618,68.8,2.1017441860465116,2.529069767441854,10.66454688892685,0.8218917710196784
תפ_62070-05-20,drugs,Hybrid-Full,82,14.0,36.0,19.034482758620687,39.542963653308476,9.972277158162761,14.654396558336842,65.42682926829268,5.034482758620687,3.542963653308476,24.626673716499603,0.6641953326814463
תפ_64941-05-17,weapon,Hybrid-Full,14,6.0,18.0,10.223463687150838,26.882681564245807,2.540488463396963,5.642405045180428,63.92857142857143,4.223463687150838,8.882681564245807,8.182893508577392,0.37239165329052976
תפ_9983-05-16,weapon,Hybrid-Full,9,9.0,36.0,12.729641693811077,32.91530944625407,8.524474568362947,13.817148050408722,68.22222222222223,3.729641693811077,3.0846905537459293,22.34162261877167,0.7476173241645554
תפ_9264-02-21,drugs,Hybrid-Full,4,14.0,36.0,15.603174603174606,39.603174603174615,4.898979485566356,4.898979485566356,63.0,1.6031746031746064,3.6031746031746152,9.797958971132712,0.7966522008679473
תפ_9873-02-17,weapon,Hybrid-Full,10,10.0,24.0,34.87286821705426,62.97984496124031,20.513410247932935,28.611186623417073,64.5,24.87286821705426,38.97984496124031,49.12459687135001,0.0
תפ_12154-12-14,weapon,Hybrid-Full,35,10.0,24.0,24.776106934001668,51.07852965747703,12.497509956068882,20.185264376747305,68.4,14.776106934001668,27.078529657477027,32.68277433281619,0.0
תפ_57498-03-19,weapon,Hybrid-Full,8,24.0,48.0,35.1328125,61.38671875,19.617833086250887,24.705452333442512,64.0,11.1328125,13.38671875,44.3232854196934,0.34416466408943686
תפ_34866-09-22,drugs,Hybrid-Full,7,6.0,24.0,12.90650406504065,29.76829268292683,5.656854249492381,8.928285709714139,70.28571428571429,6.90650406504065,5.76829268292683,14.585139959206519,0.46673507781768425
תפ_21384-01-23,drugs,Hybrid-Full,82,18.0,42.0,15.815952143569294,33.97407776669989,12.694389754194956,20.848640816953434,61.15853658536585,2.1840478564307055,8.025922233300108,33.54303057114839,0.6100690716075329
תפ_39034-01-18,drugs,Hybrid-Full,28,10.0,36.0,17.533090467516697,36.72738312082573,10.382174185416392,15.695118180309363,58.82142857142857,7.533090467516697,0.7273831208257278,26.077292365725754,0.690935938209905
תפ_14373-03-22,weapon,Hybrid-Full,23,48.0,96.0,36.22006269592477,69.5987460815047,22.63184433650589,39.50946860742158,69.34782608695652,11.779937304075233,26.4012539184953,62.141312943927474,0.36130426118784675
תפ_7317-01-15,weapon,Hybrid-Full,52,36.0,60.0,31.017251131221727,57.873020361990974,17.601386359464637,26.068263538358774,68.0,4.982748868778273,2.1269796380090256,43.66964989782341,0.7546910219255887
תפ_59004-08-23,weapon,Hybrid-Full,33,17.0,30.0,15.576086956521738,33.61304347826086,5.359954223178013,8.69353749189872,69.6969696969697,1.4239130434782616,3.613043478260863,14.053491715076733,0.7207424370254311
תפ_31249-06-14,weapon,Hybrid-Full,5,24.0,60.0,28.424242424242426,61.72727272727273,10.307278981380101,14.4,66.0,4.424242424242426,1.7272727272727266,24.7072789813801,0.8369477911646586
תפ_4475-11-18,weapon,Hybrid-Full,43,12.0,36.0,21.920270270270272,44.726689189189194,10.582903035957072,14.477337243853075,68.83720930232558,9.920270270270272,8.726689189189194,25.060240279810145,0.4302216349578304
תפ_4133-01-20,weapon,Hybrid-Full,85,16.0,36.0,17.206318729272123,39.07627858264968,6.89441878483044,9.927738916792686,67.4,1.2063187292721231,3.076278582649678,16.822157701623127,0.8144156001331276
תפ_26417-03-17,weapon,Hybrid-Full,9,15.0,30.0,14.151618398637137,36.04770017035775,5.1735318785879185,6.733003292241386,65.22222222222223,0.8483816013628633,6.04770017035775,11.906535170829304,0.6850540729790711
תפ_34938-09-18,drugs,Hybrid-Full,4,36.0,60.0,32.541666666666664,66.5,16.635804759614125,26.153393661244042,60.0,3.4583333333333357,6.5,42.78919842085817,0.7067484662576686
תפ_37987-11-23,drugs,Hybrid-Full,15,36.0,66.0,26.67403314917127,52.98342541436464,7.692420511993174,14.212044969750913,60.333333333333336,9.325966850828731,13.016574585635361,21.904465481744086,0.43186288283225616
תפ_69158-11-16,weapon,Hybrid-Full,46,16.0,40.0,20.57033002242871,42.66901634091637,9.939062915819202,12.458475451916712,67.84782608695652,4.57033002242871,2.6690163409163716,22.397538367735912,0.7285484297282361
תפ_17935-01-20,weapon,Hybrid-Full,21,10.0,36.0,15.077140835102616,38.406227883934875,2.5242587201330613,4.2255029621864795,67.28571428571429,5.077140835102616,2.406227883934875,6.749761682319541,0.7365588718919731
תפ_50809-07-17,weapon,Hybrid-Full,40,12.0,36.0,15.966183574879226,37.923448532144185,6.451695513584006,6.564868620162935,67.275,3.966183574879226,1.9234485321441852,13.016564133746941,0.772806766055046
תפ_47348-11-21,weapon,Hybrid-Full,19,10.0,36.0,15.782442748091604,33.19083969465649,3.0096796748412205,4.270623742126483,68.94736842105263,5.782442748091604,2.809160305343511,7.280303416967704,0.6695537287140341
תפ_70374-11-20,drugs,Hybrid-Full,114,0.0,14.0,10.435924058142987,24.89943636902997,9.245435099303796,15.097344950732348,59.14035087719298,10.435924058142987,10.89943636902997,24.342780050036144,0.14313882005337383
תפ_24548-06-13,weapon,Hybrid-Full,58,18.0,36.0,31.534627366403072,60.226216151449805,15.70394385358278,24.891966336739923,71.94827586206897,13.534627366403072,24.226216151449805,40.595910190322705,0.1057488224277849
תפח_12074-08-16,weapon,Hybrid-Full,3,120.0,168.0,119.12195121951221,198.7317073170732,46.3033476111609,40.792156108742276,68.33333333333333,0.8780487804877879,30.731707317073187,87.09550371990318,0.6029411764705882
תפ_25537-07-24,drugs,Hybrid-Full,49,11.0,22.0,13.783847980997626,32.32507634882932,10.881551510024023,20.580840898231067,60.142857142857146,2.783847980997626,10.32507634882932,31.46239240825509,0.38528124751372417
תפ_24350-06-23,drugs,Hybrid-Full,6,42.0,96.0,38.81203007518797,75.96992481203007,14.941552797483935,27.2213151776324,66.5,3.1879699248120303,20.030075187969928,42.162867975116335,0.594004733105443
תפ_17030-02-22,weapon,Hybrid-Full,9,20.0,42.0,18.24590163934426,39.04918032786885,4.15739709641549,5.665577237325316,67.77777777777777,1.754098360655739,2.9508196721311535,9.822974333740806,0.8019323671497581
תפ_15209-10-23,weapon,Hybrid-Full,30,19.0,40.0,30.06256517205423,46.865484880083415,10.65019561635685,13.474626360517592,63.93333333333333,11.062565172054232,6.8654848800834145,24.124821976874443,0.3566216367922761
תפ_9632-08-23,weapon,Hybrid-Full,16,8.0,18.0,11.31578947368421,26.372807017543856,3.295356581616017,8.27057094462045,71.25,3.3157894736842106,8.372807017543856,11.565927526236468,0.36380997851515884
תפ_7867-04-22,drugs,Hybrid-Full,84,27.0,55.0,23.448807854137446,45.9437587657784,8.1022641078571,12.117825506720992,84.88095238095238,3.5511921458625544,9.056241234221602,20.220089614578093,0.6004134068278804
תפ_633-05-17,weapon,Hybrid-Full,25,36.0,72.0,27.874857792946532,53.01478953356087,19.2518466646709,27.41678318111007,70.32,8.125142207053468,18.985210466439128,46.66862984578097,0.38560305264786277
תפ_7089-08-23,weapon,Hybrid-Full,101,28.0,50.0,35.26923076923075,59.68883747831114,18.8356754157064,25.8919769645016,68.47524752475248,7.269230769230752,9.688837478311143,44.727652380208,0.4648567256798694
תפ_3986-06-22,weapon,Hybrid-Full,30,12.0,36.0,14.11818181818182,32.82272727272728,2.9403325586667157,5.1764423647477775,73.33333333333333,2.118181818181821,3.1772727272727224,8.116774923414493,0.7793560606060607
תפ_2724-08-19,weapon,Hybrid-Full,13,9.0,36.0,10.424418604651164,30.744186046511633,2.8986836432948877,6.1461490324425165,66.15384615384616,1.424418604651164,5.255813953488367,9.044832675737403,0.7525839793281656
תפ_26036-08-21,weapon,Hybrid-Full,25,20.0,50.0,20.482265090230243,42.090230242688236,7.483956173041101,8.034923770640267,64.28,0.4822650902302428,7.909769757311764,15.518879943681368,0.7202655050819331
תפ_53339-09-22,weapon,Hybrid-Full,10,30.0,60.0,21.86238532110092,44.85932721712538,10.353743284435827,13.654303350958628,65.4,8.13761467889908,15.140672782874617,24.008046635394457,0.38962392751182745
תפ_13995-12-22,weapon,Hybrid-Full,74,30.0,60.0,34.18800440205429,58.66599413059428,19.433414439721474,25.24153952813066,73.67567567567568,4.18800440205429,1.334005869405722,44.67495396785213,0.815932990951333
תפ_32883-03-22,weapon,Hybrid-Full,14,90.0,150.0,61.15736040609137,100.253807106599,25.8646397971581,34.014402711744545,70.35714285714286,28.84263959390863,49.746192893401,59.87904250890264,0.11541538109930309
תפ_39345-03-20,weapon,Hybrid-Full,129,30.0,60.0,37.47401433691756,65.49596774193547,42.08995663162232,55.00794092938354,69.20930232558139,7.474014336917563,5.495967741935473,97.09789756100585,0.6346068890655965
תפ_30039-04-20,drugs,Hybrid-Full,91,20.0,46.0,22.824234354194413,45.584553928095886,8.321663930294942,11.856343351631597,82.52747252747253,2.824234354194413,0.415446071904114,20.17800728192654,0.8753969066885182
תפ_26839-11-16,drugs,Hybrid-Full,49,10.0,36.0,12.856749311294765,29.893663911845724,9.153010033301666,14.719705192346902,74.08163265306122,2.856749311294765,6.106336088154276,23.87271522564857,0.6552659461750369
תפ_998-08-14,weapon,Hybrid-Full,21,12.0,30.0,25.308376575240924,49.99110452186805,11.649258148890905,19.365912029977686,64.23809523809524,13.308376575240924,19.991104521868053,31.01517017886859,0.12349268292682913
תפ_30966-07-22,weapon,Hybrid-Full,3,21.0,24.0,13.930232558139537,37.2093023255814,4.189935029992179,1.8856180831641267,71.66666666666667,7.0697674418604635,13.209302325581397,6.075553113156305,0.12887112887112886
תפ_17715-07-18,drugs,Hybrid-Full,22,28.0,52.0,22.432997676219983,42.64601084430673,11.23463137573994,17.559579806339517,58.68181818181818,5.567002323780017,9.35398915569327,28.794211182079458,0.4953498729401899
תפ_46366-09-19,drugs,Hybrid-Full,5,48.0,108.0,30.550161812297738,61.572815533980595,8.997777503361595,18.74459922217597,61.8,17.449838187702262,46.427184466019405,27.742376725537568,0.17524653184021413
תפ_8188-06-23,weapon,Hybrid-Full,49,28.0,46.0,24.624341901517504,43.69278414369774,10.634043545728257,13.081139154625406,65.89795918367346,3.3756580984824964,2.307215856302257,23.715182700353665,0.7341427370983169
תפ_20387-03-23,weapon,Hybrid-Full,18,36.0,72.0,31.074893617021278,56.115744680851066,9.512986575216372,13.131810402394807,65.27777777777777,4.925106382978722,15.884255319148934,22.64479697761118,0.4915257761973091
תפ_18039-10-21,weapon,Hybrid-Full,72,40.0,60.0,37.80248091603053,67.01278625954198,17.793547693087312,24.19490288505585,72.77777777777777,2.1975190839694676,7.012786259541983,41.98845057814316,0.6846898642380211
תפ_36698-12-18,weapon,Hybrid-Full,20,12.0,36.0,12.232974910394267,31.44802867383513,5.461455849862745,8.627861844049198,69.75,0.2329749103942671,4.551971326164871,14.089317693911942,0.8006272401433693
תפ_66922-03-22,drugs,Hybrid-Full,6,6.0,18.0,8.859416445623342,22.47214854111406,8.839620404117412,15.552777529717606,62.833333333333336,2.859416445623342,4.472148541114059,24.392397933835017,0.5549114331723027
תפ_13-05-32,weapon,Hybrid-Full,9,12.0,36.0,10.511811023622048,28.393700787401574,4.669311419877932,9.706813185707357,70.55555555555556,1.4881889763779519,7.606299212598426,14.37612460558529,0.6431881371640408
תפ_30340-08-20,weapon,Hybrid-Full,59,30.0,60.0,20.138169700076908,42.45808766982826,10.511453924287215,13.794340378816297,66.11864406779661,9.861830299923092,17.54191233017174,24.30579430310351,0.3125317522073816
תפ_8868-12-21,weapon,Hybrid-Full,3,10.0,20.0,20.05263157894737,42.94736842105264,2.8284271247461903,5.0990195135927845,63.333333333333336,10.05263157894737,22.947368421052637,7.927446638338974,0.0
תפ_12761-11-15,weapon,Hybrid-Full,10,12.0,36.0,15.32825484764543,35.20775623268698,5.277309920783504,9.911609354691093,72.2,3.3282548476454306,0.7922437673130176,15.188919275474596,0.8283125577100646
תפ_40567-08-16,drugs,Hybrid-Full,26,8.0,24.0,7.785885167464116,22.717105263157897,3.8983003427301726,6.337756682242827,64.3076923076923,0.21411483253588415,1.2828947368421026,10.236057024973,0.9076724455920326
תפ_47301-07-16,drugs,Hybrid-Full,6,8.0,24.0,8.124031007751936,22.511627906976738,5.773502691896258,12.382783747337808,64.5,0.12403100775193643,1.488372093023262,18.156286439234066,0.8992248062015501
תפ_39941-11-19,weapon,Hybrid-Full,4,20.0,44.0,27.96428571428571,49.07142857142857,10.816653826391969,18.0,70.0,7.964285714285712,5.071428571428569,28.81665382639197,0.5515970515970517
תפ_57996-05-20,weapon,Hybrid-Full,74,24.0,48.0,19.611909650924023,41.788501026694036,8.084741103733013,10.278126440473946,65.8108108108108,4.388090349075977,6.2114989733059645,18.362867544206956,0.6266184448462926
תפ_14885-06-24,weapon,Hybrid-Full,4,8.0,18.0,6.767857142857143,20.46428571428572,0.4330127018922193,2.179449471770337,70.0,1.2321428571428568,2.464285714285719,2.612462173662556,0.7301173402868315
תפ_60484-03-22,drugs,Hybrid-Full,15,42.0,65.0,30.522821576763484,57.20746887966805,8.312239970870266,9.302329457363534,80.33333333333333,11.477178423236516,7.792531120331951,17.6145694282338,0.44108797689252616
תפ_23328-12-22,weapon,Hybrid-Full,10,6.0,12.0,13.014388489208631,29.568345323741003,2.8653097563788807,6.6,69.5,7.014388489208631,17.568345323741003,9.46530975637888,0.0
תפ_49344-11-23,weapon,Hybrid-Full,49,30.0,48.0,33.27675053046378,55.63200969990907,15.92189913724521,22.620200471873698,67.3265306122449,3.2767505304637794,7.632009699909069,38.54209960911891,0.5744087038789023
תפ_13048-04-21,drugs,Hybrid-Full,64,24.0,48.0,24.546035015447995,47.82348094747683,7.662816061997051,10.597344522921768,75.859375,0.5460350154479947,0.1765190525231688,18.260160584918818,0.9698935805012016
תפ_14578-04-19,drugs,Hybrid-Full,98,22.0,46.0,22.533242371619945,45.390225750434126,8.597512546710075,12.502794356550822,82.26530612244898,0.533242371619945,0.6097742495658736,21.100306903260897,0.9523743074505909
תפ_25425-02-22,weapon,Hybrid-Full,21,54.0,96.0,31.63206214689266,57.48587570621468,17.540364850622993,23.903813299334338,67.42857142857143,22.36793785310734,38.51412429378532,41.44417814995733,0.054155466564265564
תפ_34353-03-17,drugs,Hybrid-Full,46,10.0,36.0,8.781711928497767,22.608456514266077,5.508199764921708,8.372924227139617,63.23913043478261,1.2182880715022328,13.391543485733923,13.881123992061324,0.4632347369218725
תפ_72146-11-20,weapon,Hybrid-Full,37,36.0,60.0,30.52406015037594,81.11240601503759,12.790438814004174,108.80028412715876,71.89189189189189,5.4759398496240586,21.112406015037593,121.59072294116294,0.47441756771820315
תפ_19408-11-14,drugs,Hybrid-Full,28,10.0,18.0,5.485026423957722,17.885496183206104,6.949067622086184,13.126931344781699,60.82142857142857,4.514973576042278,0.11450381679389565,20.075998966867882,0.6300849246938486
תפ_48281-08-18,drugs,Hybrid-Full,11,6.0,13.0,12.138461538461542,26.846153846153847,12.309372898609611,17.981165536460278,59.09090909090909,6.1384615384615415,13.846153846153847,30.29053843506989,0.04132841328413269
תפ_43245-08-20,weapon,Hybrid-Full,42,20.0,84.0,61.029533185138135,98.3477294379168,41.00464549756469,52.875592018364365,74.97619047619048,41.029533185138135,14.347729437916797,93.88023751592905,0.2931861201295412
תפ_6929-10-15,drugs,Hybrid-Full,22,5.0,15.0,9.625,22.263966480446925,4.391953574247696,6.3998966933811055,65.0909090909091,4.625,7.263966480446925,10.791850267628801,0.3113421244235904
תפ_9860-10-15,drugs,Hybrid-Full,17,6.0,18.0,7.378048780487806,18.378048780487806,1.7803230529907714,3.896587096865693,72.3529411764706,1.3780487804878057,0.37804878048780566,5.6769101498564645,0.8581280788177339
תפ_18327-09-22,weapon,Hybrid-Full,34,14.0,36.0,14.484251968503937,33.58661417322835,3.4566019275891677,5.3019549831735295,74.70588235294117,0.48425196850393704,2.413385826771652,8.758556910762698,0.8682891911238368
תפ_6968-02-22,weapon,Hybrid-Full,31,14.0,30.0,14.81542056074767,32.289719626168235,5.818267547377106,8.951249629362328,69.03225806451613,0.8154205607476701,2.2897196261682353,14.769517176739434,0.8302248339294831
תפ_48905-12-20,weapon,Hybrid-Full,4,32.0,70.0,17.732142857142858,39.214285714285715,9.807522622966516,15.588457268119896,70.0,14.267857142857142,30.785714285714285,25.395979891086412,0.13802528185855828
תפ_16753-02-22,weapon,Hybrid-Full,39,30.0,48.0,24.021116138763205,42.839743589743605,7.6069624497582184,9.650772487161227,68.0,5.978883861236795,5.160256410256395,17.257734936919444,0.5354604352748782
תפ_28234-05-21,drugs,Hybrid-Full,74,36.0,60.0,25.213531047265988,48.656163113994445,10.591224298458057,14.410887096572278,72.9054054054054,10.786468952734012,11.343836886005555,25.002111395030333,0.36382431143531585
תפ_63100-02-24,weapon,Hybrid-Full,10,24.0,40.0,20.045112781954888,36.984962406015036,7.4404300950953095,8.34805366537614,66.5,3.954887218045112,3.015037593984964,15.78848376047145,0.6507159005275056
תפ_7811-10-23,weapon,Hybrid-Full,38,30.0,48.0,25.2488188976378,43.090157480314964,7.268924103175692,8.620017931609786,66.84210526315789,4.7511811023621995,4.909842519685036,15.888942034785478,0.5753616667820312
תפ_21339-07-21,drugs,Hybrid-Full,32,0.0,8.0,8.167449139280125,22.325508607198746,7.164296785972787,13.035857998229346,59.90625,8.167449139280125,14.325508607198746,20.200154784202134,0.0
תפ_26856-05-16,drugs,Hybrid-Full,56,18.0,40.0,11.68657937806874,27.31396617566831,7.329003050503235,10.350105367697905,65.46428571428571,6.313420621931259,12.686033824331691,17.67910841820114,0.3289594111583189
תפ_32156-02-19,drugs,Hybrid-Full,18,18.0,36.0,15.382376717865801,33.10266774454325,9.836471564514696,12.670564702354161,68.72222222222223,2.6176232821341987,2.897332255456753,22.50703626686886,0.7325125470514428
תפ_24278-11-22,drugs,Hybrid-Full,26,10.0,30.0,18.025396825396825,38.28888888888889,10.510138807431579,17.362647795239596,60.57692307692308,8.025396825396825,8.288888888888891,27.872786602671177,0.4232970485916283
תפ_1410-03-24,weapon,Hybrid-Full,25,10.0,22.0,24.23201438848921,45.51858513189448,7.509354166637768,10.419520142501765,66.72,14.232014388489208,23.518585131894483,17.928874309139534,0.0
תפ_40634-03-20,weapon,Hybrid-Full,18,11.0,30.0,14.168000000000001,32.144000000000005,6.78073705888441,13.151069054793629,69.44444444444444,3.168000000000001,2.1440000000000055,19.93180611367804,0.7487703367385544
תפ_35389-01-21,drugs,Hybrid-Full,93,30.0,54.0,23.660309740176633,46.27531038013568,10.49567022809049,14.55105316947363,84.01075268817205,6.339690259823367,7.724689619864321,25.04672339756412,0.5364362734344682
תפ_25332-01-18,drugs,Hybrid-Full,63,6.0,15.0,7.428473648186176,19.81998631074607,4.3381855501433915,7.06725421479646,69.57142857142857,1.4284736481861762,4.819986310746071,11.405439764939851,0.5478678619186762
תפ_5391-02-20,drugs,Hybrid-Full,24,24.0,54.0,13.706921944035344,29.37334315169366,11.917249403001238,22.175397716588733,56.583333333333336,10.293078055964656,24.62665684830634,34.09264711958997,0.13335648232757027
תפ_55035-10-18,drugs,Hybrid-Full,26,18.0,48.0,19.111047835990888,40.13610478359909,13.798904424395783,20.715064695178818,67.53846153846153,1.1110478359908882,7.863895216400913,34.5139691195746,0.7008352315869399
תפח_31041-04-13,weapon,Hybrid-Full,10,72.0,180.0,75.2112676056338,119.90140845070421,47.901565736414085,66.6720331173424,71.0,3.211267605633793,60.09859154929579,114.57359885375648,0.41379760041731867
תפ_22464-07-12,drugs,Hybrid-Full,16,8.0,18.0,4.376718606782768,16.33730522456462,4.167864411182302,5.678908345800274,68.1875,3.6232813932172316,1.66269477543538,9.846772756982576,0.6119895041377919
תפ_61720-01-23,drugs,Hybrid-Full,15,8.0,18.0,4.840485074626866,17.23694029850746,4.1063636251825315,6.276587891167904,71.46666666666667,3.1595149253731343,0.7630597014925407,10.382951516350435,0.7019210321117173
תפ_17916-05-19,weapon,Hybrid-Full,34,10.0,24.0,13.350210970464135,31.928270042194086,3.3035579016703465,6.314699717797479,69.70588235294117,3.3502109704641345,7.928270042194086,9.618257619467826,0.4856648066192036
תפ_1363-04-22,weapon,Hybrid-Full,11,12.0,30.0,10.356643356643355,28.258741258741257,2.49627822140836,8.69786712717454,65.0,1.643356643356645,1.7412587412587435,11.1941453485829,0.8276966892132429
תפ_13749-03-17,drugs,Hybrid-Full,76,15.0,36.0,18.42591024555461,38.32176121930568,10.687548091612328,16.015487656495083,77.69736842105263,3.4259102455546113,2.321761219305678,26.70303574810741,0.7535489961151653
תפ_27625-02-21,weapon,Hybrid-Full,18,6.0,24.0,13.940336134453782,36.02857142857143,4.0276819911981905,6.60807586719967,66.11111111111111,7.940336134453782,12.028571428571432,10.63575785839786,0.3350030783007779
תפ_13632-08-17,weapon,Hybrid-Full,101,15.0,30.0,29.3260099220411,56.0470588235294,17.772125540597603,25.192442340186496,69.85148514851485,14.326009922041099,26.047058823529397,42.9645678807841,0.016419935977789235
תפ_21162-10-19,drugs,Hybrid-Full,30,24.0,48.0,38.18313502327988,70.88101396792551,14.09192045898011,19.979127997877075,64.43333333333334,14.183135023279881,22.88101396792551,34.071048456857184,0.2093995872921286
תפ_32817-12-14,drugs,Hybrid-Full,54,5.0,12.0,11.035215053763448,27.238978494623666,8.618256692771256,14.35419335737871,68.88888888888889,6.035215053763448,15.238978494623666,22.972450050149966,0.04338261069274344
תפ_12109-06-15,weapon,Hybrid-Full,59,8.0,30.0,15.294723294723289,37.328185328185334,5.918240225413253,8.305396050893345,65.84745762711864,7.294723294723289,7.328185328185334,14.223636276306598,0.5014042478497456
תפ_44380-08-16,weapon,Hybrid-Full,25,14.0,36.0,11.286472148541113,28.604774535809018,5.197845707598486,9.6,75.4,2.7135278514588865,7.3952254641909825,14.797845707598485,0.5909627562520124
תפ_52416-06-20,weapon,Hybrid-Full,25,15.0,40.0,15.38395415472779,38.44126074498566,3.4418599622878325,4.49070150421958,69.8,0.3839541547277907,1.5587392550143377,7.932561466507413,0.9222922636103149
תפ_1783-04-23,drugs,Hybrid-Full,7,14.0,38.0,23.627906976744185,47.651162790697676,7.306692487168242,17.69122923475739,61.42857142857143,9.627906976744185,9.651162790697676,24.997921721925632,0.42709053213545267
תפ_35186-03-18,weapon,Hybrid-Full,48,24.0,48.0,34.36882236656312,61.13103643038691,18.61222529832356,24.670036017065993,73.77083333333333,10.368822366563123,13.131036430386906,43.28226131538955,0.36711007674112583
תפ_1715-07-21,weapon,Hybrid-Full,3,26.0,48.0,26.88679245283019,48.64150943396227,4.242640687119285,0.9428090415820634,88.33333333333333,0.8867924528301891,0.6415094339622698,5.185449728701348,0.9324999999999998
תפ_6875-02-22,weapon,Hybrid-Full,4,33.0,50.0,48.892307692307696,81.23076923076923,56.87486263719676,77.94228634059948,81.25,15.892307692307696,31.230769230769226,134.81714897779625,0.022966507177033413
תפ_60429-12-21,weapon,Hybrid-Full,14,12.0,36.0,23.100112485939256,45.36782902137232,8.867793135952192,13.493006502992426,63.5,11.100112485939256,9.367829021372323,22.36079963894462,0.3865965480043151
תפ_27986-11-22,weapon,Hybrid-Full,55,32.0,54.0,34.920921707253214,58.74469756480756,18.93262521470969,25.706326198264314,69.43636363636364,2.920921707253214,4.744697564807559,44.63895141297401,0.7133779788129778
תפ_1990-11-22,drugs,Hybrid-Full,30,48.0,78.0,33.858992140545546,61.860841423948244,16.106899832749388,22.118393552275293,72.1,14.141007859454454,16.139158576051756,38.225293385024685,0.31401279889397504
תפ_17573-10-22,weapon,Hybrid-Full,11,20.0,36.0,17.861111111111107,38.38888888888888,4.144098661833265,7.190443612103705,65.45454545454545,2.138888888888893,2.3888888888888786,11.33454227393697,0.7794316644113669
תפ_41189-09-15,drugs,Hybrid-Full,72,5.0,12.0,10.409006499535748,25.78435468895079,11.762035797901277,20.157711510321136,59.833333333333336,5.409006499535748,13.784354688950788,31.919747308222412,0.0765476496275366
תפ_57687-05-22,weapon,Hybrid-Full,19,30.0,40.0,21.223362273086032,43.0828729281768,9.17994924517801,14.514106234225839,66.6842105263158,8.776637726913968,3.0828729281767977,23.69405547940385,0.45746678220681686
תפ_33458-08-14,weapon,Hybrid-Full,20,48.0,84.0,44.672343324250676,78.61444141689373,13.904945163502084,25.27666908435524,73.4,3.3276566757493242,5.385558583106274,39.181614247857325,0.7784456030346593
תפח_41585-03-16,weapon,Hybrid-Full,45,48.0,84.0,45.224262295081964,80.36196721311478,36.18836863815994,50.155235562411505,67.77777777777777,2.7757377049180363,3.638032786885219,86.34360420057145,0.8345932051477185
תפ_19705-09-23,drugs,Hybrid-Full,12,10.0,22.0,11.683229813664594,26.89440993788819,3.157882553582736,6.137317546507322,67.08333333333333,1.6832298136645942,4.894409937888192,9.295200100090058,0.6106617647058827
תפ_67471-06-18,drugs,Hybrid-Full,38,9.0,18.0,7.6647801480191555,22.531998258598176,7.343802859773218,11.284411820671213,60.44736842105263,1.3352198519808445,4.5319982585981755,18.62821468044443,0.6053587115666177
תפ_49212-08-19,weapon,Hybrid-Full,3,2.0,8.0,14.04878048780488,39.5609756097561,2.8284271247461903,2.494438257849294,68.33333333333333,12.04878048780488,31.5609756097561,5.322865382595484,0.0
תפ_8008-07-19,weapon,Hybrid-Full,45,12.0,30.0,17.26755852842809,39.45484949832776,7.892487442162411,11.085837923636436,66.44444444444444,5.26755852842809,9.45484949832776,18.978325365798845,0.46375928858569876
תפ_10300-06-20,weapon,Hybrid-Full,7,24.0,60.0,20.78936170212766,45.61702127659574,11.286618408630675,16.694127037704618,67.14285714285714,3.2106382978723396,14.382978723404257,27.98074544633529,0.5513050084106571
תפ_42118-11-23,drugs,Hybrid-Full,4,30.0,60.0,24.499999999999996,49.47826086956522,8.898735865278843,13.076696830622021,57.5,5.5000000000000036,10.521739130434781,21.975432695900864,0.548683404776485
תפ_19827-06-15,drugs,Hybrid-Full,52,7.0,18.0,12.36368505623996,29.123995715050892,8.985750553946591,14.367778608058295,71.8076923076923,5.3636850562399605,11.123995715050892,23.353529162004886,0.25476026195058743
תפ_27961-04-18,drugs,Hybrid-Full,25,6.0,18.0,20.577603143418468,43.60183366077275,11.390943771259693,19.027811224625914,61.08,14.577603143418468,25.601833660772748,30.418754995885607,0.0
תפ_25806-05-22,drugs,Hybrid-Full,18,10.0,24.0,11.094736842105263,27.290688259109306,10.35064261140997,22.893473111590367,68.61111111111111,1.094736842105263,3.290688259109306,33.244115723000334,0.7463707033810998
תפ_45025-05-22,weapon,Hybrid-Full,11,21.0,36.0,20.965753424657535,42.342465753424655,3.7768323777892703,7.958570410268832,66.36363636363636,0.03424657534246478,6.342465753424655,11.735402788058103,0.7016981736622878
תפ_3742-07-18,weapon,Hybrid-Full,10,6.0,18.0,18.16220472440945,42.576377952755905,7.608547824650904,11.859173664298874,63.5,12.162204724409449,24.576377952755905,19.467721488949778,0.0
תפ_45433-09-17,drugs,Hybrid-Full,71,24.0,30.0,18.63887554060548,38.568476693897175,11.172610116801675,20.067481870066196,58.61971830985915,5.361124459394521,8.568476693897175,31.24009198686787,0.3010597128286736
תפ_10347-10-23,weapon,Hybrid-Full,39,24.0,48.0,27.54401544401545,46.0027027027027,7.872755307649432,9.128709291752768,66.41025641025641,3.54401544401545,1.997297297297301,17.0014645994022,0.7691119691119687
תפ_29457-07-16,drugs,Hybrid-Full,26,24.0,54.0,26.79571984435797,53.582360570687406,9.688720337338049,16.940550419650187,59.30769230769231,2.7957198443579685,0.4176394293125938,26.629270756988234,0.8928880242109812
תפ_59045-12-20,drugs,Hybrid-Full,6,3.0,12.0,33.55192878338279,64.41543026706232,14.326548781894402,24.657656011875904,56.166666666666664,30.55192878338279,52.41543026706232,38.9842047937703,0.0
תפח_63773-04-21,weapon,Hybrid-Full,5,120.0,168.0,45.612903225806456,83.99999999999999,14.75127113166862,13.145341380123988,62.0,74.38709677419354,84.00000000000001,27.896612511792608,0.0
תפ_29832-08-15,drugs,Hybrid-Full,15,6.0,14.0,6.866931479642502,19.789473684210527,3.255081497528988,4.080304999493161,67.13333333333334,0.8669314796425018,5.789473684210527,7.335386497022149,0.5172835949877574
תפ_50998-03-23,weapon,Hybrid-Full,40,42.0,66.0,26.013928571428576,50.478571428571435,13.206414161308134,18.93508647986589,70.0,15.986071428571424,15.521428571428565,32.14150064117403,0.2120381204169311
תפ_54615-03-16,weapon,Hybrid-Full,47,20.0,40.0,30.28632089778587,58.18259023354565,16.072887399927744,25.0091336868797,70.14893617021276,10.28632089778587,18.182590233545653,41.082021086807444,0.2544007371631925
תפ_35106-03-18,weapon,Hybrid-Full,30,36.0,72.0,32.15952051636699,57.26509912402029,18.43173591631805,23.684594148939937,72.3,3.840479483633011,14.734900875979712,42.11633006525798,0.5337561043349458
תפ_47668-04-18,drugs,Hybrid-Full,15,48.0,96.0,26.356832971800422,48.68329718004337,10.7360245073408,15.13436119857356,61.46666666666667,21.643167028199578,47.31670281995663,25.87038570591436,0.009811403030633154
תפ_60015-05-22,drugs,Hybrid-Full,35,16.0,32.0,21.022104915869345,43.32134609039921,7.618666657142381,11.720555813246596,86.6,5.022104915869345,11.32134609039921,19.339222470388975,0.4018065232879691
תפ_14684-07-24,weapon,Hybrid-Full,19,18.0,30.0,20.668543845534995,39.541432019308125,5.4518796474014986,7.624134299887082,65.42105263157895,2.6685438455349946,9.541432019308125,13.07601394728858,0.43318643561398273
תפ_29620-01-23,weapon,Hybrid-Full,42,13.0,36.0,13.752025931928687,32.96272285251215,2.647893099896732,4.683158420245427,73.45238095238095,0.7520259319286868,3.037277147487849,7.331051520142159,0.8352476921992811
תפ_51607-08-21,weapon,Hybrid-Full,28,36.0,60.0,15.55329949238579,32.31472081218274,4.692047114261427,8.482875908173442,70.35714285714286,20.44670050761421,27.685279187817258,13.174923022434868,0.0
תפ_45339-12-20,weapon,Hybrid-Full,13,36.0,72.0,59.525,103.9875,48.41096261979458,60.67080636980302,73.84615384615384,23.525,31.987499999999997,109.0817689895976,0.18348961206104067
תפ_24361-06-21,weapon,Hybrid-Full,45,72.0,108.0,41.01763553233181,70.61952971913783,22.16704260332843,32.83602357844879,68.04444444444445,30.98236446766819,37.38047028086217,55.003066181777214,0.0
תפ_34197-11-21,drugs,Hybrid-Full,78,30.0,48.0,23.955172948658294,46.8642779587405,8.24425765926804,12.250246545842456,82.65384615384616,6.044827051341706,1.1357220412594984,20.494504205110495,0.7013682370320676
תפ_46267-08-23,weapon,Hybrid-Full,40,48.0,72.0,43.09700722394221,73.23116615067079,18.655947443107788,23.332113063329693,72.675,4.902992776057793,1.2311661506707878,41.98806050643748,0.7964383561643837
תפ_50631-06-23,drugs,Hybrid-Full,17,20.0,42.0,18.8294930875576,39.36405529953917,8.826666109130679,12.42388591288855,63.8235294117647,1.1705069124423986,2.6359447004608327,21.250552022019228,0.8357199681782018
תפ_6322-04-16,drugs,Hybrid-Full,45,18.0,42.0,28.00898100172712,54.47426597582038,11.082318249255332,17.29254460064892,64.33333333333333,10.008981001727118,12.47426597582038,28.374862849904254,0.38358603316507717
תפ_45048-06-14,drugs,Hybrid-Full,3,8.0,14.0,14.999999999999998,33.99999999999999,2.449489742783178,2.8284271247461903,55.0,6.999999999999998,19.999999999999993,5.277916867529369,0.0
תפ_68905-01-24,drugs,Hybrid-Full,7,15.0,30.0,14.94186046511628,33.116279069767444,4.558016038155376,9.240549502169275,61.42857142857143,0.058139534883720145,3.116279069767444,13.79856554032465,0.8253358925143952
תפ_41830-12-21,drugs,Hybrid-Full,7,18.0,36.0,25.954356846473026,49.753112033195016,6.611677980232077,6.334228364970104,68.85714285714286,7.954356846473026,13.753112033195016,12.945906345202182,0.3163672002613527
תפ_16541-01-21,drugs,Hybrid-Full,7,22.0,48.0,21.59447004608295,46.83410138248848,12.771140936358291,25.359456634879358,62.0,0.4055299539170498,1.1658986175115231,38.13059757123765,0.9404886561954624
תפ_28148-07-20,weapon,Hybrid-Full,82,24.0,54.0,36.75167112299465,65.6567513368984,34.06516701569593,46.072421845712945,72.97560975609755,12.75167112299465,11.656751336898395,80.13758886140887,0.41405842566814033
תפ_12401-05-22,weapon,Hybrid-Full,12,30.0,48.0,39.422655298416565,58.29232643118148,18.22315377022686,29.20747145661344,68.41666666666667,9.422655298416565,10.292326431181479,47.4306252268403,0.30316858963320137
תפ_38193-11-23,weapon,Hybrid-Full,12,48.0,84.0,19.12025316455696,39.417721518987335,5.823205493731285,8.498365855987974,65.83333333333333,28.87974683544304,44.582278481012665,14.321571349719258,0.0
תפ_15172-01-16,drugs,Hybrid-Full,34,8.0,24.0,7.160258850399695,21.856109630757516,4.638488000874429,7.639872188644489,77.26470588235294,0.8397411496003047,2.1438903692424844,12.278360189518917,0.8228220082282199
תפ_29401-11-12,drugs,Hybrid-Full,25,10.0,24.0,8.880252100840337,24.80672268907563,4.708460470259891,7.049992907797852,76.16,1.1197478991596626,0.8067226890756309,11.758453378057743,0.8790397045244691
תפ_24302-05-16,weapon,Hybrid-Full,20,8.0,18.0,10.951219512195125,27.665505226480835,4.610856753359402,9.064215354899728,71.75,2.9512195121951255,9.665505226480835,13.67507210825913,0.3584337349397589
תפ_28659-02-14,weapon,Hybrid-Full,23,8.0,24.0,10.90282131661442,25.761755485893417,4.47678320914709,8.666036524035473,69.34782608695652,2.9028213166144194,1.761755485893417,13.142819733182563,0.7373808683374515
תפ_69941-03-23,weapon,Hybrid-Full,65,62.0,92.0,40.02405708460754,70.08827726809378,18.037134607583074,24.3180406404734,75.46153846153847,21.97594291539246,21.911722731906224,42.35517524805647,0.15561578712020763
תפ_52782-09-22,weapon,Hybrid-Full,58,84.0,120.0,43.36725274725275,74.79362637362637,20.380389725776936,26.05900306810846,78.44827586206897,40.63274725274725,45.20637362637363,46.439392793885396,0.0
תפ_26164-01-21,weapon,Hybrid-Full,42,13.0,36.0,14.71004942339374,32.780889621087304,5.015395798073953,8.154961763279102,72.26190476190476,1.7100494233937393,3.2191103789126956,13.170357561353056,0.7856887042475462
תפ_11370-07-16,drugs,Hybrid-Full,65,16.0,30.0,11.907539118065436,28.80573054257265,8.369343890638222,13.138461538461538,75.70769230769231,4.092460881934564,1.1942694574273496,21.50780542909976,0.707793739399998
תפ_3667-07-15,drugs,Hybrid-Full,60,30.0,50.0,31.15395058376324,59.85772468096659,12.238146192222999,21.051022672439352,61.38333333333333,1.1539505837632404,9.85772468096659,33.28916886466235,0.6311950966662424
תפ_3068-11-15,weapon,Hybrid-Full,65,10.0,36.0,25.65661861074705,59.60812581913498,16.75513875072997,86.76998635786674,70.43076923076923,15.65661861074705,23.608125819134983,103.52512510859671,0.20850175688885375
תפ_23659-04-22,drugs,Hybrid-Full,67,6.0,20.0,21.66961838498841,43.148640101201785,9.164470800938856,13.677685557174344,70.7910447761194,15.66961838498841,23.148640101201785,22.8421563581132,0.0
תפ_52567-05-23,drugs,Hybrid-Full,105,29.0,42.0,20.19074989974602,41.43323085149044,10.013795472908493,14.974687637519182,71.24761904761905,8.80925010025398,0.5667691485095574,24.988483110427673,0.5700897919156629
תפ_43271-05-21,weapon,Hybrid-Full,60,60.0,96.0,36.90250361097738,66.03586904188734,17.864699829552134,24.758045830261587,69.23333333333333,23.097496389022623,29.964130958112662,42.62274565981372,0.1021340904554546
תפ_69110-11-20,weapon,Hybrid-Full,5,15.0,36.0,22.800000000000004,47.34285714285714,4.1182520563948,11.702991070662234,70.0,7.800000000000004,11.342857142857142,15.821243127057034,0.4081272084805653
תפ_41242-02-17,weapon,Hybrid-Full,38,12.0,30.0,18.090322580645164,41.5225806451613,8.101887540410045,12.28978360930065,65.26315789473684,6.090322580645164,11.522580645161298,20.391671149710696,0.4034090909090907
תפ_16520-01-18,weapon,Hybrid-Full,58,60.0,108.0,49.02405334603476,86.23862824482019,26.657469678406695,35.73139321878632,72.39655172413794,10.975946653965238,21.76137175517981,62.38886289719302,0.4449038927475366
תפ_46118-07-24,drugs,Hybrid-Full,69,45.0,66.0,24.966939146230704,47.96802906448682,10.910666253773837,15.078176175034745,79.78260869565217,20.033060853769296,18.03197093551318,25.98884242880858,0.07233262649023604
תפ_41522-05-18,weapon,Hybrid-Full,30,16.0,40.0,16.424821002386643,39.89260143198093,5.823706341802921,8.035269476225148,69.83333333333333,0.42482100238664344,0.10739856801907166,13.858975818028068,0.9778241845664285
תפ_31034-06-17,weapon,Hybrid-Full,75,14.0,36.0,16.816717019133936,38.49848942598187,5.774826596723249,6.538093503970915,66.2,2.816717019133936,2.498489425981873,12.312920100694164,0.7830394212192215
תפ_59488-11-21,weapon,Hybrid-Full,78,30.0,60.0,36.04300888037611,65.03447675430958,16.591888459610235,24.269582941354216,73.62820512820512,6.043008880376107,5.03447675430958,40.86147140096445,0.6838118715923722
תפ_27780-05-15,weapon,Hybrid-Full,28,6.0,20.0,10.571428571428575,26.442048517520217,3.3095023980122718,8.041981682878612,66.25,4.571428571428575,6.442048517520217,11.351484080890884,0.46123417721518967
תפ_30972-10-18,weapon,Hybrid-Full,10,8.0,30.0,35.100917431192656,65.1834862385321,18.52592777703724,23.40939982143925,65.4,27.100917431192656,35.1834862385321,41.93532759847649,0.0
תפ_28157-02-23,drugs,Hybrid-Full,31,6.0,16.0,15.492857142857138,36.04450549450547,12.082357000038478,24.05192959780424,58.70967741935484,9.492857142857138,20.044505494505472,36.13428659784272,0.01687972056107256
תפ_14944-08-18,drugs,Hybrid-Full,15,12.0,36.0,12.22315789473684,29.137894736842107,10.078800634114272,14.879366772667293,63.333333333333336,0.22315789473683978,6.862105263157893,24.958167406781563,0.7047807017543861
תפ_34974-01-12,drugs,Hybrid-Full,87,6.0,18.0,13.919505803070015,31.630475477349314,12.060358178658817,21.007859541251563,61.40229885057471,7.919505803070015,13.630475477349314,33.06821771991038,0.15920477950306003
תפ_10108-11-21,drugs,Hybrid-Full,39,9.0,18.0,14.828620394173091,32.04970008568981,8.223537041487399,15.013121589308412,59.84615384615385,5.828620394173091,14.049700085689807,23.23665863079581,0.1375887579463921
תפ_2802-11-19,drugs,Hybrid-Full,25,30.0,52.0,23.68248663101604,46.81550802139038,11.922147457568204,18.601677343723605,59.84,6.31751336898396,5.184491978609621,30.52382480129181,0.5938200788423862
תפ_9384-04-20,weapon,Hybrid-Full,24,12.0,30.0,12.911174785100288,30.1432664756447,3.155407615859197,5.161287522400674,72.70833333333333,0.9111747851002878,0.14326647564470107,8.31669513825987,0.9418825015792798
תפח_2690-09-19,weapon,Hybrid-Full,22,216.0,300.0,87.62997347480108,132.46419098143238,71.95246364644778,87.49570237379832,68.54545454545455,128.3700265251989,167.53580901856762,159.4481660202461,0.0
תפ_24953-08-24,drugs,Hybrid-Full,12,10.0,20.0,9.146666666666667,20.526666666666664,5.742144392317405,8.479960036593463,62.5,0.8533333333333335,0.5266666666666637,14.222104428910868,0.8787346221441127
תפ_34255-01-24,drugs,Hybrid-Full,16,20.0,30.0,12.895021645021645,26.634199134199136,6.407698007084916,12.09064075018359,57.75,7.104978354978355,3.365800865800864,18.498338757268506,0.38785194558683966
תפ_53239-10-21,weapon,Hybrid-Full,8,12.0,30.0,10.81651376146789,27.963302752293583,3.5333235062756425,6.6661458129866915,68.125,1.1834862385321099,2.0366972477064174,10.199469319262334,0.8321377331420374
תפ_36505-12-20,weapon,Hybrid-Full,37,72.0,120.0,40.49635596471039,72.60375911008822,21.0836450277276,28.850487359681836,70.45945945945945,31.50364403528961,47.39624088991178,49.934132387409434,0.007594106124496967
תפ_17642-11-20,drugs,Hybrid-Full,27,42.0,72.0,22.215743440233233,46.40524781341108,10.055402085998905,18.036618749427745,63.51851851851852,19.784256559766767,25.59475218658892,28.092020835426652,0.0884867650503631
תפ_46497-09-16,drugs,Hybrid-Full,21,24.0,54.0,35.138438880706914,66.77466863033872,9.206130265595865,12.76758935228106,64.66666666666667,11.138438880706914,12.774668630338724,21.973719617876924,0.44095165955102633
תפח_4633-09-16,weapon,Hybrid-Full,4,108.0,168.0,100.30188679245283,144.9056603773585,51.264022471905186,68.60757975617562,66.25,7.698113207547166,23.094339622641513,119.8716022280808,0.5451505016722408
תפ_41600-02-21,weapon,Hybrid-Full,40,42.0,78.0,45.589454545454544,76.61599999999999,39.23116586337959,52.593155448213984,68.75,3.5894545454545437,1.3840000000000146,91.82432131159356,0.8618484848484845
תפ_29013-01-17,drugs,Hybrid-Full,10,12.0,24.0,11.926229508196721,24.79508196721312,7.418894796396563,12.68424219257895,61.0,0.07377049180327866,0.7950819672131217,20.103136988975514,0.9324840764331205
תפ_39953-08-24,drugs,Hybrid-Full,11,18.0,36.0,8.668721109399076,18.24345146379045,4.130115160582017,5.678726431542334,59.0,9.331278890600924,17.75654853620955,9.80884159212435,0.008907430375465215
תפ_45228-07-16,weapon,Hybrid-Full,53,10.0,30.0,16.384015069967703,37.75592034445641,5.2754662995626544,6.327256582698109,70.11320754716981,6.3840150699677025,7.755920344456413,11.602722882260764,0.49056146440309867
תפ_25502-05-22,drugs,Hybrid-Full,30,30.0,60.0,29.689733408961995,58.250141803743624,11.643834801683202,18.97802823149854,58.766666666666666,0.3102665910380047,1.7498581962563762,30.621863033181743,0.9320321125811705
תפ_47344-10-15,drugs,Hybrid-Full,21,20.0,40.0,30.185591229444007,57.717306186374316,8.008782027821772,9.7655045627494,60.80952380952381,10.185591229444007,17.717306186374316,17.774286590571172,0.26020969583722625
תפ_21296-11-14,weapon,Hybrid-Full,37,24.0,60.0,45.396190476190476,94.62247619047619,54.124211227988006,125.33062192384926,70.94594594594595,21.396190476190476,34.62247619047619,179.45483315183728,0.20678699348379578
תפ_20068-10-22,weapon,Hybrid-Full,4,38.0,66.0,24.750000000000004,47.0,13.808964479641476,16.15549442140351,65.0,13.249999999999996,19.0,29.964458901044985,0.21818181818181817
תפ_70392-03-23,weapon,Hybrid-Full,36,66.0,102.0,37.43307086614173,63.9226914817466,18.73406730471997,24.766128302807264,77.61111111111111,28.566929133858267,38.0773085182534,43.50019560752723,0.0
תפ_38303-12-13,weapon,Hybrid-Full,6,6.0,24.0,10.397435897435898,30.153846153846153,2.2110831935702664,6.0,65.0,4.397435897435898,6.153846153846153,8.211083193570266,0.5631634819532909
תפ_28889-07-14,weapon,Hybrid-Full,52,12.0,36.0,15.839495040577098,38.16952209197476,5.336148634410469,7.410611294846978,63.98076923076923,3.8394950405770985,2.1695220919747626,12.746759929257447,0.7703810902074285
תפ_5037-10-16,weapon,Hybrid-Full,34,20.0,40.0,22.497751798561154,45.29406474820144,9.914906117649288,14.687989114288357,65.41176470588235,2.497751798561154,5.294064748201443,24.602895231937644,0.6919507946101608
תפ_51971-12-21,weapon,Hybrid-Full,3,24.0,48.0,27.666666666666664,48.666666666666664,3.858612300930075,0.9428090415820634,90.0,3.6666666666666643,0.6666666666666643,4.801421342512138,0.8243243243243245
תפ_52790-03-18,weapon,Hybrid-Full,64,36.0,72.0,27.84929038071638,54.37305699481865,16.321208164149493,24.432284449831947,69.359375,8.15070961928362,17.626943005181353,40.753492613981436,0.41614409266015245
תפ_52785-01-20,drugs,Hybrid-Full,93,24.0,48.0,21.11383189940437,43.502978160158854,8.478697469975813,12.700486096687376,81.23655913978494,2.8861681005956292,4.497021839841146,21.17918356666319,0.72539076923077
תפ_824-06-17,drugs,Hybrid-Full,65,8.0,20.0,21.43836657169991,42.8945868945869,9.521026248698318,13.862434872406649,81.0,13.438366571699909,22.8945868945869,23.383461121104965,0.0
תפ_20513-06-20,drugs,Hybrid-Full,76,25.0,45.0,22.56470079930871,45.5052927198099,12.278586127291634,19.04950541378162,60.9078947368421,2.43529920069129,0.5052927198099013,31.328091541073256,0.871817086032846
תפ_8633-04-15,drugs,Hybrid-Full,102,36.0,60.0,19.84663262049154,41.16022981168209,11.405698812344813,19.016413720067717,61.431372549019606,16.15336737950846,18.839770188317907,30.42211253241253,0.12851300273051378
תפ_54664-10-22,weapon,Hybrid-Full,26,42.0,84.0,45.13386666666667,76.24586666666666,21.156783012916243,33.554711130529114,72.11538461538461,3.1338666666666697,7.754133333333343,54.71149414344536,0.7407619047619045
תפ_24822-01-21,weapon,Hybrid-Full,39,15.0,36.0,25.207605743112147,45.7640667442763,12.285878104106137,17.060668324593507,66.07692307692308,10.207605743112147,9.764066744276299,29.346546428699646,0.35081169035936366
תפ_42006-10-16,drugs,Hybrid-Full,9,1.0,12.0,5.990990990990991,19.162162162162158,8.178562764256865,14.267289706021797,61.666666666666664,4.990990990990991,7.162162162162158,22.445852470278663,0.3308531746031747
תפ_8444-04-23,drugs,Hybrid-Full,6,15.0,30.0,43.06149732620321,75.25133689839572,11.940826325398646,22.53639032518049,62.333333333333336,28.06149732620321,45.25133689839572,34.47721665057914,0.0
תפ_39727-12-20,weapon,Hybrid-Full,12,14.0,28.0,18.222079589216943,39.86649550706033,8.468897343941668,13.490737563232042,64.91666666666667,4.222079589216943,11.866495507060328,21.959634907173708,0.37801488833746916
תפ_64689-11-15,weapon,Hybrid-Full,52,9.0,30.0,14.661683277962346,36.085825027685495,4.632180975708524,7.427235781968064,69.46153846153847,5.6616832779623465,6.085825027685495,12.059416757676587,0.5662857493304986
תפ_42653-08-23,drugs,Hybrid-Full,81,26.0,48.0,15.396043521266071,33.69337289812067,10.669509794845665,18.616096828248715,62.407407407407405,10.603956478733929,14.306627101879329,29.28560662309438,0.23596439601245042
תפ_10812-12-21,drugs,Hybrid-Full,75,28.0,60.0,25.3075799383217,48.202889141373156,10.591115773766864,14.195373268154038,82.14666666666666,2.6924200616782983,11.797110858626844,24.786489041920902,0.582343033592215
תפ_2330-02-20,drugs,Hybrid-Full,51,10.0,24.0,6.612802008158142,18.38939441481017,3.814116114880767,5.496005329937137,62.490196078431374,3.387197991841858,5.61060558518983,9.310121444817904,0.48250410553480244
תפ_38435-11-17,drugs,Hybrid-Full,28,6.0,24.0,5.889688249400479,18.398081534772178,3.0672729362262694,4.831867007225075,74.46428571428571,0.11031175059952059,5.601918465227822,7.899139943451344,0.6845868644067794
תפ_51912-09-23,weapon,Hybrid-Full,15,54.0,84.0,36.63563829787235,107.57446808510639,13.95134402127623,163.0332754037926,75.2,17.364361702127653,23.57446808510639,176.98461942506884,0.4228995613541784
תפח_34989-04-17,weapon,Hybrid-Full,5,12.0,36.0,19.657142857142862,42.82857142857143,18.650469162999627,29.24106701199531,70.0,7.657142857142862,6.828571428571429,47.89153617499494,0.5301204819277107
תפ_46183-11-15,weapon,Hybrid-Full,48,42.0,84.0,32.61520803443328,60.60229555236728,16.955364195439742,25.302750179904685,72.60416666666667,9.38479196556672,23.39770444763272,42.25811437534443,0.3620194777636309
תפ_7813-06-22,weapon,Hybrid-Full,30,21.0,24.0,15.346437346437353,34.63882063882065,5.099564251537141,7.723269313502469,67.83333333333333,5.653562653562647,10.638820638820647,12.822833565039609,0.1555017829852267
תפ_15709-10-19,drugs,Hybrid-Full,58,22.0,34.0,12.394769613947696,27.560896637608966,8.279237817258336,13.347377908313991,69.22413793103448,9.605230386052304,6.439103362391034,21.62661572557233,0.25738659288719806
תפ_63505-01-17,weapon,Hybrid-Full,21,6.0,14.0,9.385714285714288,24.978571428571435,3.2014735836136397,6.432626586959345,66.66666666666667,3.385714285714288,10.978571428571435,9.634100170572985,0.24313135114791098
תפ_51209-04-23,weapon,Hybrid-Full,53,20.0,40.0,34.569675484046904,55.9451868011999,15.929199887074173,22.043195240032112,69.18867924528301,14.569675484046904,15.945186801199903,37.97239512710628,0.15107236877043642
תפ_32685-07-15,weapon,Hybrid-Full,38,72.0,144.0,49.62994836488811,107.83407917383818,27.18272019148029,108.75671087645497,76.44736842105263,22.370051635111892,36.16592082616182,135.93943106793526,0.3797187619690306
תפ_20425-02-20,weapon,Hybrid-Full,56,20.0,40.0,32.21646417059261,59.876022811802635,15.982891043939734,21.181544900874325,72.01785714285714,12.216464170592609,19.876022811802635,37.16443594481406,0.19519338390747423
תפ_48621-05-22,weapon,Hybrid-Full,56,60.0,96.0,46.3324297683588,76.1742237555446,36.16426790298932,46.00251975685236,72.46428571428571,13.6675702316412,19.825776244455398,82.16678765984167,0.3256495874493304
תפ_28736-03-20,drugs,Hybrid-Full,14,6.0,12.0,1.6959064327485376,11.233918128654969,2.158277847105447,2.767338661115788,61.07142857142857,4.304093567251463,0.7660818713450315,4.9256165082212355,0.5079455164585696
תפ_59602-07-15,drugs,Hybrid-Full,42,0.0,12.0,2.863425925925926,13.296296296296296,4.1736675878400815,5.263628246079426,61.714285714285715,2.863425925925926,1.2962962962962958,9.437295833919507,0.6871518105849582
תפ_16273-02-16,drugs,Hybrid-Full,40,36.0,72.0,27.163100524828423,53.11788453774728,11.825396399275586,19.827994729674508,61.925,8.836899475171577,18.88211546225272,31.653391128950094,0.38178118331367455
תפ_56566-08-20,drugs,Hybrid-Full,18,2.0,12.0,1.7172818791946305,11.515100671140937,2.91070819942883,6.491447364716815,66.22222222222223,0.2827181208053695,0.48489932885906306,9.402155564145644,0.9253487802888142
תפ_52126-11-23,weapon,Hybrid-Full,19,18.0,36.0,20.666129032258063,38.98306451612903,6.830354281601238,9.032106474595007,65.26315789473684,2.6661290322580626,2.9830645161290334,15.862460756196246,0.7307736653983627
תפ_47276-02-22,weapon,Hybrid-Full,55,36.0,60.0,42.86344647519583,71.61201044386424,19.362449814264657,29.259646992893817,69.63636363636364,6.863446475195829,11.612010443864236,48.62209680715847,0.48120151912840714
תפ_49376-01-24,drugs,Hybrid-Full,19,38.0,68.0,30.708674304418984,60.42307692307693,12.491548389348493,22.820387444180106,64.3157894736842,7.2913256955810155,7.576923076923073,35.3119358335286,0.6012947114329603
תפ_71059-03-19,drugs,Hybrid-Full,34,0.0,12.0,6.880896777206914,19.3162073797291,10.202448990214256,14.35836445274271,62.970588235294116,6.880896777206914,7.3162073797291,24.560813442956967,0.26501595899023106
תפ_15376-06-13,weapon,Hybrid-Full,53,12.0,18.0,29.87418767871068,71.70392513646998,21.333240625169392,95.50547541799193,72.58490566037736,17.87418767871068,53.70392513646998,116.83871604316133,0.0
תפ_43525-01-21,drugs,Hybrid-Full,49,10.0,30.0,16.345094086021508,35.92103494623656,12.663030963642647,22.999284707201195,60.734693877551024,6.345094086021508,5.92103494623656,35.66231567084384,0.5267886078738931
תפ_21280-11-18,drugs,Hybrid-Full,43,8.0,18.0,16.12919708029197,35.60401459854014,11.371879010684196,19.057540039097553,63.72093023255814,8.12919708029197,17.60401459854014,30.42941904978175,0.06777285648178757
תפ_56328-06-22,weapon,Hybrid-Full,84,9.0,24.0,29.25508771929825,52.58350877192983,15.564887769994264,21.196588203621893,67.85714285714286,20.25508771929825,28.58350877192983,36.76147597361616,0.0
תפ_65292-07-23,drugs,Hybrid-Full,57,9.0,22.0,11.19753086419753,26.982657260435037,9.315178226882413,17.308686930985086,59.68421052631579,2.19753086419753,4.982657260435037,26.6238651578675,0.6007159553426943
תפ_686-05-21,drugs,Hybrid-Full,110,26.0,54.0,21.324610308339977,43.17203322334738,8.776984365113938,12.891925206779247,79.9,4.675389691660023,10.827966776652623,21.668909571893185,0.525534152320464
תפ_10393-03-21,drugs,Hybrid-Full,20,18.0,36.0,15.22794117647059,32.23529411764705,10.18270592720815,18.442071467164418,68.0,2.7720588235294095,3.764705882352949,28.62477739437257,0.685309734513274
תפ_13113-07-22,drugs,Hybrid-Full,19,15.0,30.0,14.521668029435812,30.708094848732628,7.472572193030683,12.946084660361256,64.36842105263158,0.47833197056418797,0.7080948487326282,20.41865685339194,0.9267023641139621
תפ_28715-03-22,weapon,Hybrid-Full,12,16.0,30.0,20.499999999999996,38.65,6.06217782649107,10.1762250149825,66.66666666666667,4.4999999999999964,8.649999999999999,16.23840284147357,0.4194260485651216
תפ_23454-02-17,drugs,Hybrid-Full,44,0.0,10.0,7.464835164835167,21.524175824175824,6.482015807263958,12.188833631207547,62.04545454545455,7.464835164835167,11.524175824175824,18.670849438471507,0.11778220248123747
תפ_70450-03-23,weapon,Hybrid-Full,52,60.0,96.0,43.22362651534693,73.18467887541915,19.06741194354525,24.96016797233345,74.5576923076923,16.77637348465307,22.815321124580848,44.027579915878704,0.2498216153342394
תפ_22981-12-22,drugs,Hybrid-Full,25,0.0,10.0,3.4567164179104477,14.459701492537315,4.626186334336307,5.858327406350724,67.0,3.4567164179104477,4.459701492537315,10.484513740687031,0.4525185796862097
תפ_54351-11-21,drugs,Hybrid-Full,8,6.0,18.0,3.175438596491228,18.842105263157897,3.905124837953327,6.118619125260208,71.25,2.824561403508772,0.8421052631578974,10.023743963213535,0.7659574468085105
תפ_1516-10-16,drugs,Hybrid-Full,3,9.0,24.0,9.428571428571429,25.6,10.198039027185569,19.754043186705406,58.333333333333336,0.4285714285714288,1.6000000000000014,29.952082213890975,0.8777969018932873
תפ_3818-01-24,drugs,Hybrid-Full,78,18.0,36.0,18.939650788269198,39.604339718596364,7.770299071851045,12.497159440562493,75.62820512820512,0.9396507882691978,3.604339718596364,20.267458512413537,0.7896723266689687
תפ_46662-04-15,drugs,Hybrid-Full,97,24.0,48.0,19.41226321036889,40.30321535393819,7.939857895115137,12.573152934977204,82.72164948453609,4.5877367896311085,7.696784646061808,20.51301083009234,0.5702870246046002
תפ_62573-05-18,drugs,Hybrid-Full,60,1.0,12.0,11.37775299693337,27.029551156955677,10.88939341234804,19.40231229060656,59.78333333333333,10.37775299693337,15.029551156955677,30.2917057029546,0.02390540656327649
תפ_49734-12-22,weapon,Hybrid-Full,22,84.0,108.0,38.699333333333335,72.38533333333334,26.54140691432418,41.01773452367336,68.18181818181819,45.300666666666665,35.614666666666665,67.55914143799754,0.0
תפ_16595-03-21,drugs,Hybrid-Full,14,9.0,24.0,6.528248587570622,20.901129943502823,4.13361037035151,5.774680837545068,75.85714285714286,2.471751412429378,3.0988700564971765,9.908291207896578,0.6811641067097817
תפ_27865-11-17,drugs,Hybrid-Full,5,6.0,12.0,6.374613003095975,19.13622291021672,2.7129319932501077,6.0,64.6,0.3746130030959751,7.13622291021672,8.712931993250107,0.4282347395710582
תפ_22971-02-22,weapon,Hybrid-Full,9,48.0,84.0,35.53627760252366,60.05362776025237,23.304744390598046,30.09614224078857,70.44444444444444,12.463722397476339,23.94637223974763,53.40088663138661,0.24871444379352997
תפ_29216-07-16,drugs,Hybrid-Full,77,18.0,36.0,11.53070919579233,27.459110960298606,8.078715457760698,12.72075104575813,76.54545454545455,6.46929080420767,8.540889039701394,20.79946650351883,0.3865707034987726
תפ_57425-01-22,drugs,Hybrid-Full,24,24.0,50.0,22.429063360881546,46.036501377410474,11.498112767851177,20.97551482615438,60.5,1.5709366391184538,3.963498622589526,32.473627594005556,0.7992656058751533
תפ_60454-06-16,drugs,Hybrid-Full,88,8.0,18.0,10.801533857089414,25.585671530115974,10.70412926232035,18.189341483270947,60.75,2.8015338570894137,7.585671530115974,28.893470745591298,0.40933700658419575
תפ_63303-06-22,weapon,Hybrid-Full,29,15.0,30.0,14.431767337807603,32.45190156599551,5.236386006269853,8.012475409501834,77.06896551724138,0.568232662192397,2.451901565995513,13.248861415771685,0.8324022346368719
תפ_19272-12-19,weapon,Hybrid-Full,43,14.0,36.0,15.96997998665777,38.00233488992661,6.831828289101573,9.300988275967287,69.72093023255815,1.9699799866577692,2.0023348899266082,16.132816565068858,0.8345029808641036
תפ_8310-10-18,weapon,Hybrid-Full,12,6.0,30.0,10.828320802005013,34.00751879699248,2.852873794770615,5.0990195135927845,66.5,4.828320802005013,4.007518796992478,7.951893308363399,0.6845190156599553
תפ_54807-01-21,weapon,Hybrid-Full,10,12.0,36.0,14.689393939393941,35.27272727272727,4.763402145525822,8.138795979750322,66.0,2.6893939393939412,0.7272727272727266,12.902198125276144,0.8576388888888888
תפ_12469-10-16,drugs,Hybrid-Full,7,6.0,18.0,15.880412371134021,35.78144329896907,11.141025490482994,14.406631126261379,69.28571428571429,9.880412371134021,17.781443298969073,25.547656616744373,0.07117142065909719
תפ_65302-03-22,drugs,Hybrid-Full,26,15.0,36.0,25.291237113402058,48.553479381443296,9.011826549123063,15.300974559981697,59.69230769230769,10.291237113402058,12.553479381443296,24.31280110910476,0.3191550648103698
תפ_47304-02-18,drugs,Hybrid-Full,41,12.0,30.0,11.706250000000002,27.889583333333338,10.003925463920947,16.862709792871254,58.53658536585366,0.2937499999999975,2.110416666666662,26.8666352567922,0.8685798883953996
תפ_21059-03-16,drugs,Hybrid-Full,91,30.0,48.0,21.012186865267438,42.5876777251185,8.488155652346197,12.585828991928995,81.15384615384616,8.987813134732562,5.412322274881497,21.073984644275193,0.4664208123228226
תפ_45561-07-21,weapon,Hybrid-Full,64,14.0,38.0,19.29883747435605,40.88807841349441,6.4686745164678054,7.944878460366779,68.546875,5.2988374743560485,2.888078413494412,14.413552976834584,0.6955187439597147
תפ_18510-10-14,drugs,Hybrid-Full,24,6.0,18.0,6.525,17.79642857142857,7.483314773547883,11.324675001468647,58.333333333333336,0.5250000000000004,0.20357142857142918,18.80798977501653,0.9392857142857142
תפ_46173-08-15,drugs,Hybrid-Full,63,6.0,18.0,10.598045464202253,26.43637136180157,8.850597797928705,14.18420727265506,74.71428571428571,4.598045464202253,8.43637136180157,23.034805070583765,0.36219514730648483
תפ_70373-03-23,weapon,Hybrid-Full,64,46.0,76.0,39.55744419414295,69.53512185132091,18.44163089317211,25.356053386901028,76.296875,6.442555805857047,6.464878148679091,43.79768428007314,0.6458142501503241
תפ_10689-10-17,drugs,Hybrid-Full,32,6.0,15.0,7.033023735810113,18.844169246646025,4.675401052316261,7.163274390947201,60.5625,1.0330237358101133,3.8441692466460253,11.838675443263462,0.6202796079061547
תפ_47668-06-16,weapon,Hybrid-Full,16,24.0,48.0,21.700539568345324,42.5089928057554,9.870845645130917,16.060432746349022,69.5,2.2994604316546763,5.491007194244602,25.93127839147994,0.7037784236621646
תפ_24895-03-20,drugs,Hybrid-Full,23,8.0,18.0,13.425441696113069,28.8720848056537,12.035863233716073,18.81398345739072,61.52173913043478,5.425441696113069,10.8720848056537,30.84984669110679,0.2191711248053095
תפ_16826-04-18,drugs,Hybrid-Full,30,54.0,90.0,47.24925816023739,81.44383213225944,14.129126732470844,17.29354407478891,78.63333333333334,6.750741839762611,8.556167867740555,31.422670807259756,0.6419498458090812
תפ_737-10-13,drugs,Hybrid-Full,48,60.0,90.0,42.65248437964891,76.40880690270754,18.714955676469614,25.38966290912286,70.02083333333333,17.34751562035109,13.59119309729246,44.104618585592476,0.3465610959248439
תפ_39792-12-21,weapon,Hybrid-Full,4,42.0,72.0,33.03345724907063,64.49814126394052,9.836157786453,12.409673645990857,67.25,8.96654275092937,7.501858736059475,22.245831432443858,0.5773707307765694
תפ_3197-06-22,weapon,Hybrid-Full,15,20.0,48.0,17.65024630541872,37.50738916256157,4.28744938421694,5.497474167490214,67.66666666666667,2.349753694581281,10.492610837438427,9.784923551707154,0.5768544067521505
תפ_65958-12-15,weapon,Hybrid-Full,11,18.0,36.0,15.580645161290319,34.92903225806451,4.518099505377883,8.712108036880682,70.45454545454545,2.4193548387096815,1.0709677419354904,13.230207542258565,0.829067930489731
תפ_23782-02-20,weapon,Hybrid-Full,37,24.0,60.0,32.04067070995361,59.275062433107365,17.802134621391875,23.785503623321652,75.75675675675676,8.04067070995361,0.7249375668926348,41.58763824471353,0.7565108811987155
תפ_37047-07-20,weapon,Hybrid-Full,92,36.0,90.0,33.28892916477873,59.652469415496135,20.23959451669865,28.979106856759767,71.96739130434783,2.711070835221271,30.347530584503865,49.218701373458416,0.4170697020379028
תפ_10971-03-11,drugs,Hybrid-Full,10,4.0,8.0,5.514991181657848,16.417989417989414,3.52845575287547,5.239274758971894,56.7,1.514991181657848,8.417989417989414,8.767730511847365,0.20011362022440002
תפ_41599-03-22,weapon,Hybrid-Full,22,8.0,18.0,11.980456026058633,27.66449511400652,4.544545363618178,8.486863938118264,69.77272727272727,3.980456026058633,9.66449511400652,13.031409301736442,0.3061123074374688
תפ_5000-12,weapon,Hybrid-Full,21,12.0,48.0,15.206405693950174,37.26690391459074,6.876296002356076,11.073860459998958,66.9047619047619,3.206405693950174,10.733096085409258,17.950156462355032,0.6127916172400157
תפ_37387-04-18,weapon,Hybrid-Full,23,18.0,36.0,23.33194029850746,48.88119402985075,11.009705290606618,17.57382483896717,72.82608695652173,5.331940298507462,12.881194029850747,28.583530129573788,0.41021923210764416
תפ_48367-11-11,weapon,Hybrid-Full,34,12.0,42.0,40.83312421580929,72.01965704726057,45.40334423608099,59.45142095263323,70.32352941176471,28.833124215809292,30.019657047260566,104.85476518871423,0.019441560342004102
תפ_4435-07-19,drugs,Hybrid-Full,71,14.0,36.0,18.13556428205566,38.52996414546697,8.196336048389629,12.823415772136004,82.49295774647888,4.135564282055661,2.5299641454669697,21.019751820525634,0.7282699482153793
תפ_74036-12-19,drugs,Hybrid-Full,34,18.0,48.0,18.859649122807017,40.43508771929825,6.565151260455798,11.071957157346556,83.82352941176471,0.8596491228070171,7.564912280701748,17.637108417802356,0.7191812865497078
תפ_7420-05-19,drugs,Hybrid-Full,41,8.0,20.0,8.403860430586487,20.848181143281366,5.986202656831917,9.257246305528096,65.70731707317073,0.40386043058648724,0.8481811432813657,15.243448962360013,0.9025510646288968
תפ_22765-09-19,weapon,Hybrid-Full,18,9.0,24.0,16.031534688156974,35.255781359495444,14.442414387259955,21.97978869577938,79.27777777777777,7.031534688156974,11.255781359495444,36.422203083039335,0.30349374115888644
תפ_33798-05-18,drugs,Hybrid-Full,9,10.0,24.0,5.727272727272726,20.05454545454545,7.03606231066114,10.749676997731399,61.111111111111114,4.272727272727274,3.945454545454549,17.78573930839254,0.5502487562189052
תפ_13481-02-13,weapon,Hybrid-Full,46,8.0,24.0,14.06026426039317,34.79697067354174,4.742170943270444,7.511207756810719,67.45652173913044,6.06026426039317,10.796970673541743,12.253378700081162,0.3709275895659701
תפ_37468-09-16,drugs,Hybrid-Full,56,36.0,84.0,23.797169811320757,46.655937846836856,8.53952395557007,11.790853857710118,64.35714285714286,12.202830188679243,37.344062153163144,20.330377813280187,0.17700061298514563
תפ_11362-10-15,weapon,Hybrid-Full,15,12.0,36.0,16.65928777670837,36.906641000962466,5.70146180086008,8.716778201963281,69.26666666666667,4.659287776708371,0.9066410009624661,14.41824000282336,0.7765283252183321
תפ_22405-05-23,weapon,Hybrid-Full,52,78.0,120.0,50.94242002781642,87.60111265646734,35.6522279941485,47.11467817366775,69.13461538461539,27.057579972183582,32.398887343532664,82.76690616781624,0.13903054031627907
תפח_2606-05-16,weapon,Hybrid-Full,10,180.0,252.0,93.89189189189189,147.0,56.743634004177075,64.40993712153428,74.0,86.10810810810811,105.0,121.15357112571135,0.0
תפ_19019-10-16,weapon,Hybrid-Full,4,20.0,52.0,32.717557251908396,62.801526717557245,20.017180121085985,23.124662159694356,65.5,12.717557251908396,10.801526717557245,43.14184228078034,0.4505082932049225
תפ_26943-07-17,drugs,Hybrid-Full,32,6.0,18.0,7.149414062500001,21.08740234375,3.905999991999488,6.48608787617775,64.0,1.1494140625000009,3.08740234375,10.392087868177239,0.7191818505453251
תפ_38366-02-17,drugs,Hybrid-Full,38,8.0,24.0,9.614587650227932,24.572731040198928,6.745522779023645,12.138969092848006,63.5,1.6145876502279322,0.5727310401989278,18.884491871871653,0.8680170042510624
תפ_5214-02-24,weapon,Hybrid-Full,45,46.0,69.0,41.270353733857384,73.05923638405392,18.79695273438664,24.39510171436719,79.15555555555555,4.729646266142616,4.059236384053918,43.19205444875383,0.7235233856153734
תפ_39831-02-22,weapon,Hybrid-Full,13,48.0,62.0,22.443181818181817,44.335227272727266,6.800626493938567,8.353151975691217,67.6923076923077,25.556818181818183,17.664772727272734,15.153778469629785,0.0
תפ_28844-03-22,weapon,Hybrid-Full,56,48.0,84.0,51.53964194373401,85.6918158567775,43.97338016647465,57.74645220571511,69.82142857142857,3.5396419437340114,1.6918158567774952,101.71983237218976,0.8612044105173877
תפ_55287-10-23,drugs,Hybrid-Full,58,6.0,12.0,15.793172690763054,34.596385542168676,11.28645500533254,17.41451859192057,60.10344827586207,9.793172690763054,22.596385542168676,28.70097359725311,0.0
תפ_1647-05-15,weapon,Hybrid-Full,13,8.0,30.0,15.529100529100534,36.58201058201058,3.5816759159454823,6.588496340111956,72.6923076923077,7.529100529100534,6.582010582010582,10.170172256057437,0.5062939651980746
תפ_32787-10-18,weapon,Hybrid-Full,7,17.0,40.0,13.29896907216495,35.44329896907217,3.356382892705923,3.8119040183218096,69.28571428571429,3.701030927835051,4.556701030927833,7.1682869110277325,0.6907335907335909
תפ_20197-01-22,drugs,Hybrid-Full,79,22.0,46.0,22.83234081539166,45.73599022751566,8.17831242393619,11.635700275879858,82.89873417721519,0.8323408153916603,0.2640097724843429,19.814012699816047,0.9543187255051665
תפ_4764-08-22,weapon,Hybrid-Full,20,30.0,60.0,24.467315716272605,50.74826147426982,14.097783513730093,22.754999450670176,71.9,5.532684283727395,9.251738525730183,36.85278296440027,0.5839204634413654
תפ_7430-02-18,drugs,Hybrid-Full,50,7.0,20.0,7.067642276422764,19.175609756097558,4.5327254494398845,7.135937219454779,61.5,0.06764227642276399,0.8243902439024424,11.668662668894664,0.931382113821138
תפ_43983-05-19,drugs,Hybrid-Full,66,18.0,42.0,19.459753086419756,41.41432098765433,11.419428694063738,18.614843450703926,61.36363636363637,1.4597530864197559,0.5856790123456719,30.034272144767662,0.9147736625514405
תפ_58591-08-18,drugs,Hybrid-Full,30,36.0,72.0,21.851187029530976,42.285466126230446,10.14390895507688,13.305345625808531,57.56666666666667,14.148812970469024,29.714533873769554,23.44925458088541,0.12533628921449744
תפ_67234-06-20,drugs,Hybrid-Full,36,10.0,24.0,15.605357142857146,34.876785714285724,10.532870360195806,17.137313091613866,62.22222222222222,5.605357142857146,10.876785714285724,27.67018345180967,0.3374488550714232
תפ_62597-10-17,weapon,Hybrid-Full,21,6.0,30.0,12.058823529411764,33.0795847750865,5.775858742878592,9.18245393767158,68.80952380952381,6.0588235294117645,3.079584775086502,14.958312680550172,0.6625351392793254
תפ_42581-06-21,weapon,Hybrid-Full,6,72.0,108.0,82.73604060913705,133.2030456852792,19.1049731745428,22.561028345356956,65.66666666666667,10.73604060913705,25.203045685279193,41.66600151989975,0.41278925105747705
תפ_59812-02-16,weapon,Hybrid-Full,58,18.0,36.0,27.038169934640518,52.737777777777765,12.165928232169431,18.525330539060583,65.94827586206897,9.038169934640518,16.737777777777765,30.691258771230014,0.25798512854476513
תפ_56624-12-19,drugs,Hybrid-Full,22,18.0,36.0,19.252663622526633,40.97260273972602,13.071402765117977,23.279695334690985,59.72727272727273,1.252663622526633,4.972602739726021,36.351098099808965,0.7290134499436829
תפ_21284-10-19,drugs,Hybrid-Full,72,9.0,24.0,10.990262681159422,26.314764492753625,9.32563132937165,13.687202277048423,61.333333333333336,1.9902626811594217,2.314764492753625,23.012833606420074,0.7513666919515575
תפ_11027-10-23,weapon,Hybrid-Full,9,12.0,36.0,17.212338593974174,39.251076040172165,4.447221354708778,8.982836858403438,77.44444444444444,5.212338593974174,3.2510760401721654,13.430058213112215,0.6894282404969991
תפ_11134-01-19,weapon,Hybrid-Full,19,9.0,24.0,13.7574931880109,32.716621253406,5.690055474416665,9.565635631862174,77.26315789473684,4.7574931880108995,8.716621253405997,15.255691106278839,0.43187040441176466
תפ_25835-05-18,drugs,Hybrid-Full,143,8.0,18.0,9.815739605395162,23.120053505740724,8.87230993118964,14.498940555305076,62.73426573426573,1.8157396053951622,5.120053505740724,23.371250486494716,0.5412851476681262
תפ_46939-09-23,drugs,Hybrid-Full,5,15.0,36.0,18.03030303030303,38.72727272727273,8.0,15.727682601069999,66.0,3.030303030303031,2.7272727272727266,23.72768260107,0.7573435504469987
תפ_25458-11-18,drugs,Hybrid-Full,83,22.0,46.0,22.626074498567334,45.88997134670487,7.204839424559813,10.207628238886757,84.09638554216868,0.6260744985673341,0.11002865329513156,17.41246766344657,0.9693290353390639
תפ_59337-11-23,drugs,Hybrid-Full,13,32.0,52.0,26.538796861377506,50.2205754141238,4.011816864740092,5.477225575051661,88.23076923076923,5.461203138622494,1.7794245858761997,9.489042439791753,0.7156211477879741
תפ_36801-10-22,drugs,Hybrid-Full,94,20.0,50.0,17.96732500726111,37.535143769968066,10.008829284622143,15.090417094771114,73.25531914893617,2.0326749927388903,12.464856230031934,25.099246379393257,0.5474142816340783
תפ_17415-10-21,drugs,Hybrid-Full,68,9.0,24.0,11.76082516339869,28.341094771241835,8.21566726330338,13.14291288754324,72.0,2.7608251633986907,4.341094771241835,21.35858015084662,0.6328067248188902
תפ_33726-11-21,weapon,Hybrid-Full,34,18.0,36.0,15.242971887550205,35.37751004016064,3.867283588378434,6.873297209700158,73.23529411764706,2.7570281124497953,0.6224899598393634,10.740580798078591,0.8371868046822094
תפ_13704-12-23,drugs,Hybrid-Full,17,9.0,18.0,10.630268199233715,22.585249042145595,5.987877026148484,9.132625268270754,61.411764705882355,1.630268199233715,4.585249042145595,15.12050229441924,0.5424804343227809
תפ_30009-08-23,drugs,Hybrid-Full,11,18.0,36.0,9.35820895522388,20.126865671641788,5.91398398810567,7.978276290150866,60.90909090909091,8.64179104477612,15.873134328358212,13.892260278256536,0.07983193277310913
תפ_44918-12-14,weapon,Hybrid-Full,3,7.0,20.0,7.046511627906977,20.093023255813957,0.816496580927726,2.8284271247461903,71.66666666666667,0.04651162790697683,0.0930232558139572,3.644923705673916,0.9893428063943158
תפ_58021-11-17,drugs,Hybrid-Full,8,15.0,36.0,19.944444444444443,45.222222222222214,5.010925563206861,5.379358697837503,78.75,4.944444444444443,9.222222222222214,10.390284261044364,0.5312500000000002
תפ_36823-02-21,drugs,Hybrid-Full,6,36.0,72.0,24.662337662337663,58.12987012987013,12.298373876248844,28.998084227908727,64.16666666666667,11.337662337662337,13.870129870129873,41.29645810415757,0.46748971193415634
תפ_29707-03-22,drugs,Hybrid-Full,19,47.0,70.0,32.10808876163207,59.974946313528996,8.049018797413014,10.006922811490286,73.52631578947368,14.891911238367932,10.025053686471004,18.0559416089033,0.34241994899404943
תפ_57272-12-20,weapon,Hybrid-Full,15,20.0,48.0,26.088888888888892,49.95959595959595,18.509336983143278,28.203703460518952,66.0,6.088888888888892,1.9595959595959513,46.71304044366223,0.731355360755226
תפ_35441-01-20,drugs,Hybrid-Full,9,2.0,12.0,2.566371681415929,13.575221238938052,3.235604395235786,4.6214742984634265,62.77777777777778,0.5663716814159292,1.5752212389380524,7.857078693699212,0.8149847094801222
תפ_5496-11-20,drugs,Hybrid-Full,90,5.0,15.0,11.94548198453122,28.73740803621959,11.623921694314511,20.787522967181808,58.9,6.94548198453122,13.737408036219591,32.41144466149632,0.12867950918685228
תפ_58603-06-21,drugs,Hybrid-Full,11,12.0,24.0,36.283783783783775,67.42567567567566,12.475430398842503,17.451230745865878,67.27272727272727,24.283783783783775,43.42567567567566,29.926661144708383,0.0
תפ_42116-04-17,drugs,Hybrid-Full,3,3.0,12.0,22.999999999999996,49.99999999999999,14.352700094407323,26.981475126464083,55.0,19.999999999999996,37.99999999999999,41.33417522087141,0.0
תפ_36543-01-14,drugs,Hybrid-Full,13,5.0,18.0,4.350877192982457,15.479532163742691,2.516219574430173,3.1716197120135847,65.76923076923077,0.6491228070175428,2.5204678362573087,5.687839286443758,0.7677806341045417
תפ_34526-06-18,weapon,Hybrid-Full,59,12.0,36.0,21.454984310885827,46.45594979483465,11.395226728159182,19.56650280900147,70.22033898305085,9.454984310885827,10.455949794834652,30.96172953716065,0.422133645298457
תפ_41174-02-18,drugs,Hybrid-Full,3,9.0,24.0,25.0,45.54285714285714,9.809292646374775,15.173075568988057,58.333333333333336,16.0,21.542857142857137,24.982368215362833,0.0
תפ_35568-01-23,drugs,Hybrid-Full,73,14.0,24.0,23.2583655816071,48.21101752788527,12.782958020849764,21.179916275647145,60.178082191780824,9.258365581607102,24.211017527885268,33.962874296496906,0.021678233270565398
תפ_49772-11-16,weapon,Hybrid-Full,4,7.0,24.0,8.75,20.750000000000004,2.179449471770337,4.092676385936225,70.0,1.75,3.2499999999999964,6.272125857706563,0.7058823529411766
תפ_30310-09-23,drugs,Hybrid-Full,19,9.0,20.0,26.13299232736573,51.32651321398125,10.199940252934567,18.278243428335358,61.73684210526316,17.13299232736573,31.32651321398125,28.478183681269925,0.0
תפ_18216-09-16,drugs,Hybrid-Full,27,0.0,12.0,5.451580531861516,18.40491721023582,4.554200340426489,7.086763875156432,73.81481481481481,5.451580531861516,6.404917210235819,11.64096421558292,0.355797279245386
תפ_57043-06-16,drugs,Hybrid-Full,24,0.0,8.0,1.9115815691158151,13.76525529265255,3.2145502536643185,5.361255035488944,66.91666666666667,1.9115815691158151,5.765255292652551,8.575805289153262,0.4423033428325871
תפ_60101-01-17,drugs,Hybrid-Full,28,0.0,24.0,7.3315850815850805,19.87820512820512,2.3023944944694565,5.129322467889091,61.285714285714285,7.3315850815850805,4.121794871794879,7.431716962358548,0.522775835275835
תפ_6415-10-23,weapon,Hybrid-Full,67,48.0,72.0,35.51518438177874,59.965943600867675,19.310675943398657,26.21069759278241,68.80597014925372,12.484815618221262,12.034056399132325,45.521373536181066,0.32797051041945346
תפ_42225-09-17,drugs,Hybrid-Full,20,9.0,18.0,7.759637188208615,20.912320483749046,6.818174242420033,11.525948984790796,66.15,1.2403628117913854,2.9123204837490455,18.34412322721083,0.6842710189069597
תפ_47766-07-12,weapon,Hybrid-Full,18,8.0,18.0,9.68320610687023,24.22519083969466,3.640054944640259,7.259093913460855,72.77777777777777,1.6832061068702302,6.225190839694658,10.899148858101114,0.5125852740531638
תפ_37454-03-20,drugs,Hybrid-Full,20,54.0,90.0,52.36583463338534,87.04134165366614,7.5291101731877985,10.353743284435827,64.1,1.6341653666146598,2.9586583463338627,17.882853457623625,0.8779613240201461
תפ_37474-03-20,drugs,Hybrid-Full,27,45.0,75.0,48.52482269503546,83.87234042553192,13.07790312200649,15.399837884169772,78.33333333333333,3.5248226950354606,8.872340425531917,28.47774100617626,0.6810800948731983
תפ_38680-05-20,drugs,Hybrid-Full,8,14.0,30.0,9.866666666666667,21.96666666666667,4.871793817476269,7.066647012551285,75.0,4.133333333333333,8.033333333333331,11.938440830027554,0.3956953642384107
תפ_51811-03-21,drugs,Hybrid-Full,4,8.0,18.0,9.516245487364623,22.678700361010833,4.9749371855331,7.794228634059948,69.25,1.516245487364623,4.678700361010833,12.769165819593049,0.5779636005902604
תפ_25934-06-19,drugs,Hybrid-Full,82,16.0,40.0,11.223221117061973,26.759181331293043,9.793920585154675,16.12283677136925,63.75609756097561,4.776778882938027,13.240818668706957,25.916757356523924,0.37388414370700274
תפ_17776-11-21,weapon,Hybrid-Full,17,18.0,36.0,15.813365933170333,35.57946210268948,5.7755000981805065,8.852501454782168,72.17647058823529,2.186634066829667,0.42053789731051694,14.628001552962674,0.870846622794622
תפ_38624-05-24,weapon,Hybrid-Full,11,18.0,30.0,16.82225237449118,35.875169606512884,4.118091510147681,7.227129787037015,67.0,1.1777476255088217,5.875169606512884,11.345221297184697,0.6298248112804445
תפ_62092-06-16,drugs,Hybrid-Full,31,7.0,18.0,7.6510550694801855,22.6443643849717,3.157667443487812,6.157996079310147,62.67741935483871,0.6510550694801855,4.6443643849716985,9.315663522797959,0.6615126492745992
תפ_7906-06-15,drugs,Hybrid-Full,15,15.0,30.0,9.532058492688414,24.274465691788524,4.454211490264018,8.642530493630517,59.266666666666666,5.467941507311586,5.725534308211476,13.096741983894535,0.45312156517916014
תפ_10938-11-23,weapon,Hybrid-Full,33,12.0,30.0,14.341719077568136,31.731656184486376,3.428396514843867,5.521474896451091,72.27272727272727,2.3417190775681362,1.7316561844863756,8.949871411294957,0.7935614109647257
תפ_10205-08-21,weapon,Hybrid-Full,23,18.0,34.0,20.39347408829175,41.34229046705054,5.57811006607639,7.613538831251316,67.95652173913044,2.3934740882917502,7.342290467050539,13.191648897327706,0.5829130577787524
תפ_34561-01-23,drugs,Hybrid-Full,77,27.0,50.0,23.733219124746924,46.39993770440741,8.150548367513622,12.048308899740475,83.3896103896104,3.266780875253076,3.6000622955925934,20.1988572672541,0.7385730971961173
תפ_9228-05-21,drugs,Hybrid-Full,16,18.0,40.0,15.289421157684632,34.49401197604791,11.978496358057633,18.248180559990082,62.625,2.7105788423153676,5.505988023952092,30.226676918047716,0.6674878836833604
תפ_51006-11-21,drugs,Hybrid-Full,32,9.0,24.0,7.0115207373271895,20.299539170506915,5.000683547026346,7.424358137239879,67.8125,1.9884792626728105,3.7004608294930854,12.425041684266226,0.6651295266512954
תפ_33495-01-21,drugs,Hybrid-Full,4,6.0,18.0,5.647058823529412,17.08823529411765,3.278719262151,1.7320508075688772,68.0,0.35294117647058787,0.9117647058823515,5.010770069719877,0.8976190476190479
תפ_34787-05-20,drugs,Hybrid-Full,97,26.0,48.0,23.7773599097405,46.530775980945215,10.493498384384294,14.439431552096057,82.23711340206185,2.2226400902594996,1.469224019054785,24.93292993648035,0.847586221173353
תפ_41339-06-20,drugs,Hybrid-Full,71,9.0,12.0,19.23417441345729,39.717131474103596,8.187545760134158,12.766205263351619,63.63380281690141,10.23417441345729,27.717131474103596,20.95375102348578,0.0
תפ_54723-06-22,drugs,Hybrid-Full,11,6.0,12.0,2.2517006802721085,13.829931972789115,3.816016702148247,4.316028171079716,66.81818181818181,3.7482993197278915,1.8299319727891152,8.132044873227963,0.518213866039953
תפ_10810-11-20,drugs,Hybrid-Full,11,24.0,48.0,19.017467248908297,43.91848617176127,7.3955537234228155,14.118740842412492,62.45454545454545,4.9825327510917035,4.081513828238727,21.514294565835307,0.6872582994324743
תפ_53373-04-13,drugs,Hybrid-Full,69,8.0,18.0,7.301454805628429,20.409492010493686,8.717966538058413,14.029868818760336,60.768115942028984,0.6985451943715706,2.409492010493686,22.747835356818747,0.7628907245005637
תפ_12681-12-17,weapon,Hybrid-Full,4,6.0,12.0,11.083333333333334,22.866666666666664,4.656984002549289,8.660254037844387,75.0,5.083333333333334,10.866666666666664,13.317238040393676,0.0543478260869565
תפ_43794-10-18,drugs,Hybrid-Full,21,24.0,60.0,25.121093749999996,49.54687499999999,12.558434843334807,22.65666045644302,60.95238095238095,1.1210937499999964,10.453125000000007,35.21509529977783,0.678493923611111
תפ_54543-06-21,drugs,Hybrid-Full,21,18.0,44.0,20.585286984640256,43.97170573969281,9.90567761334841,15.98653061166595,58.904761904761905,2.5852869846402555,0.02829426030719162,25.892208225014357,0.8994776444250981
תפ_21906-07-18,weapon,Hybrid-Full,41,40.0,84.0,36.970531710442025,67.35329916720052,20.612714465117495,29.617028077971067,76.14634146341463,3.0294682895579754,16.646700832799482,50.22974254308856,0.5816204214512417
תפ_24748-11-21,weapon,Hybrid-Full,8,24.0,48.0,19.99056603773585,43.528301886792455,5.372092236736075,10.413332799829265,66.25,4.009433962264151,4.471698113207545,15.78542503656534,0.6972044459413945
תפ_6695-10-23,weapon,Hybrid-Full,15,24.0,48.0,23.072800808897874,40.99595551061678,7.118052168020874,6.643292356454993,65.93333333333334,0.927199191102126,7.004044489383219,13.761344524475867,0.6818237131383602
תפ_28544-01-21,drugs,Hybrid-Full,58,22.0,48.0,24.089656590581946,47.347727740078135,7.705970784480844,10.280605246436412,83.84482758620689,2.0896565905819457,0.6522722599218653,17.986576030917256,0.8945411980575457
תפ_12194-06-23,drugs,Hybrid-Full,9,28.0,60.0,22.191756272401438,45.623655913978496,9.93435242100316,16.040073273438747,62.0,5.808243727598562,14.376344086021504,25.974425694441905,0.46613262549177614
תפ_50998-12-18,drugs,Hybrid-Full,36,12.0,30.0,9.258548790658883,24.207256046705584,4.3150433097979555,6.710216551858778,66.61111111111111,2.7414512093411165,5.792743953294416,11.025259861656734,0.5885439704049217
תפ_38531-11-18,drugs,Hybrid-Full,84,18.0,30.0,10.704541374977563,26.555555555555554,9.3192313289433,16.991344335070288,66.32142857142857,7.295458625022437,3.4444444444444464,26.310575664013587,0.4433973673194101
תפ_12122-04-13,weapon,Hybrid-Full,14,108.0,156.0,49.541284403669714,93.1926605504587,22.433575419946973,35.257652230633944,77.85714285714286,58.458715596330286,62.8073394495413,57.69122765058091,0.0
תפח_18488-12-15,weapon,Hybrid-Full,20,72.0,120.0,60.76105060858425,110.87508007687381,22.165513754479047,22.32129028528593,78.05,11.238949391415751,9.124919923126185,44.486804039764976,0.6562418894368028
תפ_54719-09-20,weapon,Hybrid-Full,76,14.0,36.0,18.17191053828658,39.749620924943144,6.265189299048241,7.70657344338112,69.42105263157895,4.171910538286578,3.7496209249431445,13.97176274242936,0.6923631813330389
תפ_20216-02-22,weapon,Hybrid-Full,7,18.0,36.0,15.540816326530615,32.59183673469388,4.233009254294015,5.540205551332948,70.0,2.4591836734693846,3.408163265306122,9.773214805626964,0.7132169576059852
תפ_31234-07-19,drugs,Hybrid-Full,4,0.0,6.0,2.3636363636363638,12.181818181818182,2.8722813232690143,3.570714214271425,68.75,2.3636363636363638,6.181818181818182,6.4429955375404395,0.29850746268656714
תפ_41688-08-17,drugs,Hybrid-Full,39,8.0,15.0,9.85050432276657,25.22298270893372,13.962803973631107,18.63755125805905,71.17948717948718,1.8505043227665698,10.22298270893372,32.60035523169016,0.2989897722281483
תפ_15972-06-20,drugs,Hybrid-Full,22,6.0,18.0,4.730884557721138,16.733133433283353,4.50160669205089,6.487750695804293,60.63636363636363,1.2691154422788617,1.2668665667166472,10.989357387855183,0.8088808541890283
תפ_54826-08-16,drugs,Hybrid-Full,35,6.0,12.0,4.334396355353076,16.112984054669703,5.378718457485757,8.16883075588957,62.714285714285715,1.6656036446469242,4.1129840546697025,13.547549213375326,0.5093989324669297
תפ_45537-07-17,drugs,Hybrid-Full,5,10.0,30.0,2.7138364779874213,14.320754716981133,2.8,2.939387691339814,63.6,7.286163522012579,15.679245283018867,5.739387691339814,0.15834966002074452
תפ_5151-10-19,weapon,Hybrid-Full,40,18.0,42.0,18.316536020903325,41.37812616648003,6.646615680178898,9.943716608994848,66.975,0.31653602090332456,0.6218738335199703,16.590332289173745,0.9608995893990294
תפ_42543-06-14,drugs,Hybrid-Full,36,1.0,15.0,3.0428893905191865,14.03160270880361,3.8955300436510116,5.930864550888652,61.52777777777778,2.0428893905191865,0.9683972911963892,9.826394594539664,0.7849080941631732
תפ_51933-05-12,drugs,Hybrid-Full,34,10.0,24.0,2.3238374528697103,13.411813992459152,3.8212662985674624,5.218827374952172,70.20588235294117,7.676162547130289,10.588186007540848,9.040093673519634,0.15739935447710704
תפ_42761-01-18,drugs,Hybrid-Full,40,66.0,102.0,46.06842456608811,79.77870493991989,12.20563394502719,15.700238851686303,74.9,19.93157543391189,22.22129506008011,27.905872796713492,0.2463493086512582
תפ_67527-03-18,drugs,Hybrid-Full,42,54.0,90.0,42.28050713153724,74.40887480190175,14.935234329925859,18.804520130124647,75.11904761904762,11.719492868462758,15.591125198098254,33.739754460050506,0.42768423499717717
תפ_741-01-16,weapon,Hybrid-Full,12,24.0,54.0,16.741730279898217,40.46819338422391,8.329999333066533,11.513277359447029,65.5,7.258269720101783,13.531806615776091,19.843276692513562,0.4420010244152294
תפח_47805-04-13,weapon,Hybrid-Full,5,84.0,84.0,44.52173913043478,90.34782608695652,26.59323222175146,58.95625496925665,69.0,39.47826086956522,6.347826086956516,85.54948719100811,0.0
תפ_43875-08-17,drugs,Hybrid-Full,58,0.0,10.0,6.124725877192983,17.642817982456144,4.36734722226316,6.992628188978622,62.89655172413793,6.124725877192983,7.642817982456144,11.359975411241782,0.21965165239819137
תפ_26210-11-21,weapon,Hybrid-Full,57,48.0,66.0,39.791993919432485,68.70306561945782,18.216981582434602,28.687037791884457,69.24561403508773,8.208006080567515,2.703065619457817,46.90401937431906,0.6225988502523837
תפ_2275-06-17,drugs,Hybrid-Full,80,18.0,36.0,16.43008439516796,35.39880853880522,9.424668429180944,14.806227574909148,75.5375,1.5699156048320404,0.6011914611947802,24.23089600409009,0.8890589458908679
תפ_40639-10-17,drugs,Hybrid-Full,85,6.0,15.0,7.285616203226914,19.297802952282876,4.927937446239395,7.049660719706713,68.54117647058824,1.2856162032269136,4.297802952282876,11.977598165946109,0.5801246886011898
תפ_9763-11-19,drugs,Hybrid-Full,11,12.0,24.0,7.6447876447876455,19.71557271557272,7.851935593341522,13.367655548974662,70.63636363636364,4.3552123552123545,4.284427284427281,21.219591142316183,0.4717500786905888
תפ_15263-09-18,drugs,Hybrid-Full,11,40.0,72.0,32.203125,66.54687499999999,14.307138598477092,21.076797787108877,58.18181818181818,7.796875,5.453125000000014,35.38393638558597,0.6670592854338434
תפ_12213-10-16,weapon,Hybrid-Full,79,15.0,36.0,18.155388940955955,40.68678537956889,8.340148897977915,11.781485343178245,67.53164556962025,3.1553889409559552,4.686785379568889,20.12163424115616,0.6947000488911913
תפ_2791-06-18,drugs,Hybrid-Full,42,12.0,36.0,13.313422818791947,28.738926174496644,8.810714205287573,12.418099036224078,70.95238095238095,1.3134228187919472,7.261073825503356,21.228813241511652,0.6427293064876957
תפ_42359-08-18,drugs,Hybrid-Full,17,16.0,36.0,11.974121996303142,28.990757855822544,5.829764932615222,9.281450787442832,63.64705882352941,4.025878003696858,7.009242144177456,15.111215720058055,0.5406985690106166
תפ_49845-08-20,drugs,Hybrid-Full,5,14.0,30.0,12.88135593220339,28.774818401937047,7.939773296511683,12.026637102698327,82.6,1.1186440677966107,1.225181598062953,19.966410399210012,0.8630834512022632
תפ_8843-02-15,drugs,Hybrid-Full,85,28.0,52.0,18.372210953346862,38.22848449724718,8.706788506100594,13.946134635814929,81.2,9.627789046653138,13.77151550275282,22.652923141915522,0.30416761812847126
תפ_34344-01-15,weapon,Hybrid-Full,54,12.0,36.0,15.708390646492434,37.67125171939478,5.240086335271337,7.820627117105194,67.31481481481481,3.7083906464924343,1.6712517193947818,13.06071345237653,0.7904409794781115
תפ_31467-07-14,weapon,Hybrid-Full,21,21.0,48.0,37.22368421052631,99.0328947368421,18.124287459604236,143.1933820789278,72.38095238095238,16.223684210526308,51.032894736842096,161.31766953853204,0.13809965432931467
תפ_3549-03-13,weapon,Hybrid-Full,11,4.0,9.0,3.738372093023255,11.56395348837209,1.5850541612875175,4.265952075145479,78.18181818181819,0.2616279069767451,2.563953488372089,5.851006236432996,0.6389301634472514
תפ_53127-06-16,drugs,Hybrid-Full,111,6.0,16.0,11.120705109052883,26.35688676426651,10.44292988170676,17.42752218016523,60.306306306306304,5.120705109052883,10.356886764266509,27.87045206187199,0.23968767658088044
תפ_24614-07-23,weapon,Hybrid-Full,4,18.0,36.0,13.0,32.51851851851851,3.570714214271425,3.4641016151377544,67.5,5.0,3.481481481481488,7.03481582940918,0.6312399355877614
תפ_56739-09-20,weapon,Hybrid-Full,6,18.0,36.0,13.32,31.066666666666666,4.2295258468165065,7.371114795831994,62.5,4.68,4.933333333333334,11.6006406426485,0.5761316872427984
תפ_33342-01-14,weapon,Hybrid-Full,6,3.0,18.0,9.727272727272725,23.515151515151512,2.9674156357941426,6.871842709362768,82.5,6.727272727272725,5.515151515151512,9.83925834515691,0.40324963072378156
תפ_7133-07-20,weapon,Hybrid-Full,18,19.0,48.0,16.758301158301155,36.82857142857143,6.459751934999392,8.872380503701875,71.94444444444444,2.2416988416988453,11.17142857142857,15.332132438701267,0.5706658757229719
תפ_37340-06-12,drugs,Hybrid-Full,33,0.0,12.0,3.6521533364884053,14.95172740179839,4.89297767077319,7.300703766219643,64.03030303030303,3.6521533364884053,2.95172740179839,12.193681436992833,0.5583198809862945
תפ_33882-04-16,weapon,Hybrid-Full,11,72.0,168.0,28.091503267973852,114.0,17.9820847484608,194.10366149292156,69.54545454545455,43.90849673202615,54.0,212.08574624138237,0.3001962066710268
תפ_17277-05-20,weapon,Hybrid-Full,8,16.0,36.0,24.435510887772192,54.33165829145728,9.871043511199817,17.320508075688775,74.625,8.435510887772192,18.33165829145728,27.191551586888593,0.3016955077783605
תפ_11701-02-20,drugs,Hybrid-Full,32,36.0,60.0,25.668341708542716,50.688442211055275,11.521718621802913,18.195096137077705,62.1875,10.331658291457284,9.311557788944725,29.716814758880616,0.4278395784543325
תפ_42879-09-21,drugs,Hybrid-Full,52,7.0,18.0,13.05806248027769,29.739981066582523,12.800052584026604,21.688045134938925,60.94230769230769,6.058062480277689,11.739981066582523,34.48809771896553,0.21732373062459237
תפ_34960-10-19,drugs,Hybrid-Full,11,24.0,48.0,26.64945226917058,49.123630672926446,9.335792670865631,13.601166697647304,58.09090909090909,2.649452269170581,1.1236306729264456,22.936959368512937,0.8498193596611436
תפ_21605-07-13,drugs,Hybrid-Full,109,6.0,18.0,8.625185185185185,21.708592592592584,8.774547132704832,14.170983249777198,61.92660550458716,2.6251851851851846,3.7085925925925842,22.94553038248203,0.596795337300652
תפ_57910-06-24,drugs,Hybrid-Full,88,22.0,46.0,22.716501922020868,45.614772103239986,7.40630176168403,10.895724529214611,82.77272727272727,0.7165019220208677,0.38522789676001423,18.30202629089864,0.95409459088413
תפ_54083-05-20,weapon,Hybrid-Full,38,15.0,30.0,18.435361216730037,38.78326996197718,6.141735432874312,5.8916815390294754,69.21052631578948,3.435361216730037,8.783269961977183,12.033416971903787,0.4862509992006396
תפ_30377-04-18,drugs,Hybrid-Full,61,6.0,15.0,6.710569486758847,19.087649402390443,4.643021192514779,7.094592571224907,69.95081967213115,0.710569486758847,4.0876494023904435,11.737613763739686,0.6333781000984867
תפ_7926-08-19,drugs,Hybrid-Full,47,8.0,18.0,6.579587698546807,17.86786076377155,4.193594891831461,5.459675626332704,62.95744680851064,1.4204123014531929,0.13213923622845059,9.653270518164165,0.8640546858816919
תפ_52504-10-20,drugs,Hybrid-Full,72,40.0,60.0,25.528977681785452,49.30165586753059,10.274614753524014,13.852723748307174,77.16666666666667,14.471022318214548,10.698344132469408,24.12733850183119,0.2698398609029817
תפ_56456-03-19,drugs,Hybrid-Full,8,0.0,10.0,0.5772646536412077,9.815275310834814,1.1110243021644486,1.8540496217739157,70.375,0.5772646536412077,0.18472468916518636,2.9650739239383643,0.9238010657193605
תפ_47589-10-22,drugs,Hybrid-Full,11,9.0,24.0,13.84126984126984,29.688311688311686,6.200506510901794,12.07415106609745,63.0,4.84126984126984,5.6883116883116855,18.274657576999243,0.491037176536235
תפ_60057-12-19,drugs,Hybrid-Full,7,9.0,26.0,6.469879518072289,18.674698795180724,1.178030178747903,5.0950155714648595,59.285714285714285,2.530120481927711,7.325301204819276,6.273045750212763,0.4953732264034547
תפ_9804-01-24,drugs,Hybrid-Full,29,18.0,36.0,9.734192037470725,24.224238875878214,5.891407314274517,7.756398149097596,58.89655172413793,8.265807962529275,11.775761124121786,13.647805463372112,0.23697115598947863
תפ_21322-10-19,drugs,Hybrid-Full,5,8.0,17.0,6.19298245614035,16.64912280701754,0.39999999999999997,2.0591260281974,57.0,1.8070175438596499,0.350877192982459,2.4591260281974,0.800324675324675
תפ_73906-12-20,drugs,Hybrid-Full,79,30.0,54.0,22.93574060427413,45.429624170965354,7.823645030742164,11.3268437015377,85.88607594936708,7.06425939572587,8.570375829034646,19.150488732279864,0.4967002101807171
תפ_28032-06-19,drugs,Hybrid-Full,10,1.0,9.0,6.240768094534713,17.459379615952738,5.059644256269407,6.899275324264136,67.7,5.240768094534713,8.459379615952738,11.958919580533543,0.16763887642466113
תפ_51797-01-21,drugs,Hybrid-Full,106,29.0,49.0,20.201957507758422,41.70315111005014,8.571334909386723,13.126438960601645,79.0377358490566,8.798042492241578,7.296848889949857,21.697773869988367,0.44111161768972573
תפ_49472-07-18,drugs,Hybrid-Full,24,8.0,20.0,8.198391420911529,22.571045576407506,4.297932319409209,7.413271694887638,77.70833333333333,0.19839142091152873,2.5710455764075064,11.711204014296847,0.8099356025758969
תפ_49416-04-18,weapon,Hybrid-Full,20,18.0,42.0,20.80668604651163,42.10174418604652,5.479735395071554,8.543418519538886,68.8,2.8066860465116292,0.10174418604651692,14.02315391461044,0.8793269810638039
תפ_42197-05-22,weapon,Hybrid-Full,50,14.0,30.0,13.990837696335076,31.523560209424083,5.453109204848184,9.009350698024804,76.4,0.00916230366492421,1.5235602094240832,14.462459902872988,0.9125793206420306
תפ_1062-06-18,drugs,Hybrid-Full,29,0.0,12.0,2.933161953727507,13.678663239074554,3.346426919451475,5.0269192121770825,67.06896551724138,2.933161953727507,1.6786632390745542,8.373346131628558,0.6628453298252207
תפ_6677-02-21,drugs,Hybrid-Full,12,3.0,12.0,4.333333333333332,15.552941176470586,5.203497755249722,6.080478782318233,63.75,1.3333333333333321,3.5529411764705863,11.283976537567955,0.6107466416744769
תפ_44477-08-20,drugs,Hybrid-Full,73,30.0,54.0,25.540042523033307,49.3417788802268,10.36833379361628,13.816058331434542,77.31506849315069,4.459957476966693,4.658221119773202,24.18439212505082,0.6796137659685736
תפ_24207-06-13,weapon,Hybrid-Full,26,24.0,48.0,37.06936100491534,66.65101037684326,16.98136813997404,26.105838291451366,70.42307692307692,13.069361004915343,18.65101037684326,43.08720643142541,0.25628089225804807
תפ_46967-02-21,drugs,Hybrid-Full,97,36.0,60.0,23.15247090571766,46.50565019396189,12.995457728162544,21.148343147815563,61.123711340206185,12.84752909428234,13.494349806038109,34.14380087597811,0.28511138880115744
תפ_19883-06-19,drugs,Hybrid-Full,8,0.0,12.0,0.5983772819472617,9.472616632860042,1.1110243021644486,1.6583123951777,61.625,0.5983772819472617,2.527383367139958,2.7693366973421485,0.7395199459093984
תפ_32956-11-20,drugs,Hybrid-Full,83,24.0,48.0,22.079367469879525,44.472439759036156,8.696275041278016,11.974800560095236,80.0,1.920632530120475,3.527560240963844,20.671075601373254,0.7898125068995376
תפ_4435-11-17,drugs,Hybrid-Full,30,54.0,90.0,48.58725406330197,82.99828913601368,11.209916245102914,15.1843852544499,77.93333333333334,5.41274593669803,7.001710863986318,26.394301499552814,0.7002261859268974
תפ_49087-01-17,drugs,Hybrid-Full,3,8.0,24.0,22.045454545454547,42.242424242424235,9.899494936611665,14.966629547095765,66.0,14.045454545454547,18.242424242424235,24.86612448370743,0.05707964601769909
תפ_45874-03-19,drugs,Hybrid-Full,10,6.0,18.0,10.439999999999998,24.679999999999996,6.992138442565336,13.529597185430172,62.5,4.439999999999998,6.679999999999996,20.521735627995508,0.40471092077087817
תפ_28847-09-20,drugs,Hybrid-Full,23,20.0,45.0,17.460662525879915,38.19409937888199,5.972526894433034,11.873625679104334,84.0,2.539337474120085,6.805900621118013,17.846152573537367,0.6606585723414652
תפ_50777-11-23,drugs,Hybrid-Full,75,12.0,24.0,19.651805390744194,41.514324461773185,7.677383813658285,11.772283833932425,78.65333333333334,7.651805390744194,17.514324461773185,19.449667647590708,0.14732489015249417
תפ_20811-11-15,weapon,Hybrid-Full,27,12.0,42.0,34.34776264591439,65.57490272373542,32.19500766452026,42.04876651498945,76.14814814814815,22.347762645914393,23.57490272373542,74.24377417950971,0.1428325011348162
תפ_50774-11-15,drugs,Hybrid-Full,41,6.0,24.0,8.211111111111112,22.329118773946362,4.18603667374145,6.913332780708832,63.65853658536585,2.211111111111112,1.6708812260536376,11.099369454450283,0.7843337590464028
תפ_34053-04-18,drugs,Hybrid-Full,102,8.0,14.0,13.984155190285803,31.300459055234715,10.813263282746403,18.073656381010853,66.20588235294117,5.984155190285803,17.300459055234715,28.886919663757254,0.0006800213539414246
תפ_52101-02-15,weapon,Hybrid-Full,28,24.0,60.0,30.992968357609243,60.89603214465095,15.230373787740264,23.36959039226064,71.10714285714286,6.992968357609243,0.8960321446509525,38.5999641800009,0.7861829567111348
תפח_53498-02-20,weapon,Hybrid-Full,34,120.0,156.0,51.15139784946237,90.5015053763441,33.908295317657604,45.93801299645299,68.38235294117646,68.84860215053763,65.4984946236559,79.84630831411059,0.0
תפ_42156-05-22,drugs,Hybrid-Full,26,48.0,84.0,34.15269461077845,65.81437125748502,11.027735340747082,16.33379623383015,64.23076923076923,13.847305389221553,18.18562874251498,27.36153157457723,0.3573788215508438
תפ_3766-09-21,drugs,Hybrid-Full,66,9.0,24.0,12.018946491775973,29.09306683322923,7.924343819966619,12.758259536847103,72.77272727272727,3.0189464917759725,5.09306683322923,20.682603356813722,0.5962779901976023
תפ_59586-01-14,drugs,Hybrid-Full,8,6.0,12.0,6.0871143375680585,19.448275862068968,6.936092199502541,9.096702699330127,68.875,0.08711433756805853,7.448275862068968,16.03279489883267,0.43967611336032375
תפ_9270-02-21,drugs,Hybrid-Full,39,34.0,64.0,28.031055900621123,55.05383022774326,10.296843378601285,15.408315078879323,61.92307692307692,5.968944099378877,8.946169772256738,25.705158457480607,0.5853335635756632
תפ_59541-10-18,drugs,Hybrid-Full,47,9.0,18.0,6.715562913907285,18.26655629139073,5.67491123049252,8.222021022637643,64.25531914893617,2.284437086092715,0.26655629139073156,13.896932253130164,0.7791537667698656
תפ_37850-05-17,drugs,Hybrid-Full,77,12.0,36.0,11.648342425514063,26.62337389844734,9.863035728059605,16.06243090646815,61.896103896103895,0.3516575744859374,9.37662610155266,25.92546663452776,0.6005083577459938
תפ_44501-11-16,drugs,Hybrid-Full,21,13.0,30.0,9.27665706051873,23.31484149855908,4.1763832284344184,6.684330341092033,66.0952380952381,3.7233429394812703,6.68515850144092,10.860713569526451,0.49774023084411073
תפ_47640-06-18,drugs,Hybrid-Full,25,10.0,24.0,7.19626168224299,20.716510903426794,5.344155686354955,8.125416912380558,64.2,2.80373831775701,3.2834890965732058,13.469572598735514,0.6377456433073787
תפ_3256-09-21,weapon,Hybrid-Full,3,9.0,20.0,7.973684210526315,20.578947368421055,0.816496580927726,2.494438257849294,63.333333333333336,1.026315789473685,0.5789473684210549,3.31093483877702,0.8726513569937367
תפ_54202-12-21,weapon,Hybrid-Full,4,24.0,50.0,18.920152091254753,43.09885931558936,5.196152422706632,9.310612224768036,65.75,5.079847908745247,6.901140684410642,14.506764647474668,0.6145094201125522
תפ_35208-03-22,drugs,Hybrid-Full,38,7.0,20.0,7.3540296052631575,21.593338815789476,3.9343645454801592,6.226840748435051,64.0,0.3540296052631575,1.5933388157894761,10.16120529391521,0.866557718858302
תפ_12143-06-20,drugs,Hybrid-Full,26,36.0,60.0,30.281733746130033,59.64396284829722,14.70523997900873,23.803715338268635,62.11538461538461,5.718266253869967,0.35603715170277894,38.50895531727737,0.7956037087196586
תפ_4719-02-23,drugs,Hybrid-Full,17,8.0,18.0,12.233170731707313,27.720975609756096,13.161756490303054,18.83088091738056,60.294117647058826,4.233170731707313,9.720975609756096,31.992637407683617,0.29242109429108565
תפ_26032-04-14,drugs,Hybrid-Full,14,24.0,50.0,27.272727272727277,56.67878787878788,18.279016630540927,28.505638539970096,58.92857142857143,3.272727272727277,6.67878787878788,46.78465517051102,0.6954747774480711
תפ_37694-03-15,drugs,Hybrid-Full,36,16.0,36.0,14.354166666666668,30.898384353741502,8.342726187938423,12.030920810792312,65.33333333333333,1.6458333333333321,5.101615646258498,20.373646998730734,0.6882795466598577
תפ_12028-05-22,weapon,Hybrid-Full,47,36.0,60.0,33.647212259537014,58.11053146397132,15.79612068517994,20.707517174733287,65.25531914893617,2.352787740462986,1.88946853602868,36.503637859913226,0.8390205879441757
תפ_23532-07-18,weapon,Hybrid-Full,8,24.0,60.0,46.00674536256324,69.22428330522766,46.40834380798349,56.17773135326844,74.125,22.006745362563237,9.224283305227658,102.58607516125193,0.3094190469087926
תפח_39587-07-21,weapon,Hybrid-Full,7,16.0,36.0,37.83185840707965,69.81858407079645,20.15450524405531,29.557277497449327,64.57142857142857,21.83185840707965,33.81858407079645,49.711782741504635,0.0
תפ_13598-05-23,drugs,Hybrid-Full,48,18.0,54.0,21.193498452012385,43.95975232198143,7.104105571584802,11.290648016783134,67.29166666666667,3.193498452012385,10.040247678018567,18.394753588367937,0.6323959408324735
תפ_24634-04-23,weapon,Hybrid-Full,43,54.0,72.0,46.07454128440367,77.4825114678899,19.990857834803787,24.246369317789537,81.11627906976744,7.925458715596328,5.482511467889907,44.23722715259332,0.5731029383574774
תפ_21064-04-23,weapon,Hybrid-Full,38,12.0,30.0,13.845195729537364,32.90391459074733,3.6408158654627103,7.79231811508284,73.94736842105263,1.8451957295373642,2.903914590747327,11.43313398054555,0.7728123935989106
תפ_398-09-16,weapon,Hybrid-Full,31,24.0,48.0,42.61190053285969,100.68960923623447,31.15678188183192,121.55390885341458,72.64516129032258,18.611900532859693,52.689609236234475,152.71069073524652,0.0702585333371933
תפ_34003-04-18,weapon,Hybrid-Full,18,60.0,108.0,45.770526315789475,75.5424561403509,18.3054501767326,24.524112598938867,79.16666666666667,14.229473684210525,32.45754385964911,42.82956277567146,0.24976036627310377
תפ_12130-05-22,drugs,Hybrid-Full,44,14.0,30.0,21.027402402402405,44.02477477477477,12.799954803639213,20.02586137890059,60.54545454545455,7.027402402402405,14.02477477477477,32.8258161825398,0.2988397969644687
תפ_28744-03-21,weapon,Hybrid-Full,51,18.0,36.0,19.587323943661968,41.308169014084505,7.296225712663676,7.225643172882424,69.6078431372549,1.5873239436619677,5.3081690140845055,14.5218688855461,0.704159818234555
תפ_41271-08-14,weapon,Hybrid-Full,12,12.0,48.0,33.47727272727273,67.90227272727273,11.855612829185826,14.585952145814822,73.33333333333333,21.477272727272727,19.90227272727273,26.44156497500065,0.2597877789974387
תפ_57220-05-15,weapon,Hybrid-Full,19,60.0,96.0,33.42644978783593,66.33946251768033,22.328571314638754,33.557987188672755,74.42105263157895,26.573550212164072,29.66053748231967,55.886558503311505,0.10131217577052169
תפח_16644-04-16,weapon,Hybrid-Full,26,48.0,96.0,53.61376476630714,92.00616332819722,18.990499025945525,27.552639238266867,74.88461538461539,5.613764766307142,3.9938366718027822,46.54313826421239,0.7998416367060432
תפ_20482-10-16,drugs,Hybrid-Full,66,24.0,48.0,23.678386578618596,46.69712653935392,7.51999172087933,10.167603714211927,84.89393939393939,0.3216134213814037,1.302873460646083,17.687595435091257,0.9332080954547455
תפ_14998-08-16,drugs,Hybrid-Full,14,0.0,12.0,3.2718562874251496,13.54970059880239,3.455991543829412,4.510758115384841,59.642857142857146,3.2718562874251496,1.5497005988023904,7.966749659214253,0.6441576807495141
תפ_19830-10-20,drugs,Hybrid-Full,44,0.0,12.0,1.5894736842105261,11.843859649122807,2.7246199219355836,3.771563347293086,64.77272727272727,1.5894736842105261,0.1561403508771928,6.49618326922867,0.85453216374269
תפ_28045-11-18,drugs,Hybrid-Full,8,8.0,20.0,11.12871287128713,21.554455445544555,5.348773223833667,8.709728755822422,63.125,3.1287128712871297,1.554455445544555,14.05850197965609,0.6544923301680058
תפ_65068-11-22,drugs,Hybrid-Full,14,4.0,12.0,3.3867403314917124,13.027624309392262,3.5692850710425676,4.5175395145262565,64.64285714285714,0.6132596685082876,1.0276243093922623,8.086824585568824,0.8297994269340976
תפ_9369-01-13,drugs,Hybrid-Full,28,3.0,10.0,7.907246376811593,21.05507246376811,8.684374896729112,13.221233694635435,61.607142857142854,4.907246376811593,11.05507246376811,21.905608591364548,0.11590945577139197
תפ_17610-09-15,drugs,Hybrid-Full,21,6.0,14.0,4.452054794520548,15.86986301369863,3.482381961672804,5.632751650522379,69.52380952380952,1.5479452054794516,1.8698630136986303,9.115133612195184,0.7006598680263948
תפ_19691-03-18,drugs,Hybrid-Full,57,6.0,15.0,7.162286297524879,18.755039550905845,4.4338439295245795,6.593084226547094,68.75438596491227,1.1622862975248793,3.7550395509058454,11.026928156071673,0.6144797647388319
תפ_21477-06-19,drugs,Hybrid-Full,32,60.0,96.0,31.101736972704717,59.3225806451613,19.26612555108058,25.48710994674563,62.96875,28.898263027295283,36.6774193548387,44.75323549782621,0.0
תפ_33866-12-15,drugs,Hybrid-Full,3,36.0,84.0,28.781250000000004,56.0625,19.026297590440446,31.496031496047245,64.0,7.2187499999999964,27.9375,50.52232908648769,0.3633276740237691
תפ_37900-06-22,weapon,Hybrid-Full,35,50.0,80.0,38.41574415744158,68.37310373103732,16.771306886879078,21.167823097661167,69.68571428571428,11.58425584255842,11.626896268962682,37.939129984540244,0.4418283640952834
תפ_63413-01-22,drugs,Hybrid-Full,25,48.0,84.0,36.44572627163083,64.54168851599371,16.044238841403477,22.176600280475814,76.28,11.554273728369168,19.458311484006288,38.220839121879294,0.34784862051474325
תפ_4338-04-13,weapon,Hybrid-Full,32,12.0,36.0,15.105163429654192,38.266224538133585,9.632099654280992,15.30063315683374,65.96875,3.1051634296541923,2.266224538133585,24.932732811114732,0.7955020920502093
תפ_1338-12-20,drugs,Hybrid-Full,4,15.0,30.0,31.046413502109704,60.81856540084387,11.357816691600547,22.197972880423112,59.25,16.046413502109704,30.818565400843873,33.555789572023656,0.0
תפח_26637-09-13,weapon,Hybrid-Full,4,72.0,120.0,67.16129032258063,127.1612903225806,18.0,41.02438299353203,77.5,4.838709677419374,7.161290322580598,59.02438299353203,0.8000000000000004
תפ_26547-09-21,weapon,Hybrid-Full,4,6.0,20.0,7.454545454545454,20.472727272727273,1.118033988749895,2.179449471770337,68.75,1.4545454545454541,0.47272727272727266,3.297483460520232,0.8668341708542715
תפ_50059-04-15,drugs,Hybrid-Full,18,18.0,40.0,23.767263427109974,47.135549872122766,16.353351300740535,25.744231045008227,65.16666666666667,5.767263427109974,7.135549872122766,42.09758234574876,0.5571453651685393
תפ_56878-01-14,drugs,Hybrid-Full,12,6.0,18.0,4.964194373401535,17.213554987212273,3.0550504633038935,6.469479628738826,65.16666666666667,1.0358056265984654,0.7864450127877269,9.52453009204272,0.8602118893466743
תפ_57031-01-14,drugs,Hybrid-Full,16,3.0,15.0,5.264849074975658,17.961051606621226,5.052459178459535,8.602325267042627,64.1875,2.2648490749756576,2.9610516066212256,13.654784445502163,0.6506996420436056
תפ_13177-04-21,weapon,Hybrid-Full,74,24.0,50.0,37.45529649348265,67.56636680741693,18.836596957850965,25.610001356242915,73.60810810810811,13.455296493482649,17.566366807416927,44.446598314093876,0.28794467902202225
תפ_23533-01-24,weapon,Hybrid-Full,10,18.0,36.0,18.146666666666665,36.96,6.2641839053463295,8.35224520712844,75.0,0.14666666666666472,0.9600000000000009,14.61642911247477,0.9416315049226442
תפ_55185-02-20,weapon,Hybrid-Full,20,15.0,36.0,13.59340659340659,32.62271062271063,3.365635155509284,4.950757517794625,68.25,1.4065934065934105,3.3772893772893724,8.316392673303909,0.7864966486839956
תפח_31367-12-17,weapon,Hybrid-Full,3,48.0,72.0,43.658291457286424,81.52763819095476,39.89987468652001,46.73328578219169,66.33333333333333,4.341708542713576,9.527638190954761,86.63316046871171,0.6337579617834396
תפ_69945-03-23,weapon,Hybrid-Full,39,38.0,60.0,29.371517027863792,49.940789473684234,7.755212876427788,11.006721991314345,66.25641025641026,8.628482972136208,10.059210526315766,18.761934867742134,0.3898589912059041
תפ_28246-06-21,weapon,Hybrid-Full,20,84.0,120.0,41.67211895910781,75.91970260223047,23.93094231324793,33.43033801803386,67.25,42.32788104089219,44.08029739776953,57.36128033128179,0.0
תפ_49990-03-13,weapon,Hybrid-Full,14,42.0,84.0,28.791666666666668,63.02651515151516,21.31206422739602,32.99226872948218,75.42857142857143,13.208333333333332,20.973484848484837,54.3043329568782,0.3808576329331049
תפ_60637-11-14,weapon,Hybrid-Full,12,8.0,20.0,31.278941565600885,67.44211686879825,20.99338520158724,40.52536928339525,75.58333333333333,23.278941565600885,47.44211686879825,61.518754484982495,0.0
תפ_46914-06-18,drugs,Hybrid-Full,48,6.0,15.0,6.826216781128696,17.61242161839355,4.334885539306533,5.753584329693004,69.77083333333333,0.8262167811286956,2.612421618393551,10.088469868999535,0.7038827462072511
תפ_11017-08-14,drugs,Hybrid-Full,22,30.0,60.0,31.432267884322677,58.014459665144585,10.390714227076035,14.046337130257818,59.72727272727273,1.4322678843226768,1.9855403348554148,24.437051357333853,0.8860730593607303
תפ_613-04-17,weapon,Hybrid-Full,16,10.0,30.0,13.13574660633484,36.27149321266968,7.212998249687851,8.192031188905473,69.0625,3.1357466063348394,6.271493212669682,15.405029438593324,0.6419221495005167
תפ_48224-08-18,drugs,Hybrid-Full,55,9.0,24.0,9.77928928373126,25.425874514158803,5.790959040743617,8.878909917456875,65.49090909090908,0.7792892837312593,1.425874514158803,14.669868958200492,0.8657506000067606
תפ_62062-06-20,weapon,Hybrid-Full,9,24.0,48.0,19.000000000000004,39.075630252100844,5.883645464388323,6.253887679764573,66.11111111111111,4.9999999999999964,8.924369747899156,12.137533144152897,0.5198493190379602
תפ_43085-06-21,weapon,Hybrid-Full,51,48.0,84.0,36.631536604987936,62.50737463126844,20.11598433674616,27.05483062326995,73.11764705882354,11.368463395012064,21.49262536873156,47.17081496001611,0.3062665240012003
תפ_44415-01-17,drugs,Hybrid-Full,20,6.0,18.0,9.789855072463768,23.957326892109492,5.709640969448079,10.864966635935888,62.1,3.7898550724637676,5.957326892109492,16.574607605383967,0.45720306685199325
תפ_47396-07-19,drugs,Hybrid-Full,33,6.0,18.0,3.7477360931435966,16.35403191030617,4.6040665540142305,7.446534251580614,70.27272727272727,2.2522639068564034,1.645968089693831,12.050600805594843,0.7264833136667577
תפ_6800-09-13,drugs,Hybrid-Full,22,6.0,18.0,4.995382585751979,18.010554089709764,5.822441622402152,8.90317521593391,68.9090909090909,1.0046174142480213,0.010554089709764014,14.725616838336062,0.9220009122700319
תפ_55353-01-21,drugs,Hybrid-Full,6,0.0,18.0,9.014005602240896,17.176470588235293,6.938219432166216,3.7859388972001824,59.5,9.014005602240896,0.8235294117647065,10.724158329366398,0.4534702769996887
תפ_25009-02-23,weapon,Hybrid-Full,10,20.0,40.0,21.1292984869326,40.25584594222834,6.740919818541087,8.089499366462674,72.7,1.1292984869326013,0.25584594222834056,14.83041918500376,0.9316175471954363
תפ_48069-09-23,weapon,Hybrid-Full,25,18.0,36.0,24.604584527220634,44.627507163323784,6.079473661428265,7.374984745746936,69.8,6.604584527220634,8.627507163323784,13.454458407175201,0.4279565264177336
תפ_52188-03-22,weapon,Hybrid-Full,28,66.0,96.0,48.48120989917508,80.74014665444547,19.77072020820234,23.234057514162878,77.92857142857143,17.518790100824923,15.259853345554532,43.00477772236522,0.3101961692031713
תפ_57341-02-23,drugs,Hybrid-Full,60,18.0,36.0,17.317538126361658,37.32407407407409,11.547438388375724,20.076686313566125,61.2,0.6824618736383421,1.3240740740740904,31.62412470194185,0.8997059784384182
תפ_20354-10-21,drugs,Hybrid-Full,40,16.0,36.0,26.923904382470116,53.2812749003984,13.826062346163496,22.027199095663526,62.75,10.923904382470116,17.2812749003984,35.85326144182702,0.24344917500213742
תפ_58966-01-18,drugs,Hybrid-Full,28,54.0,90.0,36.11835748792271,64.62801932367151,16.072341243926612,21.999072336657047,73.92857142857143,17.881642512077292,25.37198067632849,38.07141358058366,0.19724750078450734
תפ_1316-04-19,weapon,Hybrid-Full,51,45.0,70.0,34.00726587728741,63.48977395048439,18.168780233229715,25.98393612528442,72.86274509803921,10.99273412271259,6.510226049515609,44.152716358514134,0.5137085137085138
תפ_229-08-16,weapon,Hybrid-Full,3,84.0,120.0,26.785714285714285,45.714285714285715,10.274023338281628,13.366625103842281,70.0,57.214285714285715,74.28571428571428,23.64064844212391,0.0
תפ_41294-08-14,weapon,Hybrid-Full,6,12.0,54.0,34.30042918454936,72.48927038626609,13.856406460551018,16.1245154965971,77.66666666666667,22.30042918454936,18.489270386266085,29.980921957148116,0.3256704980842912
תפ_36381-05-15,weapon,Hybrid-Full,26,24.0,48.0,30.588565022421527,55.818385650224215,15.694758481320516,23.998027532357465,68.61538461538461,6.588565022421527,7.818385650224215,39.69278601367798,0.5472130223381015
תפ_1169-07-20,drugs,Hybrid-Full,10,6.0,18.0,1.4816053511705685,11.294314381270903,2.835489375751565,3.8157568056677826,59.8,4.518394648829432,6.705685618729097,6.6512461814193475,0.32051022474185054
תפ_36431-04-15,drugs,Hybrid-Full,7,0.0,10.0,4.325842696629214,14.314606741573034,6.366365701473483,8.191583535332258,63.57142857142857,4.325842696629214,4.314606741573034,14.55794923680574,0.3963893249607535
תפ_51123-01-12,drugs,Hybrid-Full,40,0.0,8.0,2.6417322834645676,12.82716535433071,4.407663780280887,5.798922313671739,63.5,2.6417322834645676,4.82716535433071,10.206586093952627,0.4177281237531076
תפ_10686-05-20,weapon,Hybrid-Full,28,28.0,60.0,21.833865814696498,42.79605963791269,5.394039605463249,7.052644604569788,67.07142857142857,6.166134185303502,17.20394036208731,12.446684210033037,0.387675093476199
תפ_42324-09-20,weapon,Hybrid-Full,28,24.0,60.0,26.202882483370292,55.90354767184035,16.758184110871845,28.657993862880527,64.42857142857143,2.202882483370292,4.09645232815965,45.41617797375237,0.8250184774575016
תפ_34823-01-23,drugs,Hybrid-Full,9,3.0,9.0,11.762376237623764,25.28712871287129,6.273597428219157,9.338622839755864,56.111111111111114,8.762376237623764,16.28712871287129,15.61222026797502,0.0
תפ_19902-12-16,drugs,Hybrid-Full,37,54.0,90.0,44.77757750540736,77.7101658255227,13.067113382643374,18.436474154646017,74.97297297297297,9.222422494592642,12.289834174477306,31.50358753728939,0.5243010992690137
תפ_50916-06-16,weapon,Hybrid-Full,19,28.0,48.0,28.267801857585138,87.90247678018575,18.941373320556725,152.57174870910774,68.0,0.2678018575851375,39.90247678018575,171.51312202966446,0.32940538026203586
תפ_23475-08-13,weapon,Hybrid-Full,21,18.0,48.0,22.24232081911262,44.088737201365184,11.277774985198988,15.968932422710306,69.76190476190476,4.242320819112621,3.911262798634816,27.246707407909295,0.7282138794084188
תפ_21873-05-14,drugs,Hybrid-Full,27,6.0,24.0,9.451711491442545,24.504889975550117,4.321763598759947,6.214280646270916,60.592592592592595,3.451711491442545,0.5048899755501175,10.536044245030864,0.7861861663473608
תפ_3673-04-18,drugs,Hybrid-Full,59,18.0,30.0,7.2437369519832995,20.22964509394572,4.516559591431007,7.188678896736118,64.94915254237289,10.7562630480167,9.77035490605428,11.705238488167126,0.09797940414210685
תפ_33318-10-23,weapon,Hybrid-Full,4,48.0,72.0,34.5,57.5,3.840572873934304,6.06217782649107,65.0,13.5,14.5,9.902750700425374,0.25333333333333335
תפ_38578-12-20,drugs,Hybrid-Full,22,18.0,48.0,20.53133514986376,43.82016348773841,6.181316824589273,9.217751469244565,83.4090909090909,2.531335149863761,4.179836512261588,15.399068293833839,0.7762942779291551
תפ_15148-03-12,weapon,Hybrid-Full,3,24.0,48.0,14.857142857142854,32.49999999999999,10.198039027185569,16.30950643030009,70.0,9.142857142857146,15.500000000000007,26.50754545748566,0.25646551724137906
תפ_39312-12-15,drugs,Hybrid-Full,19,6.0,18.0,10.115257048092872,24.48756218905473,7.998961151386164,12.061476873780062,63.473684210526315,4.115257048092872,6.4875621890547315,20.060438025166228,0.42648905633297424
תפ_39647-01-20,drugs,Hybrid-Full,49,18.0,30.0,10.82019320660642,25.419133686506697,8.645501125592416,14.494193066640904,65.48979591836735,7.179806793393579,4.580866313493303,23.13969419223332,0.38682004289335137
תפ_20778-11-12,weapon,Hybrid-Full,13,18.0,45.0,34.604540023894856,64.96774193548386,20.671565239900332,31.955590486073163,64.38461538461539,16.604540023894856,19.967741935483858,52.627155725973495,0.22133190883190904
תפ_5076-04-22,drugs,Hybrid-Full,7,26.0,48.0,12.27972027972028,27.463869463869468,10.881551510024025,15.916875911293342,61.285714285714285,13.72027972027972,20.536130536130532,26.798427421317367,0.040981466979900925
תפ_65763-12-19,drugs,Hybrid-Full,12,10.0,26.0,12.014598540145984,26.43552311435523,6.832825184358224,10.657222381506772,68.5,2.0145985401459843,0.43552311435523094,17.490047565864998,0.8509252405625464
תפ_58626-07-22,weapon,Hybrid-Full,4,30.0,60.0,18.882352941176467,45.91911764705882,8.170067319184096,17.11724276862369,68.0,11.117647058823533,14.080882352941181,25.287310087807786,0.38716022889842616
תפ_45516-08-21,drugs,Hybrid-Full,4,12.0,24.0,16.428571428571427,32.01428571428572,2.598076211353316,8.842369591913696,87.5,4.428571428571427,8.01428571428572,11.440445803267012,0.3783012134189864
תפ_63642-12-18,weapon,Hybrid-Full,16,12.0,36.0,17.712195121951222,38.50731707317073,5.695392874947259,8.674675786448736,64.0625,5.712195121951222,2.507317073170732,14.370068661395994,0.6899153478100846
תפ_38154-09-17,weapon,Hybrid-Full,41,24.0,48.0,27.88888888888889,54.52341020265549,14.874929701042147,23.91547678270705,69.8048780487805,3.8888888888888893,6.523410202655491,38.790406483749194,0.6588749742439157
תפ_1838-02-16,drugs,Hybrid-Full,22,8.0,20.0,7.829053558327217,22.174614820249445,3.417565224851708,6.532341663087272,61.95454545454545,0.1709464416727826,2.1746148202494453,9.94990688793898,0.8364956784125199
תפ_39259-05-22,drugs,Hybrid-Full,35,3.0,12.0,5.587871287128714,16.532590759075912,4.078415058298395,4.765008512316529,69.25714285714285,2.5878712871287144,4.532590759075912,8.843423570614924,0.4738286132365939
תפ_60385-08-16,drugs,Hybrid-Full,5,6.0,14.0,0.0,11.640579710144927,0.0,0.7999999999999999,69.0,6.0,2.3594202898550733,0.7999999999999999,0.4028985507246376
תפ_18094-06-24,weapon,Hybrid-Full,10,20.0,36.0,15.83088235294118,35.77941176470589,4.7,5.617828762075256,68.0,4.169117647058821,0.22058823529410887,10.317828762075255,0.7823550856726218
תפ_27470-02-18,drugs,Hybrid-Full,24,12.0,24.0,7.213422818791946,21.588590604026844,3.5619517121937516,6.595321363579555,62.083333333333336,4.786577181208054,2.4114093959731555,10.157273075773308,0.5712058212058212
תפ_6997-06-18,drugs,Hybrid-Full,16,36.0,60.0,26.77557411273486,50.1304801670146,7.221657964068916,10.208567174192469,59.875,9.224425887265141,9.869519832985397,17.430225138261385,0.42530396807942406
תפ_12111-12-12,drugs,Hybrid-Full,14,6.0,18.0,1.611428571428571,12.66285714285714,3.107758559686728,4.10077145554495,62.5,4.388571428571429,5.33714285714286,7.208530015231679,0.40655509065550893
תפ_51504-02-20,drugs,Hybrid-Full,10,6.0,12.0,1.3524590163934422,14.377049180327866,2.9342801502242417,4.354308211415448,61.0,4.647540983606557,2.377049180327866,7.28858836163969,0.4606670862177471
תפ_63084-07-21,weapon,Hybrid-Full,13,25.0,40.0,19.532008830022072,43.724061810154524,12.712571236992984,18.56636903574842,69.6923076923077,5.467991169977928,3.7240618101545238,31.2789402727414,0.6200383246646591
תפ_8684-06-16,weapon,Hybrid-Full,10,6.0,18.0,21.478679504814302,42.55845942228335,5.478138369920935,8.209750300709517,72.7,15.478679504814302,24.55845942228335,13.687888670630453,0.0
תפ_11734-06-22,weapon,Hybrid-Full,33,25.0,50.0,35.82370560547711,65.51262302096706,25.71600924158201,31.75572513691875,70.81818181818181,10.823705605477109,15.512623020967055,57.471734378500756,0.34992289655463776
תפ_1094-05-15,weapon,Hybrid-Full,48,38.0,70.0,31.728448275862064,62.38054187192119,16.91121371473838,26.357583770562545,67.66666666666667,6.271551724137936,7.619458128078811,43.26879748530092,0.637040850803662
תפ_39214-12-15,drugs,Hybrid-Full,49,15.0,30.0,16.36840411840412,35.61872586872587,13.291277558685778,22.56079758501023,63.42857142857143,1.3684041184041185,5.618725868725868,35.85207514369601,0.6611269759530609
תפ_7544-11-16,weapon,Hybrid-Full,18,13.0,36.0,9.736641221374045,23.954198473282446,2.3286991016816323,5.394327152861492,72.77777777777777,3.263358778625955,12.045801526717554,7.723026254543124,0.417090539165819
תפ_3214-11-12,weapon,Hybrid-Full,6,5.0,30.0,5.106382978723404,9.776595744680849,3.1446603773522015,2.3392781412696997,78.33333333333333,0.10638297872340363,20.223404255319153,5.483938518621901,0.18680851063829781
תפ_67454-11-20,weapon,Hybrid-Full,5,20.0,48.0,16.812500000000004,32.21875000000001,12.687001221722964,20.341091416145794,64.0,3.1874999999999964,15.781249999999993,33.02809263786876,0.3917835671342688
תפ_4531-05-21,weapon,Hybrid-Full,30,50.0,75.0,42.57676560900717,73.70112589559878,21.12439348241743,27.704873217540626,65.13333333333334,7.423234390992832,1.2988741044012215,48.829266699958055,0.7309920290426962
תפ_43957-09-20,weapon,Hybrid-Full,10,9.0,24.0,11.841772151898736,29.87341772151899,3.874274125562103,8.187795796183488,79.0,2.841772151898736,5.87341772151899,12.062069921745591,0.5824742268041235
תפ_15587-10-21,drugs,Hybrid-Full,40,8.0,24.0,7.106430989093644,19.456186536291835,3.6289633506002783,5.800808133355214,66.475,0.8935690109063561,4.543813463708165,9.429771483955491,0.6781389136242206
תפ_56059-07-17,drugs,Hybrid-Full,49,3.0,16.0,6.384451219512195,17.464329268292683,4.105745103771404,5.403116628803831,66.93877551020408,3.3844512195121954,1.4643292682926834,9.508861732575234,0.6647766793836815
תפ_27294-04-19,weapon,Hybrid-Full,41,14.0,36.0,16.387915623882733,38.15516624955309,6.020686132909218,7.228735045011787,68.21951219512195,2.3879156238827335,2.1551662495530906,13.249421177921004,0.811920902282348
תפ_36328-09-15,weapon,Hybrid-Full,8,24.0,48.0,23.887453874538746,50.505535055350556,11.915719659340764,20.690804116805126,67.75,0.11254612546125387,2.505535055350556,32.60652377614589,0.9016427531711374
תפ_23577-02-19,drugs,Hybrid-Full,47,15.0,30.0,14.814193548387095,33.07096774193549,8.247638453725836,12.398031357038267,82.44680851063829,0.18580645161290477,3.0709677419354904,20.645669810764105,0.8216128348293162
תפ_48239-03-20,drugs,Hybrid-Full,15,14.0,28.0,11.513364779874216,28.242924528301895,5.414384134465854,5.755770051773167,84.8,2.486635220125784,0.24292452830189504,11.17015418623902,0.8368421052631576
תפ_15905-09-18,weapon,Hybrid-Full,6,8.0,36.0,19.072289156626507,41.975903614457835,6.229410530343586,8.975274678557506,69.16666666666667,11.072289156626507,5.975903614457835,15.204685208901092,0.49822695035460984
תפ_49294-07-20,weapon,Hybrid-Full,8,18.0,40.0,17.158878504672895,39.70093457943925,6.777720855862979,9.1104335791443,66.875,0.8411214953271049,0.29906542056075125,15.888154435007278,0.9500818330605563
תפ_5341-07-19,drugs,Hybrid-Full,57,0.0,12.0,2.538294993234101,14.994857916102845,3.167917816693012,5.700971606186077,64.82456140350877,2.538294993234101,2.994857916102845,8.86888942287909,0.6309966429628558
תפ_7325-10-16,drugs,Hybrid-Full,46,4.0,18.0,5.319961795606495,19.047437121935694,4.410847601033878,6.844340037447303,68.28260869565217,1.3199617956064946,1.047437121935694,11.255187638481182,0.842670954637779
תפ_15457-09-18,drugs,Hybrid-Full,39,20.0,48.0,25.73040885860307,50.68824531516184,13.848907608403202,23.150424258029453,60.205128205128204,5.73040885860307,2.6882453151618435,36.999331866432655,0.7256716997890528
תפ_42361-08-23,drugs,Hybrid-Full,7,44.0,66.0,29.60296846011131,58.28200371057513,10.881551510024025,9.604420750840921,77.0,14.39703153988869,7.7179962894248675,20.485972260864948,0.3923947395249259
תפ_73652-01-18,drugs,Hybrid-Full,15,20.0,60.0,32.13664055700609,59.566579634464745,8.438009243891594,8.92835682281771,76.6,12.13664055700609,0.4334203655352553,17.366366066709304,0.6857484769364663
תפ_20767-09-16,drugs,Hybrid-Full,9,1.0,12.0,2.214285714285714,11.0625,3.456966485800899,4.848316495393651,62.22222222222222,1.214285714285714,0.9375,8.30528298119455,0.8043831168831169
תפ_49034-02-19,drugs,Hybrid-Full,30,18.0,40.0,21.647781299524564,43.58003169572107,7.42937114132519,12.74606693149782,84.13333333333334,3.6477812995245635,3.5800316957210683,20.17543807282301,0.7174431571773747
תפ_42734-08-23,drugs,Hybrid-Full,25,40.0,70.0,28.12644310060472,53.20395821880153,13.269513932318697,19.497692171126303,72.76,11.873556899395279,16.79604178119847,32.767206103445,0.31532927213527967
תפ_45199-01-22,drugs,Hybrid-Full,18,40.0,80.0,31.655880031570643,60.77979479084452,10.42329418794246,16.468825769380835,70.38888888888889,8.344119968429357,19.22020520915548,26.892119957323295,0.429830862665709
תפ_12708-04-14,drugs,Hybrid-Full,24,18.0,40.0,24.74824684431977,51.360448807854134,10.47011288806806,17.080690852538723,59.416666666666664,6.74824684431977,11.360448807854134,27.55080374060678,0.4571806945261921
תפ_15105-08-14,weapon,Hybrid-Full,22,24.0,48.0,26.711711711711708,52.14929214929215,7.397369422988506,14.042732893117279,70.63636363636364,2.7117117117117076,4.149292149292151,21.440102316105786,0.7562637161667887
תפ_15425-02-14,drugs,Hybrid-Full,22,12.0,30.0,15.590983161325365,34.250950570342205,6.967011999296909,10.249773228694838,83.68181818181819,3.590983161325365,4.250950570342205,17.216785227991746,0.6475685968167172
תפ_30408-02-19,drugs,Hybrid-Full,15,25.0,56.0,32.4505033557047,58.974832214765094,9.303762679690406,11.358794928258114,79.46666666666667,7.450503355704697,2.974832214765094,20.66255760794852,0.6931453405106427
תפ_35274-02-19,drugs,Hybrid-Full,18,27.0,60.0,32.29752650176678,58.67703180212014,9.654046679188506,10.814370868615088,78.61111111111111,5.297526501766782,1.3229681978798595,20.468417547803593,0.7993789484955564
תפ_67105-12-14,drugs,Hybrid-Full,3,0.0,8.0,0.0,12.0,0.0,0.0,58.333333333333336,0.0,4.0,0.0,0.6666666666666666
תפ_34271-10-18,drugs,Hybrid-Full,45,6.0,15.0,6.564705882352941,17.5859477124183,4.782375049189588,6.485158745213358,68.0,0.564705882352941,2.5859477124182995,11.267533794402945,0.7280625052886922
תפ_26069-10-19,weapon,Hybrid-Full,21,14.0,38.0,15.309234073013602,38.09949892627058,2.850786580399194,4.257046978786097,66.52380952380952,1.3092340730136023,0.09949892627057721,7.107833559185291,0.9415451332165028
תפ_15458-12-19,drugs,Hybrid-Full,9,18.0,36.0,11.46428571428571,26.071428571428566,2.7888667551135855,6.285393610547089,62.22222222222222,6.53571428571429,9.928571428571434,9.074260365660674,0.3289665211062588
תפ_49910-06-21,drugs,Hybrid-Full,13,8.0,16.0,12.187499999999998,27.602272727272727,3.0730745162212583,5.3471222144562365,67.6923076923077,4.187499999999998,11.602272727272727,8.420196730677494,0.1944927536231885
תפ_14611-12-21,drugs,Hybrid-Full,32,0.0,12.0,3.0023148148148144,15.208333333333332,4.635018709509165,6.198538134108719,67.5,3.0023148148148144,3.208333333333332,10.833556843617885,0.5916286149162862
תפ_21009-03-15,weapon,Hybrid-Full,14,8.0,30.0,18.465091299677766,42.558539205155746,11.89494833609492,14.936088333090346,66.5,10.465091299677766,12.558539205155746,26.831036669185266,0.3337788276247902
תפ_63029-12-20,drugs,Hybrid-Full,24,6.0,18.0,5.549513451631369,18.901545506582718,5.670954260283028,7.755710261908104,72.79166666666667,0.4504865483686311,0.9015455065827176,13.426664522191132,0.8987396038755036
תפ_986-06-21,drugs,Hybrid-Full,5,10.0,20.0,8.75,18.392857142857142,2.7129319932501073,3.2,56.0,1.25,1.6071428571428577,5.912931993250107,0.7460317460317459
תפ_38340-03-19,weapon,Hybrid-Full,6,12.0,36.0,22.619047619047617,44.53571428571428,12.684198393626966,21.169291175872868,70.0,10.619047619047617,8.535714285714278,33.853489569499835,0.4112696670325651
תפ_28397-10-19,drugs,Hybrid-Full,47,23.0,51.0,19.846253229974156,42.1937984496124,6.967557231913559,11.797138476494622,82.34042553191489,3.153746770025844,8.806201550387598,18.76469570840818,0.6160991996018744
תפ_33200-05-20,drugs,Hybrid-Full,19,21.0,50.0,19.636942675159233,42.267515923566876,4.544638556825874,9.299569584654646,82.63157894736842,1.3630573248407671,7.732484076433124,13.844208141480522,0.700440528634361
תפ_51296-08-21,weapon,Hybrid-Full,14,21.0,50.0,40.04631578947368,65.81894736842105,18.112601318712123,27.160896261248187,67.85714285714286,19.04631578947368,15.81894736842105,45.273497579960306,0.2220865235567665
תפ_54150-10-13,weapon,Hybrid-Full,4,15.0,24.0,58.183673469387756,102.65306122448978,20.068632240389476,24.73863375370596,73.5,43.183673469387756,78.65306122448978,44.80726599409544,0.0
תפ_36033-05-22,drugs,Hybrid-Full,38,4.0,12.0,6.015929908403027,17.43010752688172,3.9389383667510853,4.851892282992459,66.07894736842105,2.0159299084030273,5.43010752688172,8.790830649743544,0.4455712718322806
תפ_5778-09-20,drugs,Hybrid-Full,15,27.0,54.0,15.762472885032535,36.635574837310195,11.46395316730761,22.719937402104687,61.46666666666667,11.237527114967465,17.364425162689805,34.1838905694123,0.2519926251595518
תפ_42827-10-18,drugs,Hybrid-Full,10,6.0,12.0,3.9718309859154934,17.73708920187794,5.85576638878294,6.6,63.9,2.0281690140845066,5.737089201877939,12.45576638878294,0.4358799454297407
תפ_33475-10-17,drugs,Hybrid-Full,87,9.0,24.0,11.505639760310187,27.10363059569968,10.216457673704696,15.815532267563063,65.2183908045977,2.5056397603101868,3.1036305956996806,26.03198994126776,0.6901577102803739
תפ_51036-08-15,drugs,Hybrid-Full,41,16.0,36.0,13.588619064878582,29.42624139180863,9.86192601731374,15.022093584362562,67.29268292682927,2.411380935121418,6.573758608191369,24.8840196016763,0.5990813966652114
תפ_16723-07-14,drugs,Hybrid-Full,10,5.0,10.0,6.851973684210528,21.36513157894737,3.4871191548325386,6.843975452907469,60.8,1.8519736842105283,11.36513157894737,10.331094607740008,0.19236180904522598
תפ_30278-05-12,drugs,Hybrid-Full,44,18.0,30.0,19.983371559633028,41.616685779816514,6.390648837323443,9.44216300159875,79.27272727272727,1.983371559633028,11.616685779816514,15.832811838922193,0.42413353566009104
תפ_47908-06-19,drugs,Hybrid-Full,22,12.0,30.0,22.243458475540383,45.36291240045505,3.8368052309395755,5.204297334299959,79.9090909090909,10.243458475540383,15.362912400455052,9.041102565239534,0.23248994066698514
תפ_33541-02-20,drugs,Hybrid-Full,8,24.0,48.0,21.269961977186316,43.38403041825095,11.428445869845996,19.414878315353924,65.75,2.730038022813684,4.615969581749049,30.84332418519992,0.7251778093883359
תפ_35571-06-24,drugs,Hybrid-Full,18,24.0,50.0,18.068181818181817,36.3,6.670600691110727,11.279282877125754,61.111111111111114,5.931818181818183,13.700000000000003,17.94988356823648,0.3851957295373664
תפ_18353-12-19,drugs,Hybrid-Full,3,6.0,18.0,8.057142857142857,18.742857142857144,1.4142135623730951,4.988876515698588,58.333333333333336,2.057142857142857,0.7428571428571438,6.403090078071683,0.780269058295964
תפ_26347-11-23,weapon,Hybrid-Full,16,27.0,54.0,32.21875000000001,55.5625,26.706448191401268,34.21622422185125,70.0,5.218750000000007,1.5625,60.92267241325251,0.7625820568927787
תפ_8416-07-21,weapon,Hybrid-Full,13,72.0,120.0,40.42127659574468,69.86170212765958,27.986683223808825,36.45342330983356,72.3076923076923,31.57872340425532,50.13829787234042,64.44010653364239,0.0
תפ_16958-01-14,drugs,Hybrid-Full,92,12.0,36.0,17.381443298969078,37.16769759450174,8.127818690950718,13.082893345841995,79.07608695652173,5.381443298969078,1.167697594501739,21.210712036792714,0.7397798956825683
תפ_22526-02-21,weapon,Hybrid-Full,42,36.0,72.0,48.7618595825427,84.05882352941177,36.429014936609256,47.24567911472263,75.28571428571429,12.761859582542698,12.058823529411768,83.67469405133188,0.48353535752359134
תפ_26521-10-19,drugs,Hybrid-Full,13,28.0,40.0,18.42622950819672,39.19125683060109,5.953468483350568,13.335897189396514,70.38461538461539,9.57377049180328,0.8087431693989089,19.28936567274708,0.5187436676798378
תפ_61392-09-16,drugs,Hybrid-Full,9,26.0,50.0,25.675347222222225,50.85763888888888,11.586497036647742,20.289266152023693,64.0,0.324652777777775,0.8576388888888786,31.875763188671435,0.9530506721820067
תפ_50551-03-18,weapon,Hybrid-Full,23,15.0,40.0,37.67286461359674,70.18884369552585,18.15590953490619,22.256708170821987,74.82608695652173,22.672864613596737,30.188843695525847,40.41261770572818,0.04216677195199007
תפ_22715-06-17,drugs,Hybrid-Full,37,8.0,24.0,7.430203045685279,21.181895093062607,3.94279770744962,6.52163898251517,63.891891891891895,0.5697969543147208,2.8181049069373927,10.46443668996479,0.7955375149983407
תפ_41597-11-23,drugs,Hybrid-Full,9,9.0,18.0,8.801457194899818,20.976320582877957,2.3465235646603193,6.332358599455558,61.0,0.19854280510018185,2.976320582877957,8.678882164115878,0.7392280071813288
תפ_48479-07-22,drugs,Hybrid-Full,67,14.0,36.0,20.34391143911439,42.09938499384994,12.94559102635366,22.371018389881158,60.67164179104478,6.34391143911439,6.099384993849938,35.31660941623482,0.557168370920297
תפ_6110-09-17,drugs,Hybrid-Full,17,6.0,12.0,8.483967935871744,24.200400801603205,4.201663865512605,5.540664394972525,58.705882352941174,2.4839679358717444,12.200400801603205,9.742328260485131,0.1931843206342215
תפ_40390-08-15,weapon,Hybrid-Full,54,48.0,96.0,49.102710768465556,89.25192738124844,26.59713156352405,35.9749379307607,74.46296296296296,1.1027107684655562,6.748072618751564,62.572069494284754,0.83644201276631
תפ_6316-09-20,drugs,Hybrid-Full,29,10.0,20.0,11.133597229094507,25.005937654626425,5.8647052895413925,10.004755112013859,69.6896551724138,1.1335972290945069,5.005937654626425,15.869460401555251,0.5908596300326441
תפ_54205-05-15,drugs,Hybrid-Full,22,6.0,18.0,9.02930664760543,23.696926375982844,8.515542426053512,11.052093029403007,63.59090909090909,3.0293066476054307,5.696926375982844,19.567635455456518,0.5069068583892077
תפ_40240-09-12,weapon,Hybrid-Full,26,48.0,84.0,40.99531981279251,72.66822672906915,25.833702357865644,36.025980927313384,73.96153846153847,7.004680187207491,11.331773270930853,61.85968328517903,0.5736172579747995
תפ_37696-03-23,drugs,Hybrid-Full,16,8.0,24.0,11.33167825223436,27.108242303872892,7.952986860293433,13.219156317632377,62.9375,3.3316782522343598,3.108242303872892,21.17214317792581,0.6629768215362227
תפ_51149-02-22,drugs,Hybrid-Full,5,6.0,24.0,6.751677852348993,17.815436241610737,3.5552777669262356,3.8157568056677826,59.6,0.7516778523489931,6.184563758389263,7.371034572594018,0.6146532438478746
תפ_2679-03-18,drugs,Hybrid-Full,30,5.0,15.0,23.587368421052624,44.70189473684209,8.05874266454348,12.010920956455513,79.16666666666667,18.587368421052624,29.701894736842092,20.069663620998995,0.0
תפ_30643-03-18,drugs,Hybrid-Full,12,16.0,38.0,13.697047496790757,31.6379974326059,9.711104754638143,14.27020984039439,64.91666666666667,2.3029525032092426,6.3620025673941,23.981314595032533,0.6434608070990914
תפ_4258-07-15,drugs,Hybrid-Full,9,0.0,12.0,4.58603066439523,18.10221465076661,4.297573245736381,7.483314773547883,65.22222222222223,4.58603066439523,6.102214650766609,11.780888019284264,0.4095614530397139
תפ_23190-04-21,drugs,Hybrid-Full,37,23.0,48.0,20.302901858493637,41.394196283012704,8.246034086713463,13.229060248637811,82.89189189189189,2.6970981415063626,6.605803716987296,21.475094335351272,0.6641199806938438
תפ_23774-03-17,drugs,Hybrid-Full,62,10.0,24.0,14.065045719035744,31.833956774729845,10.090227703538766,15.255540949327484,77.61290322580645,4.065045719035744,7.833956774729845,25.345768652866248,0.4550230809498881
תפ_28139-10-13,weapon,Hybrid-Full,13,36.0,72.0,36.89914163090129,130.3422746781116,11.248668560265175,173.284798242013,71.6923076923077,0.8991416309012905,58.34227467811161,184.53346680227818,0.3720586395532657
תפ_35865-07-17,drugs,Hybrid-Full,22,10.0,20.0,14.97222222222222,32.54970760233917,11.079819343934037,18.146329000609107,62.18181818181818,4.97222222222222,12.549707602339168,29.226148344543144,0.2229642116182575
תפ_32560-12-16,weapon,Hybrid-Full,11,18.0,42.0,18.92361111111111,36.73888888888889,2.8429992311112526,6.453905217926854,65.45454545454545,0.9236111111111107,5.261111111111113,9.296904449038106,0.7423032407407407
תפ_9211-05-21,weapon,Hybrid-Full,8,12.0,24.0,12.300813008130081,32.09756097560975,1.4947825928876748,4.175823272122517,76.875,0.30081300813008127,8.097560975609753,5.670605865010192,0.5821197411003237
תפ_44540-10-20,drugs,Hybrid-Full,42,30.0,66.0,28.42157996146435,55.089402697495174,10.68867309006613,18.393916597626877,61.785714285714285,1.5784200385356506,10.910597302504826,29.08258968769301,0.6676545387423598
תפ_57020-05-22,weapon,Hybrid-Full,3,5.0,12.0,39.96923076923076,61.55897435897436,32.03123475609393,35.11251755270318,65.0,34.96923076923076,49.55897435897436,67.1437523087971,0.0
תפ_19393-03-17,drugs,Hybrid-Full,14,8.0,18.0,14.563218390804597,32.70114942528735,11.322724125962491,15.990430811926878,62.142857142857146,6.563218390804597,14.701149425287348,27.31315493788937,0.1391344811540252
תפ_43263-03-21,drugs,Hybrid-Full,21,12.0,36.0,15.41048951048951,33.25874125874126,9.72781504180298,13.933434234572646,68.0952380952381,3.4104895104895103,2.74125874125874,23.661249276375628,0.7436771561771561
תפ_23443-04-21,drugs,Hybrid-Full,99,16.0,30.0,10.218964143426295,25.050996015936256,9.127278540158496,17.296675465090946,63.38383838383838,5.7810358565737054,4.949003984063744,26.423954005249442,0.4575592543061084
תפ_17822-05-15,drugs,Hybrid-Full,18,12.0,36.0,6.185856754306438,16.595648232094288,4.810289896553937,8.193078982279895,61.27777777777778,5.814143245693562,19.404351767905712,13.003368878833832,0.1541432263950129
תפ_36953-04-14,drugs,Hybrid-Full,15,10.0,24.0,5.394904458598726,18.188959660297233,5.148462553682086,9.153991236370917,62.8,4.605095541401274,5.8110403397027675,14.302453790053004,0.44014606869793405
תפ_42223-07-16,weapon,Hybrid-Full,19,12.0,36.0,14.916047548291232,36.56166419019316,6.0574351647890765,3.7186361542433035,70.84210526315789,2.916047548291232,0.5616641901931629,9.77607131903238,0.8584089534180279
תפ_54879-08-16,weapon,Hybrid-Full,13,12.0,36.0,13.082497212931994,35.76142697881828,3.71786029956756,5.111768531026508,69.0,1.0824972129319939,0.23857302118172186,8.829628830594068,0.9449554069119285
תפ_76327-07-19,drugs,Hybrid-Full,23,0.0,12.0,1.509945750452079,14.257383966244724,2.8570213314689843,4.110478104277736,72.1304347826087,1.509945750452079,2.257383966244724,6.967499435746721,0.7357629053397033
תפ_8887-10-21,drugs,Hybrid-Full,4,9.0,24.0,1.434782608695652,12.717391304347826,2.598076211353316,3.2691742076555053,57.5,7.565217391304348,11.282608695652174,5.867250419008821,0.16473988439306358
תפ_23322-02-16,drugs,Hybrid-Full,12,6.0,12.0,3.1419354838709674,13.78709677419355,3.8106211217245587,6.317414203787989,64.58333333333333,2.8580645161290326,1.7870967741935502,10.128035325512547,0.5636363636363635
תפ_28371-03-17,drugs,Hybrid-Full,29,8.0,20.0,7.486522315510384,21.498895271763146,3.0796018705884287,5.518103380937245,78.03448275862068,0.5134776844896161,1.4988952717631463,8.597705251525674,0.8563859981078524
תפ_8689-04-21,drugs,Hybrid-Full,23,6.0,18.0,7.787596048298573,22.040065861690444,3.0247873271175805,5.326752398536271,79.21739130434783,1.7875960482985729,4.040065861690444,8.35153972565385,0.6366809238665528
תפ_12672-11-21,drugs,Hybrid-Full,10,20.0,40.0,11.25,24.325,7.378346698278687,13.362634470792054,80.0,8.75,15.675,20.740981169070743,0.15043478260869564
תפ_51352-12-21,drugs,Hybrid-Full,14,12.0,24.0,11.307904411764707,24.626838235294127,5.243557757780844,8.315218406202998,77.71428571428571,0.6920955882352935,0.6268382352941266,13.558776163983843,0.9009730177351454
תפ_60803-01-19,drugs,Hybrid-Full,44,9.0,18.0,6.8159972536903535,18.7826982492276,4.464969251094921,6.3475039019384605,66.20454545454545,2.1840027463096465,0.7826982492276002,10.81247315303338,0.7520869789724318
תפ_61273-12-15,drugs,Hybrid-Full,9,15.0,30.0,8.060344827586206,25.60344827586207,5.517648452415616,21.374959389175196,64.44444444444444,6.939655172413794,4.396551724137929,26.892607841590813,0.48330058939096276
תפ_7414-01-15,drugs,Hybrid-Full,11,8.0,18.0,3.2913385826771653,16.070866141732285,6.386970207363744,9.28430649577221,57.72727272727273,4.708661417322835,1.9291338582677149,15.671276703135954,0.5487152034261243
תפ_20367-05-16,weapon,Hybrid-Full,14,10.0,36.0,17.287107258938242,40.227518959913326,8.3397254396151,13.543580450847235,65.92857142857143,7.287107258938242,4.227518959913326,21.883305890462335,0.6190681003584231
תפ_15812-03-15,drugs,Hybrid-Full,3,0.0,12.0,5.828571428571427,15.14285714285714,2.943920288775949,6.182412330330469,58.333333333333336,5.828571428571427,3.1428571428571406,9.126332619106417,0.4075471698113209
תפ_6270-11-19,drugs,Hybrid-Full,13,16.0,32.0,11.543749999999998,26.98749999999999,3.669803212885096,7.946567120089203,61.53846153846154,4.4562500000000025,5.01250000000001,11.616370332974299,0.5371219065077905
תפ_56731-07-23,weapon,Hybrid-Full,7,60.0,84.0,52.54368932038836,83.82524271844662,11.938618523300674,18.28124945491016,73.57142857142857,7.45631067961164,0.17475728155338288,30.219867978210836,0.7574074074074082
תפ_36111-05-22,weapon,Hybrid-Full,20,24.0,45.0,22.232394366197184,42.11267605633803,7.887331614684398,8.958096896104664,71.0,1.767605633802816,2.8873239436619684,16.845428510789063,0.7955459325703682
תפ_45226-12-22,weapon,Hybrid-Full,8,18.0,40.0,17.890151515151516,40.20454545454545,8.685476383020104,7.0,66.0,0.10984848484848442,0.20454545454545325,15.685476383020104,0.9859107112544561
תפ_14810-04-16,weapon,Hybrid-Full,17,36.0,60.0,39.87294117647059,105.53019607843137,10.302013778348064,153.33758581937272,75.0,3.87294117647059,45.53019607843137,163.63959959772077,0.28947219997518353
תפ_14411-11-21,weapon,Hybrid-Full,12,18.0,36.0,20.92664509169364,40.81553398058253,16.311848113837037,21.67115338160129,77.25,2.92664509169364,4.815533980582529,37.98300149543833,0.6606619385342786
תפ_1578-04-13,weapon,Hybrid-Full,22,30.0,60.0,35.696439348219684,69.67169583584793,27.795891247591502,39.83779093746112,75.31818181818181,5.696439348219684,9.671695835847927,67.63368218505262,0.6126171352074963
תפ_42106-01-22,weapon,Hybrid-Full,15,15.0,30.0,16.682608695652174,33.6,7.113055289786208,9.848632166730338,76.66666666666667,1.6826086956521742,3.6000000000000014,16.961687456516547,0.7159887798036465
תפ_45597-05-15,weapon,Hybrid-Full,13,10.0,24.0,12.3859649122807,30.385964912280695,3.5634568682770675,8.082415714808429,65.76923076923077,2.3859649122807003,6.385964912280695,11.645872583085495,0.5697074010327025
תפ_11042-06-20,weapon,Hybrid-Full,20,15.0,40.0,16.093425605536332,38.02076124567475,4.166533331199932,6.696827607158482,72.25,1.093425605536332,1.9792387543252516,10.863360938358413,0.8770934256055366
תפ_51473-05-20,weapon,Hybrid-Full,22,25.0,50.0,22.905897945659376,45.44599072233267,8.570562726831037,9.971550440218321,68.5909090909091,2.094102054340624,4.554009277667333,18.542113167049358,0.754628836981778
תפ_1788-06-17,drugs,Hybrid-Full,73,6.0,18.0,9.787938793879388,25.192979297929796,7.644792987622796,12.518299609288002,76.0958904109589,3.7879387938793876,7.192979297929796,20.163092596910797,0.4278679760263372
תפ_11217-09-21,drugs,Hybrid-Full,25,0.0,12.0,6.161252215002953,19.73242764323686,5.67097875150313,7.71948184789627,67.72,6.161252215002953,7.732427643236861,13.3904605993994,0.2958960696859939
תפ_52781-10-18,drugs,Hybrid-Full,39,5.0,12.0,4.596138996138996,16.0019305019305,3.5106675041630364,5.460755932864689,66.41025641025641,0.403861003861004,4.001930501930499,8.971423437027726,0.6137232998205886
תפ_1870-04-16,drugs,Hybrid-Full,18,8.0,30.0,18.233333333333334,36.86666666666667,5.985837194042304,9.376224199906568,80.0,10.233333333333334,6.866666666666667,15.362061393948872,0.40762124711316394
תפ_11090-07-23,drugs,Hybrid-Full,5,18.0,40.0,17.689655172413794,38.46551724137931,11.454256850621082,14.582180906846546,58.0,0.3103448275862064,1.5344827586206904,26.036437757467628,0.9173106646058733
תפ_13519-11-23,drugs,Hybrid-Full,18,1.0,12.0,3.7288135593220337,15.377118644067794,4.362084109434134,5.468484340990136,65.55555555555556,2.7288135593220337,3.377118644067794,9.83056845042427,0.5753020925434719
תפ_33839-04-18,drugs,Hybrid-Full,20,8.0,20.0,7.289808917197451,22.07324840764331,3.5619517121937516,5.80064651569116,78.5,0.7101910828025488,2.073248407643309,9.362598227884913,0.8117190866006033
תפ_12480-04-16,weapon,Hybrid-Full,18,18.0,45.0,46.00919540229886,117.28275862068968,42.770706486254504,156.96020569825814,72.5,28.009195402298857,72.28275862068968,199.73091218451265,0.0
תפ_41269-05-16,drugs,Hybrid-Full,36,10.0,24.0,18.31795511221945,38.02327514546966,9.278068857709295,13.821279889278625,66.83333333333333,8.317955112219451,14.023275145469661,23.09934874698792,0.20276162790697674
תפ_52515-03-20,weapon,Hybrid-Full,9,7.0,20.0,11.835937500000002,32.203125,4.7945442245314265,11.352924243950934,71.11111111111111,4.835937500000002,12.203125,16.14746846848236,0.32393056416614996
תפ_15783-08-22,drugs,Hybrid-Full,15,3.0,8.0,1.2173913043478262,10.999999999999998,2.166410241236256,1.5691469727919762,61.333333333333336,1.7826086956521738,2.9999999999999982,3.735557214028232,0.5111111111111112
תפ_37002-02-16,drugs,Hybrid-Full,10,5.0,18.0,6.801223241590214,20.565749235474005,5.059644256269407,8.997777503361595,65.4,1.8012232415902139,2.565749235474005,14.057421759631001,0.7194499017681729
תפ_37825-05-15,drugs,Hybrid-Full,11,16.0,36.0,3.6791666666666663,14.616666666666665,3.3868974563994834,4.866821387026972,65.45454545454545,12.320833333333333,21.383333333333333,8.253718843426455,0.0
תפ_51938-04-21,drugs,Hybrid-Full,9,12.0,36.0,7.581850533807829,22.567615658362993,3.095197394929804,5.270462766947299,62.44444444444444,4.418149466192171,13.432384341637007,8.365660161877102,0.3718614989668776
תפ_54327-08-20,drugs,Hybrid-Full,37,10.0,24.0,17.942576501700042,38.780128447298836,7.278253428740509,12.704082731246938,71.54054054054055,7.942576501700042,14.780128447298836,19.982336159987447,0.21047242750817113
תפ_45794-05-23,drugs,Hybrid-Full,14,8.0,18.0,5.32423924449108,18.530954879328437,5.231868593494282,6.786842011554115,68.07142857142857,2.67576075550892,0.5309548793284371,12.018710605048398,0.7571905291593833
תפ_14751-12-20,drugs,Hybrid-Full,12,12.0,24.0,17.679871520342612,35.16916488222699,9.807522622966516,16.715761025650814,77.83333333333333,5.679871520342612,11.169164882226987,26.52328364861733,0.27278188539741216
תפ_3593-09-21,drugs,Hybrid-Full,8,18.0,36.0,10.723259762308997,23.19864176570458,4.520785330006281,7.466592261534039,73.625,7.276740237691003,12.80135823429542,11.98737759154032,0.2056689951638902
תפ_15486-01-18,drugs,Hybrid-Full,9,1.0,16.0,7.417989417989419,20.34567901234568,4.058218303944372,6.7183184257026545,63.0,6.417989417989419,4.3456790123456805,10.776536729647027,0.4436138207676178
תפ_72283-01-23,weapon,Hybrid-Full,8,24.0,55.0,24.66542750929368,47.84386617100371,9.525459306511156,7.644442425710328,67.25,0.6654275092936786,7.156133828996289,17.169901732221483,0.7476915697325817
תפ_41950-02-19,drugs,Hybrid-Full,41,7.0,24.0,7.39367816091954,19.11063218390805,4.968430976199505,7.932268302844809,67.90243902439025,0.39367816091954033,4.889367816091951,12.900699279044314,0.6892325895875593
תפ_33848-05-14,drugs,Hybrid-Full,7,18.0,40.0,21.691943127962084,43.464454976303315,10.63686312513502,14.596616885079772,60.285714285714285,3.691943127962084,3.4644549763033154,25.23348001021479,0.7189651963521312
תפ_43752-01-19,weapon,Hybrid-Full,40,20.0,38.0,26.544280442804425,51.85608856088561,14.128672089053522,18.099723754798028,67.75,6.544280442804425,13.85608856088561,32.22839584385155,0.35960847909185695
תפ_9109-02-16,drugs,Hybrid-Full,7,60.0,96.0,23.090909090909086,44.80681818181818,14.47164715671894,21.62292811827675,62.857142857142854,36.909090909090914,51.19318181818182,36.09457527499569,0.0
תפ_19988-08-19,drugs,Hybrid-Full,23,0.0,12.0,2.6557600545330606,13.648261758691202,4.542594047516166,6.571692746747671,63.78260869565217,2.6557600545330606,1.648261758691202,11.114286794263837,0.6846468884227351
תפ_16980-01-14,drugs,Hybrid-Full,16,6.0,18.0,6.301810865191146,18.720321931589535,7.01755610950137,11.962833067463576,62.125,0.30181086519114597,0.7203219315895346,18.980389176964945,0.919645681746283
תפ_20872-02-14,drugs,Hybrid-Full,8,7.0,12.0,5.901574803149606,17.875984251968504,4.943429983321297,8.950384069971523,63.5,1.0984251968503944,5.875984251968504,13.893814053292822,0.4175571264178859
תפ_29911-03-15,weapon,Hybrid-Full,20,18.0,48.0,31.96296296296297,93.71056241426612,21.329322539640117,148.7828955223012,72.9,13.962962962962969,45.71056241426612,170.11221806194132,0.21182033953581061
תפ_65963-10-21,drugs,Hybrid-Full,18,24.0,48.0,27.799832495812392,55.44556113902848,24.019025380870758,33.745781629379664,66.33333333333333,3.7998324958123924,7.445561139028477,57.76480701025042,0.6423853406488041
תפ_6944-03-22,drugs,Hybrid-Full,18,30.0,54.0,20.01302083333334,43.637152777777786,8.318690839546246,14.849450253780647,64.0,9.98697916666666,10.362847222222214,23.168141093326895,0.4012463923581849
תפ_54308-12-18,weapon,Hybrid-Full,20,36.0,84.0,39.544340302811825,68.92862292718095,42.014134526371,55.31536856968414,69.35,3.5443403028118254,15.071377072819047,97.32950309605513,0.6121725546743568
תפ_2101-10-19,weapon,Hybrid-Full,24,15.0,40.0,15.30383480825959,35.445427728613566,3.6514837167011076,6.162160515778717,70.625,0.3038348082595892,4.554572271386434,9.813644232479824,0.8056637168141592
תפ_1054-08-21,drugs,Hybrid-Full,21,0.0,8.0,2.951664025356576,14.83835182250396,4.44977005189473,6.047431568147635,60.095238095238095,2.951664025356576,6.8383518225039595,10.497201620042365,0.34022215101997233
תפ_40908-02-21,drugs,Hybrid-Full,17,8.0,18.0,12.993920972644379,26.595744680851066,9.35867378887122,11.836837696090903,58.05882352941177,4.9939209726443785,8.595744680851066,21.195511484962125,0.2692056227525334
תפ_20154-07-20,weapon,Hybrid-Full,11,24.0,48.0,17.954248366013072,39.856209150326784,4.730767938639159,5.556620650885864,69.54545454545455,6.045751633986928,8.143790849673216,10.287388589525023,0.5277354796606478
תפ_53625-07-22,drugs,Hybrid-Full,28,18.0,36.0,18.038151759220007,38.339550657058076,6.0096648349613835,12.116568181205267,84.25,0.03815175922000691,2.3395506570580764,18.12623301616665,0.8830995602425961
תפ_60183-03-21,drugs,Hybrid-Full,17,22.0,48.0,19.01174844505874,41.513476157567375,4.432500290302237,9.604641323240388,85.11764705882354,2.988251554941261,6.486523842432625,14.037141613542625,0.6731511943927905
תפ_18593-06-21,drugs,Hybrid-Full,14,6.0,18.0,9.126499454743728,23.441657579062163,6.152815847816579,7.603704789812152,65.5,3.126499454743728,5.441657579062163,13.756520637628732,0.5087532824809303
תפ_59087-01-18,drugs,Hybrid-Full,27,7.0,15.0,3.374614594039055,16.392600205549847,4.272924936989506,6.203233813050173,72.07407407407408,3.625385405960945,1.3926002055498472,10.47615875003968,0.6145344017684443
תפ_14786-08-19,weapon,Hybrid-Full,13,10.0,24.0,12.479768786127167,30.52023121387283,4.04559808993991,5.982222183145717,66.53846153846153,2.479768786127167,6.52023121387283,10.027820273085627,0.5614084507042255
תפ_28565-05-24,drugs,Hybrid-Full,8,12.0,26.0,13.114919354838712,29.298387096774192,6.224949798994366,12.080459428349569,62.0,1.1149193548387117,3.298387096774192,18.305409227343937,0.7448717948717948
תפ_42431-08-23,drugs,Hybrid-Full,11,15.0,30.0,17.21643835616439,38.19452054794522,5.278993142166536,11.547959642327577,66.36363636363636,2.216438356164389,8.194520547945217,16.82695278449411,0.5511457595086222
תפ_17618-11-13,weapon,Hybrid-Full,5,8.0,16.0,9.027027027027026,21.256756756756754,2.7129319932501073,7.787168933572714,74.0,1.0270270270270263,5.256756756756754,10.500100926822821,0.525993883792049
תפ_53805-09-16,drugs,Hybrid-Full,31,14.0,36.0,18.822355289421157,38.76047904191616,9.801144574159673,14.628454304477605,80.80645161290323,4.822355289421157,2.760479041916163,24.42959887863728,0.693752519145506
תפ_10838-04-23,weapon,Hybrid-Full,6,36.0,60.0,49.20293398533007,81.93154034229829,12.583057392117917,15.748015748023622,68.16666666666667,13.20293398533007,21.93154034229829,28.33107314014154,0.23506866815713837
תפ_9561-03-21,drugs,Hybrid-Full,3,10.0,28.0,14.210526315789474,31.0,9.273618495495704,16.519348924485154,63.333333333333336,4.210526315789474,3.0,25.792967419980858,0.656641604010025
תפ_51716-06-17,weapon,Hybrid-Full,10,9.0,20.0,27.552517985611516,54.37985611510792,18.18350901228913,27.091696144759933,69.5,18.552517985611516,34.37985611510792,45.27520515704906,0.0
תפ_46548-03-17,drugs,Hybrid-Full,31,9.0,18.0,17.73723012111638,36.99473407056346,9.190095559872256,13.022992554234142,61.25806451612903,8.73723012111638,18.99473407056346,22.213088114106398,0.009386403822278984
תפ_31228-01-22,weapon,Hybrid-Full,21,24.0,48.0,33.88039867109634,61.342192691029894,22.462970284750977,31.76472465528867,71.66666666666667,9.880398671096337,13.342192691029894,54.22769494003965,0.37811387900355903
תפ_56177-03-18,weapon,Hybrid-Full,24,84.0,132.0,43.41769316909295,73.68812989921614,17.93197020841702,23.491687359574662,74.41666666666667,40.58230683090705,58.311870100783864,41.42365756799168,0.0
תפ_49203-01-22,weapon,Hybrid-Full,12,18.0,36.0,21.331632653061224,39.24617346938775,6.555320146432378,7.47356452214515,65.33333333333333,3.3316326530612237,3.246173469387749,14.028884668577529,0.6904004322507057
תפ_22537-01-18,drugs,Hybrid-Full,32,48.0,84.0,46.67559177337989,80.89328676755916,12.877692376256702,16.774236197216254,80.53125,1.3244082266201076,3.106713232440839,29.651928573472958,0.8812808649997395
תפ_47466-10-18,drugs,Hybrid-Full,11,22.0,48.0,39.73584905660377,71.54716981132076,13.26026812488351,16.09322017301665,72.27272727272727,17.73584905660377,23.547169811320757,29.35348829790016,0.16679360243716687
תפ_14836-08-12,weapon,Hybrid-Full,4,6.0,15.0,8.0,17.0,0.0,1.0,65.0,2.0,2.0,1.0,0.6363636363636364
תפ_19218-01-16,drugs,Hybrid-Full,8,6.0,24.0,8.166666666666666,22.75925925925926,6.461423991660043,9.578622030334008,67.5,2.166666666666666,1.2407407407407405,16.04004602199405,0.8106995884773663
תפ_27295-12-17,drugs,Hybrid-Full,30,6.0,18.0,6.897222222222223,21.94166666666667,8.20054198750844,19.004707019285746,60.0,0.897222222222223,3.94166666666667,27.205249006794187,0.6964627983969331
תפ_336-05-16,weapon,Hybrid-Full,12,18.0,36.0,17.80068337129841,43.77904328018224,6.129958310534329,9.852735096859597,73.16666666666667,0.19931662870159172,7.779043280182243,15.982693407393926,0.6928843877416807
תפ_51038-08-23,drugs,Hybrid-Full,4,8.0,20.0,11.15983606557377,25.25409836065573,4.493050188902857,7.794228634059948,61.0,3.1598360655737707,5.254098360655728,12.287278822962804,0.5123515439429931
תפ_9258-10-11,weapon,Hybrid-Full,11,5.0,12.0,4.224852071005917,11.633136094674555,2.8400907912387834,4.195629366987028,76.81818181818181,0.775147928994083,0.3668639053254452,7.035720158225811,0.8531202435312022
תפ_9851-11-21,drugs,Hybrid-Full,19,24.0,48.0,29.82872503840246,56.76036866359447,12.873774583320959,21.58536489937882,68.52631578947368,5.82872503840246,8.76036866359447,34.45913948269978,0.554672480892765
תפ_35608-04-18,weapon,Hybrid-Full,40,24.0,72.0,41.72084690553746,69.64560260586319,18.73764593005215,22.81644144032982,76.75,17.720846905537456,2.354397394136811,41.55408737038197,0.5817657437567861
תפ_29305-05-23,weapon,Hybrid-Full,30,13.0,28.0,21.48891031822566,43.26277724204437,6.511186954431239,7.333636357375665,69.13333333333334,8.48891031822566,15.262777242044372,13.844823311806906,0.21515175655221822
תפ_36120-12-15,drugs,Hybrid-Full,4,10.0,30.0,8.24074074074074,24.388888888888886,1.479019945774904,5.356071321407137,67.5,1.7592592592592595,5.611111111111114,6.835091267182041,0.6612765957446807
תפ_1969-02-17,drugs,Hybrid-Full,36,6.0,24.0,5.9904397705544925,18.753346080305924,3.6007329500780503,6.315765107165472,72.63888888888889,0.009560229445507495,5.246653919694076,9.916498057243523,0.7081431149803586
תפ_36728-06-18,weapon,Hybrid-Full,9,18.0,48.0,40.288888888888884,73.31851851851853,27.215645464046805,32.052426190404965,75.0,22.288888888888884,25.31851851851853,59.268071654451774,0.13939475093733267
תפ_63018-05-18,weapon,Hybrid-Full,18,18.0,36.0,17.10059171597633,40.836855452240066,7.42285426450626,9.118052911059953,65.72222222222223,0.8994082840236715,4.836855452240066,16.54090717556621,0.7583333333333333
תפ_17237-02-12,weapon,Hybrid-Full,4,30.0,60.0,40.05882352941177,86.5,31.464265445104548,26.43860813280457,68.0,10.058823529411768,26.5,57.90287357790912,0.3529411764705882
תפ_42779-07-18,drugs,Hybrid-Full,30,8.0,22.0,5.912836767036451,19.146328578975172,5.061949558552844,9.117504531882005,63.1,2.087163232963549,2.8536714210248277,14.179454090434849,0.6928709815124948
תפ_29194-12-12,weapon,Hybrid-Full,11,12.0,12.0,5.40268456375839,20.348993288590606,1.8763424945954814,9.05812269605902,67.72727272727273,6.59731543624161,8.348993288590606,10.934465190654501,0.0
תפ_43406-05-13,weapon,Hybrid-Full,6,5.0,30.0,7.315217391304347,23.413043478260864,2.9249881291307074,6.4031242374328485,76.66666666666667,2.315217391304347,6.586956521739136,9.328112366563555,0.6439130434782606
תפ_400-11-23,weapon,Hybrid-Full,6,8.0,24.0,17.48894348894349,36.00982800982801,6.191391873668904,10.110500592068734,67.83333333333333,9.488943488943491,12.009828009828013,16.301892465737637,0.2324561403508771
תפ_50074-12-12,drugs,Hybrid-Full,4,1.0,15.0,7.029535864978903,18.19409282700422,7.54983443527075,11.045361017187261,59.25,6.029535864978903,3.1940928270042193,18.59519545245801,0.46355828220858897
תפ_56293-06-21,drugs,Hybrid-Full,19,18.0,36.0,14.313008130081297,29.90243902439024,7.331108535178745,11.65239860937655,64.73684210526316,3.686991869918703,6.09756097560976,18.983507144555297,0.5488284910965321
תפ_24047-02-18,weapon,Hybrid-Full,4,18.0,40.0,30.826923076923077,60.57692307692308,11.224972160321824,14.696938456699069,78.0,12.826923076923077,20.57692307692308,25.92191061702089,0.2154471544715447
תפ_47161-08-17,weapon,Hybrid-Full,7,10.0,36.0,19.997767857142858,44.272321428571416,8.00764940413801,14.540583599999398,64.0,9.997767857142858,8.272321428571416,22.54823300413741,0.46691415917676193
תפ_59614-09-23,weapon,Hybrid-Full,4,34.0,58.0,19.947565543071164,36.81647940074907,4.69041575982343,9.0,66.75,14.052434456928836,21.183520599250933,13.69041575982343,0.07401574803149616
תפ_46786-04-18,drugs,Hybrid-Full,34,48.0,78.0,39.42958300550747,69.92958300550748,14.834875443082247,18.802032762075466,74.76470588235294,8.570416994492533,8.070416994492518,33.63690820515771,0.5685596556718276
תפח_1307-09-13,weapon,Hybrid-Full,3,72.0,144.0,72.0,145.06666666666666,0.0,24.657656011875904,75.0,0.0,1.0666666666666629,24.657656011875904,0.9854014598540146
תפ_12791-05-20,weapon,Hybrid-Full,19,22.0,48.0,23.405238828967644,46.19260400616333,7.744893769535191,8.0,68.3157894736842,1.4052388289676436,1.8073959938366713,15.744893769535192,0.876437122199834
תפ_61759-02-19,weapon,Hybrid-Full,32,42.0,66.0,30.21974095578383,55.90978115230013,14.739899878815324,19.691368667515217,69.96875,11.78025904421617,10.090218847699873,34.43126854633054,0.38875574196125406
תפ_65378-12-19,weapon,Hybrid-Full,9,8.0,20.0,13.256637168141594,31.433628318584073,4.714045207910317,9.696632990787302,62.77777777777778,5.256637168141594,11.433628318584073,14.41067819869762,0.2877643504531721
תפ_30327-02-21,weapon,Hybrid-Full,27,12.0,30.0,18.90138504155125,41.43878116343491,7.504731018119236,9.84000959103774,66.85185185185185,6.901385041551251,11.43878116343491,17.344740609156975,0.3770066055667423
תפ_8718-02-14,weapon,Hybrid-Full,6,25.0,50.0,23.89189189189189,50.48648648648648,13.856406460551018,23.39990503304566,67.83333333333333,1.1081081081081088,0.4864864864864771,37.25631149359668,0.9400406504065044
תפ_45633-05-17,drugs,Hybrid-Full,9,30.0,48.0,33.556451612903224,62.209677419354826,9.052658023141635,14.406788523316205,68.88888888888889,3.556451612903224,14.209677419354826,23.45944654645784,0.44842263395092663
תפ_44666-10-18,drugs,Hybrid-Full,63,5.0,18.0,14.553180396246093,31.835766423357672,10.90860818007063,16.233711335485175,60.888888888888886,9.553180396246093,13.835766423357672,27.142319515555805,0.1284412581842201
תפ_40331-03-18,drugs,Hybrid-Full,64,6.0,15.0,6.798916723087341,18.645001128413455,4.297954409876285,5.753989784271432,69.234375,0.7989167230873413,3.6450011284134547,10.051944194147715,0.6485632696769584
תפ_58193-03-23,drugs,Hybrid-Full,23,24.0,55.0,25.60285714285714,49.51142857142857,7.2994289856171655,9.98638013895792,76.08695652173913,1.6028571428571396,5.488571428571433,17.285809124575085,0.7712442396313364
תפ_8988-11-22,drugs,Hybrid-Full,89,30.0,54.0,19.82832494608196,40.82142343637672,9.94564193304895,15.06348975656054,78.14606741573034,10.17167505391804,13.178576563623281,25.00913168960949,0.3166781674969709
תפ_12748-07-20,drugs,Hybrid-Full,15,8.0,18.0,9.37246963562753,22.252024291497975,6.008882314263333,11.468604487420818,65.86666666666666,1.3724696356275299,4.252024291497975,17.47748680168415,0.6053547333285989
תפ_630-02-18,weapon,Hybrid-Full,20,12.0,36.0,13.950877192982457,36.96491228070175,4.183300132670378,5.894701010229441,71.25,1.9508771929824569,0.9649122807017534,10.078001142899819,0.8832044975404076
תפ_20928-07-12,drugs,Hybrid-Full,10,9.0,24.0,19.10126582278481,39.65822784810126,9.046546302318914,13.942740046346701,63.2,10.10126582278481,15.658227848101262,22.989286348665615,0.1597853014037985
תפ_21536-06-20,drugs,Hybrid-Full,35,13.0,30.0,19.315863032844167,40.90985324947589,6.639031156266519,11.889422498462185,81.77142857142857,6.315863032844167,10.909853249475887,18.528453654728704,0.3828087833946769
תפ_20638-04-22,drugs,Hybrid-Full,81,27.0,55.0,20.70054660954351,42.38528586201803,9.060046266317453,13.605498408849575,83.5679012345679,6.299453390456492,12.61471413798197,22.665544675167027,0.44855775650054075
תפ_11267-01-18,drugs,Hybrid-Full,5,6.0,18.0,3.856716417910448,16.1044776119403,3.3105890714493698,4.9396356140913875,67.0,2.143283582089552,1.8955223880596996,8.250224685540758,0.7144364710848461
תפ_26717-06-14,drugs,Hybrid-Full,22,6.0,15.0,8.458274398868458,23.386138613861384,3.664662612862977,6.205835696682186,64.27272727272727,2.4582743988684577,8.386138613861384,9.870498309545162,0.3762609827530102
תפ_16240-11-11,drugs,Hybrid-Full,16,12.0,30.0,14.567441860465118,34.23255813953488,11.422120807888524,20.41101112145109,67.1875,2.5674418604651184,4.232558139534881,31.833131929339615,0.6941422594142259
תפ_40512-02-20,drugs,Hybrid-Full,4,16.0,30.0,11.757575757575758,26.454545454545457,6.557438524302,7.794228634059948,82.5,4.242424242424242,3.545454545454543,14.351667158361948,0.5730897009966779
תפ_53431-02-22,weapon,Hybrid-Full,7,24.0,40.0,59.00608519269775,96.19472616632859,33.395588123619696,45.56583037714976,70.42857142857143,35.00608519269775,56.19472616632859,78.96141850076945,0.0
תפ_33338-02-20,drugs,Hybrid-Full,30,14.0,36.0,19.26438986953185,41.151189562547955,6.117733785207285,8.984925647376771,86.86666666666666,5.2643898695318505,5.151189562547955,15.102659432584057,0.6163858895358699
תפ_68958-01-19,drugs,Hybrid-Full,26,21.0,48.0,30.865585168018537,59.421784472769396,13.74756568015507,19.78000305131572,66.38461538461539,9.865585168018537,11.421784472769396,33.527568731470794,0.445955727124676
תפ_17780-09-16,drugs,Hybrid-Full,19,66.0,108.0,53.06109725685786,88.18204488778055,7.36879698289139,10.125801496952164,84.42105263157895,12.938902743142137,19.81795511221945,17.494598479843553,0.4037584258187513
תפ_10767-02-15,drugs,Hybrid-Full,23,15.0,24.0,1.6740792216817233,13.093815149409311,3.590051365798785,5.388849370926327,62.56521739130435,13.325920778318277,10.906184850590689,8.978900736725112,0.0
תפ_33888-10-14,drugs,Hybrid-Full,18,42.0,66.0,35.85777777777777,65.6711111111111,20.07547487254099,30.23896595005185,62.5,6.14222222222223,0.32888888888889767,50.31444082259284,0.7853140666470063
תפ_39589-07-13,drugs,Hybrid-Full,42,7.0,18.0,5.256949960285942,15.799444003177124,4.185874096304543,5.126738408775909,59.95238095238095,1.743050039714058,2.2005559968228763,9.312612505080452,0.6905288746221211
תפ_11406-06-20,drugs,Hybrid-Full,15,5.0,12.0,7.2080679405520165,17.929936305732483,3.476907949441413,4.616877251514876,62.8,2.2080679405520165,5.9299363057324825,8.093785200956289,0.3706075533661741
תפ_57729-11-19,weapon,Hybrid-Full,14,16.0,44.0,15.502634351949418,36.21917808219178,13.080012794102212,21.22234094302607,67.78571428571429,0.49736564805058237,7.780821917808218,34.30235373712828,0.7095104274515603
תפ_44181-01-17,drugs,Hybrid-Full,23,24.0,48.0,24.841480446927374,48.61731843575419,8.884046149837278,12.30012218114428,62.26086956521739,0.841480446927374,0.6173184357541928,21.184168330981556,0.9407409508680358
תפ_13322-07-22,drugs,Hybrid-Full,20,6.0,14.0,14.998453209590101,32.501160092807424,8.245604889879214,14.453719244540487,64.65,8.998453209590101,18.501160092807424,22.6993241344197,0.0
תפ_49625-04-17,drugs,Hybrid-Full,73,30.0,60.0,19.526403557531967,39.21641652770059,13.595916289958463,19.154829347542055,73.93150684931507,10.473596442468033,20.783583472299412,32.750745637500515,0.22771429617828598
תפ_70345-03-23,weapon,Hybrid-Full,8,10.0,22.0,20.738372093023255,50.83720930232559,7.857122564908861,20.862271568551684,64.5,10.738372093023255,28.83720930232559,28.719394133460547,0.030894077448747167
תפ_28931-09-20,drugs,Hybrid-Full,30,9.0,20.0,8.791220556745182,20.291220556745188,5.763968540279634,7.382863039950468,62.266666666666666,0.20877944325481756,0.29122055674518776,13.146831580230103,0.9565217391304344
תפ_49156-08-15,drugs,Hybrid-Full,15,7.0,18.0,9.847305389221557,24.39520958083833,11.042141499224185,17.869402775570187,66.8,2.8473053892215567,6.39520958083833,28.911544274794373,0.46867469879518053
תפ_52099-10-20,weapon,Hybrid-Full,13,42.0,78.0,37.74031890660593,66.63097949886105,15.725455186683861,21.779964736090037,67.53846153846153,4.259681093394072,11.369020501138948,37.505419922773896,0.6118026479574518
תפ_16143-03-18,drugs,Hybrid-Full,6,6.0,20.0,7.826530612244899,18.9030612244898,2.4776781245530843,3.5901098714230026,65.33333333333333,1.8265306122448992,1.0969387755101998,6.0677879959760865,0.791180758017493
תפ_10096-07-19,weapon,Hybrid-Full,14,8.0,20.0,10.116279069767444,24.02790697674419,3.6645015252516173,7.149996432138399,76.78571428571429,2.116279069767444,4.027906976744191,10.814497957390016,0.6166569936157861
תפ_19417-11-16,weapon,Hybrid-Full,9,15.0,30.0,17.601694915254235,36.79661016949152,4.340449996583247,7.780951733338487,65.55555555555556,2.6016949152542352,6.796610169491522,12.121401729921732,0.5688180404354589
תפ_3170-10-24,drugs,Hybrid-Full,9,20.0,40.0,17.66549295774648,36.77112676056338,4.8074017006186525,7.71722460186015,63.111111111111114,2.33450704225352,3.2288732394366235,12.524626302478802,0.7509065111146144
תפ_58605-05-19,drugs,Hybrid-Full,8,18.0,36.0,15.980392156862747,35.509803921568626,6.609652033201143,9.350802104632521,63.75,2.019607843137253,0.49019607843137436,15.960454137833665,0.8746327130264447
תפ_68763-07-20,weapon,Hybrid-Full,41,18.0,40.0,15.776532399299477,36.644483362521896,7.19003540750764,8.822393226821251,69.63414634146342,2.2234676007005234,3.355516637478104,16.01242863432889,0.7696868041296744
תפ_36827-11-15,drugs,Hybrid-Full,7,6.0,18.0,5.009708737864076,17.02184466019417,4.997958767010258,9.050876606546947,58.857142857142854,0.9902912621359237,0.9781553398058307,14.048835373557203,0.8484678624813149
תפ_11167-01-23,weapon,Hybrid-Full,26,20.0,36.0,23.356373937677056,48.66402266288952,14.85198171782963,21.843986891444736,67.88461538461539,3.3563739376770556,12.664022662889522,36.69596860927437,0.4410974067046172
תפ_524-11-23,weapon,Hybrid-Full,5,7.0,22.0,17.63888888888889,36.44444444444445,6.4,10.461357464497617,72.0,10.63888888888889,14.44444444444445,16.861357464497615,0.14811320754716978
תפ_49632-01-18,weapon,Hybrid-Full,8,34.0,62.0,42.722033898305085,72.13220338983051,26.153393661244042,31.09561866244182,73.75,8.722033898305085,10.132203389830508,57.24901232368586,0.5055560494266157
תפ_22611-02-17,drugs,Hybrid-Full,9,6.0,18.0,12.128623188405797,29.094202898550726,7.908426510788553,12.890804455353935,61.333333333333336,6.128623188405797,11.094202898550726,20.79923096614249,0.2542359585817383
תפ_46018-03-14,drugs,Hybrid-Full,7,18.0,56.0,24.409909909909913,49.64414414414416,9.448031865020829,18.969363054511806,63.42857142857143,6.4099099099099135,6.355855855855843,28.417394919532633,0.6640587956377433
תפ_2312-01-21,weapon,Hybrid-Full,7,6.0,18.0,35.4,66.04444444444445,28.11927946358193,37.45364481868329,64.28571428571429,29.4,48.04444444444445,65.57292428226522,0.0
תפ_36868-09-18,drugs,Hybrid-Full,16,12.0,30.0,9.086315789473684,24.52421052631579,3.409545424246464,6.724198372296879,59.375,2.9136842105263163,5.475789473684209,10.133743796543342,0.5988524260116771
תפ_39193-12-15,weapon,Hybrid-Full,9,12.0,36.0,19.102649006622517,41.807947019867555,8.110350040397625,10.954451150103322,67.11111111111111,7.102649006622517,5.807947019867555,19.064801190500948,0.5668740279937791
תפ_39880-12-20,drugs,Hybrid-Full,11,10.0,24.0,6.816881258941345,17.91988555078684,1.8317674254190803,3.2473765635439547,63.54545454545455,3.1831187410586548,6.080114449213159,5.079143988963035,0.460910831737574
תפ_17081-12-16,drugs,Hybrid-Full,5,9.0,20.0,7.645695364238412,20.45364238410596,4.841487374764082,5.817215828899594,60.4,1.3543046357615882,0.4536423841059616,10.658703203663677,0.8588417786970011
תפ_45195-11-20,drugs,Hybrid-Full,32,24.0,60.0,26.801692226335273,51.5076679005817,8.377564905746777,12.612888683307247,59.09375,2.8016922263352733,8.492332099418299,20.990453589054024,0.6862771020624008
תפ_62687-10-18,drugs,Hybrid-Full,3,10.0,24.0,4.347826086956522,11.347826086956523,0.9428090415820634,0.9428090415820634,76.66666666666667,5.652173913043478,12.652173913043477,1.8856180831641267,0.06858407079646026
תפ_6553-05-14,drugs,Hybrid-Full,8,6.0,12.0,11.64371772805508,26.712564543889844,4.553501400021746,3.992179855667828,72.625,5.64371772805508,14.712564543889844,8.545681255689574,0.017201263087917452
תפ_39201-05-18,drugs,Hybrid-Full,13,12.0,26.0,13.008782936010036,30.233375156838136,10.163165886100767,20.897042626470963,61.30769230769231,1.0087829360100358,4.233375156838136,31.06020851257173,0.712496559317369
תפ_31640-02-23,weapon,Hybrid-Full,3,7.0,24.0,12.255319148936168,29.78723404255319,4.898979485566356,12.364824660660938,78.33333333333333,5.255319148936168,5.787234042553191,17.263804146227294,0.515406162464986
תפ_25852-02-20,drugs,Hybrid-Full,10,0.0,6.0,7.349683544303797,18.731012658227847,4.104875150354759,6.082762530298219,63.2,7.349683544303797,12.731012658227847,10.187637680652978,0.0
תפ_24906-07-16,weapon,Hybrid-Full,13,2.0,12.0,3.9436619718309873,11.140845070422536,1.3846153846153848,4.103685744107429,81.92307692307692,1.9436619718309873,0.8591549295774641,5.488301128722814,0.7197183098591549
תפ_50121-12-11,weapon,Hybrid-Full,12,2.0,12.0,3.980099502487562,11.099502487562189,1.4142135623730951,4.258977446393546,83.75,1.9800995024875618,0.900497512437811,5.673191008766641,0.7119402985074628
תפ_20339-09-19,drugs,Hybrid-Full,22,12.0,24.0,4.476806083650189,14.704942965779466,3.9101478486557393,4.363873099638905,59.77272727272727,7.523193916349811,9.295057034220534,8.274020948294645,0.1385502278658512
תפ_39800-09-18,weapon,Hybrid-Full,14,10.0,30.0,16.326722338204597,38.21085594989562,5.576920370269467,7.345691504104253,68.42857142857143,6.326722338204597,8.210855949895617,12.92261187437372,0.4846814178938798
תפ_70531-11-19,drugs,Hybrid-Full,24,10.0,24.0,15.084148727984346,34.35355512067841,10.594728117742752,19.58723365414887,63.875,5.084148727984346,10.353555120678408,30.181961771891622,0.36610060534633304
תפ_28624-07-24,weapon,Hybrid-Full,9,14.0,30.0,16.032258064516128,30.95161290322581,5.41602560309064,8.225224677031889,68.88888888888889,2.032258064516128,0.9516129032258114,13.641250280122529,0.8239771646051378
תפ_16058-02-19,drugs,Hybrid-Full,28,16.0,32.0,16.41791044776119,35.26439232409381,8.379624827216189,11.55880042854529,83.75,0.4179104477611908,3.264392324093812,19.93842525576148,0.8088544548976208
תפ_41326-11-15,weapon,Hybrid-Full,15,15.0,40.0,20.541707556427866,46.23061825318939,10.365755586974299,15.859662319510113,67.93333333333334,5.541707556427866,6.230618253189391,26.22541790648441,0.623051784816491
תפ_24154-01-12,drugs,Hybrid-Full,21,36.0,72.0,29.15048543689319,56.48624595469254,11.708670741016759,20.781118239484773,58.857142857142854,6.849514563106808,15.513754045307458,32.48978898050153,0.47809750387069927
תפ_35202-05-15,drugs,Hybrid-Full,14,0.0,12.0,6.79456906729634,21.73789846517119,3.1815796359028696,6.780825306460468,60.5,6.79456906729634,9.737898465171192,9.962404942363337,0.23946339343906148
תפ_29373-12-23,drugs,Hybrid-Full,28,9.0,30.0,7.46111417539989,21.11141753998898,4.960558724291333,6.608108037610666,64.75,1.5388858246001096,8.888582460011019,11.568666761902,0.5373565328047384
תפ_53948-11-14,drugs,Hybrid-Full,34,0.0,12.0,3.1878038002651343,14.769774635439683,5.631412146892295,7.999134901322152,66.55882352941177,3.1878038002651343,2.769774635439683,13.630547048214446,0.596637146960268
תפ_266-06-18,drugs,Hybrid-Full,16,3.0,15.0,7.1673228346456686,20.687007874015748,6.482849971270352,10.190183695596463,63.5,4.1673228346456686,5.687007874015748,16.673033666866814,0.4428491930996105
תפ_47284-03-19,drugs,Hybrid-Full,22,18.0,36.0,16.892223738062754,34.00818553888131,10.001342885039598,17.70861488999956,66.63636363636364,1.1077762619372464,1.9918144611186932,27.709957775039157,0.8377838069398826
תפ_5779-09-21,weapon,Hybrid-Full,25,12.0,36.0,13.954787234042554,32.29255319148936,3.6821732713168185,7.5370020565208815,75.2,1.9547872340425538,3.707446808510639,11.2191753278377,0.7640735815602836
תפ_54418-06-19,weapon,Hybrid-Full,42,12.0,24.0,11.216216216216216,27.753378378378383,5.100131161889929,8.525272553346522,70.47619047619048,0.7837837837837842,3.7533783783783825,13.625403715236452,0.7256384065372826
תפ_51953-01-23,drugs,Hybrid-Full,4,12.0,24.0,8.758122743682309,24.06498194945848,2.179449471770337,7.3484692283495345,69.25,3.241877256317691,0.06498194945848113,9.527918700119871,0.7839622641509435
תפ_36782-07-17,drugs,Hybrid-Full,20,6.0,15.0,3.8435374149659864,15.203325774754353,3.9484174044799265,5.30659966456864,66.15,2.1564625850340136,0.20332577475435265,9.255017069048566,0.7922682813227755
תפ_58372-12-14,drugs,Hybrid-Full,17,0.0,10.0,5.543812104787715,16.738934056007228,4.8571283184336504,9.042383860595221,65.11764705882354,5.543812104787715,6.738934056007228,13.899512179028871,0.26621694549379377
תפ_48598-11-20,weapon,Hybrid-Full,31,24.0,54.0,20.831534490849375,41.61614265603004,8.618640109443497,9.915669391408159,68.74193548387096,3.168465509150625,12.383857343969957,18.534309500851656,0.5311111739905497
תפ_40327-10-19,drugs,Hybrid-Full,42,28.0,50.0,19.511818181818178,40.58636363636364,9.40002894770474,13.98071233737099,78.57142857142857,8.488181818181822,9.413636363636357,23.38074128507573,0.4128276232221131
תפ_19391-11-24,drugs,Hybrid-Full,4,6.0,14.0,17.935018050541515,38.75090252707581,4.242640687119285,6.708203932499369,69.25,11.935018050541515,24.75090252707581,10.950844619618653,0.0
תפ_20796-10-23,drugs,Hybrid-Full,6,18.0,42.0,15.317073170731708,38.35121951219513,5.962847939999439,13.535960336164635,68.33333333333333,2.6829268292682915,3.6487804878048706,19.498808276164073,0.7627056672760516
תפ_6788-06-16,drugs,Hybrid-Full,23,18.0,48.0,36.48250825082508,65.83564356435643,14.799351132764254,19.933822460401256,65.8695652173913,18.482508250825077,17.83564356435643,34.73317359316551,0.24077217093734057
תפ_41687-01-22,drugs,Hybrid-Full,16,18.0,42.0,26.94489795918367,52.50204081632653,25.95428673649114,38.720149793098685,61.25,8.94489795918367,10.502040816326527,64.67443652958983,0.4363539571749676
תפ_28811-02-18,drugs,Hybrid-Full,10,9.0,30.0,18.025,42.137499999999996,6.7111846942250075,10.12916580968048,80.0,9.024999999999999,12.137499999999996,16.840350503905487,0.3613730667672577
תפ_9968-05-16,weapon,Hybrid-Full,14,10.0,24.0,13.54489164086687,36.52425180598555,4.078314978177199,4.169862719807551,69.21428571428571,3.5448916408668705,12.52425180598555,8.24817769798475,0.39417165979301233
תפ_58562-06-21,drugs,Hybrid-Full,5,8.0,18.0,2.390625,13.874999999999998,3.3226495451672298,2.1908902300206643,64.0,5.609375,4.125000000000002,5.513539775187894,0.3763763763763763
תפ_29577-11-16,drugs,Hybrid-Full,8,6.0,12.0,15.02,32.9,7.660776723022281,11.997395550701826,62.5,9.02,20.9,19.65817227372411,0.0
תפ_38631-06-20,drugs,Hybrid-Full,46,12.0,36.0,17.12314540059347,36.78100890207714,8.637632525881957,13.39328048660285,73.26086956521739,5.123145400593469,0.78100890207714,22.030913012484806,0.7617468148290071
תפ_13667-09-17,drugs,Hybrid-Full,7,3.0,12.0,1.5256124721603563,11.661469933184856,2.821202522590214,4.199125273342592,64.14285714285714,1.4743875278396437,0.3385300668151441,7.020327795932806,0.8269189878800766
תפ_9705-01-21,drugs,Hybrid-Full,10,0.0,10.0,8.32956381260097,21.263327948303715,7.214568594171102,9.8,61.9,8.32956381260097,11.263327948303715,17.014568594171102,0.07855948943929492
תפ_42707-08-21,drugs,Hybrid-Full,20,4.0,12.0,2.967647058823529,14.173529411764704,3.897435053981016,4.752893855326458,68.0,1.032352941176471,2.1735294117647044,8.650328909307474,0.7139107611548557
תפ_9986-02-22,weapon,Hybrid-Full,4,18.0,30.0,20.339622641509433,37.58490566037736,4.69041575982343,9.0,66.25,2.3396226415094326,7.584905660377359,13.69041575982343,0.49325626204238926
תפ_42162-12-21,drugs,Hybrid-Full,9,12.0,36.0,36.18811881188118,63.74257425742574,31.766897904408857,43.9741787309522,56.111111111111114,24.188118811881182,27.742574257425737,75.74107663536105,0.0
תפ_54421-06-15,drugs,Hybrid-Full,13,0.0,12.0,3.4533333333333336,16.553939393939398,4.011816864740092,6.912812904203376,63.46153846153846,3.4533333333333336,4.553939393939398,10.924629768943468,0.5162920114227135
תפ_13065-08-15,drugs,Hybrid-Full,33,8.0,24.0,7.060109289617486,21.77127244340359,4.693351490072568,7.843510767317451,77.63636363636364,0.9398907103825138,2.228727556596411,12.53686225739002,0.8129493087557602
תפ_16603-06-16,drugs,Hybrid-Full,25,15.0,36.0,7.705673758865248,23.152482269503547,5.715102798725496,8.848593108511658,56.4,7.294326241134752,12.847517730496453,14.563695907237154,0.2881313447800477
תפ_61181-07-23,weapon,Hybrid-Full,4,36.0,72.0,45.777777777777786,75.55555555555556,21.494185260204677,30.59411708155671,67.5,9.777777777777786,3.555555555555557,52.08830234176139,0.6629213483146065
תפ_64418-09-16,drugs,Hybrid-Full,60,0.0,10.0,4.453759308191208,17.573144367043,6.1602669494827,9.742504241153242,69.38333333333334,4.453759308191208,7.573144367043,15.902771190635942,0.31560889593613733
תפ_27050-03-20,weapon,Hybrid-Full,29,15.0,40.0,13.011627906976743,32.26511627906977,4.301922806551915,6.707051678021631,74.13793103448276,1.9883720930232567,7.7348837209302275,11.008974484573546,0.6397242567858683
תפ_31602-06-20,drugs,Hybrid-Full,4,12.0,30.0,16.63736263736264,35.17948717948718,6.5383484153110105,12.84523257866513,68.25,4.637362637362639,5.179487179487182,19.38358099397614,0.5764854614412135
תפ_20825-08-14,drugs,Hybrid-Full,8,1.0,3.0,3.8336557059961316,15.752417794970986,4.358898943540674,8.789197915623474,64.625,2.8336557059961316,12.752417794970986,13.148096859164148,0.0
תפ_11720-07-16,drugs,Hybrid-Full,18,24.0,42.0,38.06495468277946,69.39728096676737,25.130523470006413,33.5739463951322,73.55555555555556,14.064954682779458,27.39728096676737,58.704469865138606,0.08668019831630783
תפ_61099-12-18,drugs,Hybrid-Full,7,18.0,30.0,10.628318584070797,27.52212389380531,4.271404682207444,7.917946548886296,80.71428571428571,7.371681415929203,2.477876106194689,12.18935123109374,0.49154865235267253
תפ_54230-03-21,weapon,Hybrid-Full,22,12.0,36.0,23.402283411685698,43.832102081934195,7.866657328285067,8.222122948796374,67.68181818181819,11.402283411685698,7.832102081934195,16.08878027708144,0.39575509515169394
תפ_6678-12-20,drugs,Hybrid-Full,21,12.0,36.0,17.703079178885627,39.143695014662754,7.459945954951259,12.14948465262058,64.95238095238095,5.703079178885627,3.143695014662754,19.609430607571838,0.674076274848747
תפ_691-09-19,drugs,Hybrid-Full,22,10.0,36.0,17.902255639097742,39.458646616541344,9.77473552304381,15.122912396057943,60.45454545454545,7.902255639097742,3.458646616541344,24.897647919101754,0.6143440530883106
תפ_61202-03-22,drugs,Hybrid-Full,21,18.0,36.0,19.92809977989728,42.944974321349946,8.477260499609015,15.532279313747615,64.9047619047619,1.9280997798972805,6.944974321349946,24.009539813356632,0.6442941176470595
תפ_4606-08-20,drugs,Hybrid-Full,16,6.0,18.0,1.8832188420019627,13.086359175662412,3.4181272284688293,4.282504378281475,63.6875,4.116781157998037,4.9136408243375875,7.700631606750305,0.43968824209949453
תפ_47168-03-18,drugs,Hybrid-Full,14,1.0,12.0,12.111338100102143,27.063329928498465,7.379300890508061,10.731652591606698,69.92857142857143,11.111338100102143,15.063329928498465,18.11095348211476,0.0
תפ_21679-04-15,drugs,Hybrid-Full,46,3.0,18.0,4.592683676606209,17.911466338764225,4.567908109742886,6.963345837684531,70.71739130434783,1.5926836766062094,0.08853366123577544,11.531253947427416,0.8879188441438676
תפ_3429-07-20,weapon,Hybrid-Full,27,48.0,72.0,42.79092702169625,74.1775147928994,20.20145453753513,25.00370342939592,75.11111111111111,5.209072978303752,2.1775147928994016,45.205157966931054,0.7646578269339535
תפ_30094-09-19,drugs,Hybrid-Full,31,7.0,18.0,5.796419650291422,20.094088259783504,2.91145786310873,5.16451512159729,77.48387096774194,1.2035803497085782,2.094088259783504,8.07597298470602,0.769356200681362
תפ_69899-11-20,drugs,Hybrid-Full,3,0.0,18.0,5.0,14.857142857142858,0.816496580927726,4.714045207910316,58.333333333333336,5.0,3.1428571428571423,5.530541788838042,0.5476190476190477
תפ_12265-09-24,drugs,Hybrid-Full,6,16.0,36.0,27.88421052631579,57.0,5.656854249492381,4.281744192888376,63.333333333333336,11.88421052631579,21.0,9.938598442380757,0.1979460847240051
תפח_35048-04-17,weapon,Hybrid-Full,5,54.0,96.0,8.976608187134502,24.391812865497073,2.0396078054371136,6.974238309665077,68.4,45.0233918128655,71.60818713450293,9.01384611510219,0.0
תפ_2482-05-20,drugs,Hybrid-Full,25,6.0,18.0,4.224705882352941,15.42,3.93669912490147,5.284846260772398,68.0,1.775294117647059,2.58,9.221545385673869,0.6838329490135793
תפ_68368-12-19,weapon,Hybrid-Full,14,20.0,42.0,20.15420560747664,43.68224299065421,8.004144334693887,11.852839150109451,76.42857142857143,0.1542056074766407,1.6822429906542098,19.856983484803337,0.9224546172059981
תפ_68942-01-19,drugs,Hybrid-Full,26,21.0,48.0,31.40180586907449,59.87923250564333,13.554677788159642,19.66705111114231,68.15384615384616,10.40180586907449,11.87923250564333,33.22172889930195,0.4269167126309985
תפ_19438-03-18,weapon,Hybrid-Full,6,36.0,72.0,82.04962779156328,132.16377171215882,19.1049731745428,22.561028345356956,67.16666666666667,46.04962779156328,60.16377171215882,41.66600151989975,0.0
תפ_1203-08-19,weapon,Hybrid-Full,22,30.0,54.0,23.00470114170584,46.20953660174614,9.58918554095409,10.89279085276053,67.68181818181819,6.995298858294159,7.790463398253863,20.481976393714618,0.5229675853700814
תפ_51943-05-20,drugs,Hybrid-Full,12,16.0,36.0,10.723270440251572,25.59748427672956,3.2489314482696545,5.838093296045665,66.25,5.2767295597484285,10.40251572327044,9.08702474431532,0.3796964419009704
תפ_10476-12-17,weapon,Hybrid-Full,11,9.0,24.0,12.281138790035588,30.19217081850534,4.1140758178126395,8.020634545495556,76.63636363636364,3.2811387900355875,6.192170818505339,12.134710363308194,0.5529806884970613
תפ_66150-06-22,weapon,Hybrid-Full,5,22.0,42.0,15.417910447761196,38.47761194029851,4.069397989875161,5.932958789676531,67.0,6.582089552238804,3.522388059701491,10.002356779551691,0.6198764738910725
תפ_22029-03-21,weapon,Hybrid-Full,21,9.0,36.0,23.346967559943582,45.393511988716504,9.88941118139696,12.506324930422451,67.52380952380952,14.346967559943582,9.393511988716504,22.39573611181941,0.3476727512304771
תפ_30706-05-21,weapon,Hybrid-Full,12,36.0,72.0,37.30258717660292,70.25871766029245,17.747456781810236,17.029386365926403,74.08333333333333,1.3025871766029198,1.7412823397075528,34.77684314773664,0.9154480689913758
תפ_962-06-20,weapon,Hybrid-Full,9,36.0,60.0,38.52599388379205,71.72171253822629,18.15434512488898,18.73268748062898,72.66666666666667,2.5259938837920473,11.721712538226285,36.88703260551796,0.6011471620580433
תפ_61816-07-23,drugs,Hybrid-Full,14,6.0,18.0,10.825211864406777,24.058262711864398,7.908920306095091,12.848608278482054,67.42857142857143,4.825211864406777,6.058262711864398,20.757528584577145,0.39731331025987016
תפ_15059-08-20,drugs,Hybrid-Full,13,15.0,42.0,21.328899637243047,44.897218863361545,9.592896780381473,17.130201019901914,63.61538461538461,6.3288996372430475,2.8972188633615445,26.723097800283387,0.6914054600606674
תפ_63672-03-19,drugs,Hybrid-Full,64,10.0,24.0,8.71916461916462,20.665847665847664,5.261682500339126,7.2569336456591635,63.59375,1.2808353808353807,3.3341523341523356,12.51861614599829,0.697988519608316
תפ_59796-01-22,weapon,Hybrid-Full,41,60.0,108.0,54.22469635627529,90.14642375168691,24.007682688642085,33.120334742695064,72.29268292682927,5.775303643724712,17.85357624831309,57.12801743133715,0.560599786686743
תפ_2717-07-16,drugs,Hybrid-Full,9,18.0,36.0,6.333333333333332,21.43169398907104,6.5149400952306875,12.666666666666668,61.0,11.666666666666668,14.56830601092896,19.181606761897356,0.11567507828329346
תפ_42790-07-18,drugs,Hybrid-Full,30,5.0,18.0,5.814201815269622,18.747463961558996,3.9385558549070017,7.16441825195102,62.43333333333333,0.8142018152696222,0.7474639615589957,11.10297410685802,0.8864033554701152
תפ_41833-08-23,drugs,Hybrid-Full,13,36.0,84.0,43.84269662921347,76.62359550561796,16.314947587807303,21.19506473759326,68.46153846153847,7.842696629213471,7.376404494382044,37.51001232540057,0.6829353932584268
תפ_41946-07-16,drugs,Hybrid-Full,15,6.0,24.0,9.124117053481331,25.911200807265384,6.725077446889862,18.945535973767893,66.06666666666666,3.1241170534813314,1.9112008072653843,25.670613420657755,0.7471112913034667
תפ_63000-01-18,weapon,Hybrid-Full,14,8.0,20.0,10.99047619047619,29.228571428571428,4.4153027030073115,7.0,75.0,2.9904761904761905,9.228571428571428,11.415302703007312,0.4244055630327501
תפ_13549-10-21,drugs,Hybrid-Full,26,0.0,18.0,6.67488789237668,20.096973094170398,5.73580057917146,7.76361182949362,68.61538461538461,6.67488789237668,2.096973094170398,13.49941240866508,0.5635232755975792
תפ_53375-03-18,drugs,Hybrid-Full,14,6.0,24.0,3.4334112149532703,15.509345794392521,3.2007652146297256,5.368084065158839,61.142857142857146,2.5665887850467297,8.490654205607479,8.568849279788564,0.4623686452712297
תפ_23836-05-13,drugs,Hybrid-Full,3,0.0,18.0,13.034883720930232,26.872093023255815,10.370899457402697,18.92675942210452,57.333333333333336,13.034883720930232,8.872093023255815,29.297658879507217,0.18476849848550414
תפ_42231-01-20,drugs,Hybrid-Full,27,24.0,42.0,40.04115022310362,70.73376301437781,16.766941149198498,21.391125424193564,74.70370370370371,16.04115022310362,28.733763014377814,38.15806657339206,0.04191508773418763
תפ_4415-02-18,drugs,Hybrid-Full,17,54.0,90.0,42.307046979865774,71.55536912751678,14.339434339004791,18.72400158337201,70.11764705882354,11.692953020134226,18.444630872483216,33.063435922376804,0.3680914687774847
תפ_43990-06-23,weapon,Hybrid-Full,10,36.0,54.0,19.403735632183913,41.52298850574714,11.162884931772789,14.1718029904455,69.6,16.596264367816087,12.477011494252856,25.334687922218286,0.15964118111217293
תפ_42497-03-21,drugs,Hybrid-Full,30,12.0,24.0,15.391542288557217,32.90149253731343,10.427314557875814,18.15488914865635,67.0,3.3915422885572166,8.90149253731343,28.582203706532162,0.4118585166143006
תפ_34197-11-12,weapon,Hybrid-Full,3,5.0,15.0,3.6666666666666665,7.666666666666668,0.4714045207910317,1.247219128924647,65.0,1.3333333333333335,7.333333333333332,1.7186236497156786,0.2352941176470589
תפ_45449-05-12,weapon,Hybrid-Full,11,10.0,24.0,11.432192648922687,28.060836501901143,13.745021638204529,15.540935015533165,71.72727272727273,1.4321926489226868,4.060836501901143,29.285956653737692,0.695859649122807
תפ_3503-09-20,drugs,Hybrid-Full,12,12.0,24.0,17.375661375661377,34.68783068783068,9.807522622966516,16.715761025650814,78.75,5.375661375661377,10.687830687830683,26.52328364861733,0.29197761194029853
תפ_11199-09-21,drugs,Hybrid-Full,6,42.0,84.0,38.926430517711175,73.56403269754769,10.677078252031311,12.364824660660938,61.166666666666664,3.073569482288825,10.435967302452312,23.04190291269225,0.7002780800386895
תפ_22433-05-18,drugs,Hybrid-Full,25,45.0,75.0,46.759521218716,80.86615886833515,13.043067123955163,16.504544828622205,73.52,1.759521218716003,5.866158868335148,29.54761195257737,0.7873850914717391
תפ_1390-04-22,weapon,Hybrid-Full,38,22.0,38.0,29.215488215488225,50.35802469135803,13.293225108867066,16.550539571591113,70.34210526315789,7.215488215488225,12.358024691358032,29.84376468045818,0.30977163889658405
תפ_18114-03-14,weapon,Hybrid-Full,13,4.0,9.0,3.927461139896373,13.49222797927461,1.5423028965971861,6.1471116996944755,74.23076923076923,0.0725388601036272,4.49222797927461,7.689414596291662,0.5227518959913326
תפ_20012-01-16,weapon,Hybrid-Full,9,6.0,12.0,3.699346405228759,14.529411764705884,1.617802197617893,6.847546194724712,85.0,2.300653594771241,2.529411764705884,8.465348392342605,0.5540132770066385
תפ_57002-03-23,weapon,Hybrid-Full,15,18.0,36.0,15.289719626168223,35.90654205607476,3.7499629627800624,6.4442911859171055,71.33333333333333,2.710280373831777,0.09345794392523743,10.194254148697167,0.8646209386281585
תפ_46546-02-21,weapon,Hybrid-Full,17,48.0,84.0,56.8,93.9022222222222,20.99332568183019,28.1837765304008,66.17647058823529,8.799999999999997,9.902222222222207,49.17710221223099,0.5925639039504262
תפ_9210-02-20,drugs,Hybrid-Full,14,6.0,18.0,11.33001107419712,24.363233665559243,5.065388757568972,8.1478681323424,64.5,5.33001107419712,6.3632336655592425,13.21325688991137,0.3632251839343868
תפ_1277-05-20,drugs,Hybrid-Full,17,20.0,45.0,19.17993079584775,41.8477508650519,4.4837268235669425,9.693932037058046,85.0,0.8200692041522508,3.1522491349481,14.177658860624987,0.8461538461538459
תפ_19214-08-15,drugs,Hybrid-Full,6,6.0,15.0,6.602499999999999,16.770000000000003,1.3743685418725535,2.494438257849294,66.66666666666667,0.6024999999999991,1.7700000000000031,3.8688067997218476,0.7797121634168986
תפ_32793-08-18,drugs,Hybrid-Full,3,10.0,24.0,8.53846153846154,18.871794871794872,1.699673171197595,4.988876515698588,65.0,1.46153846153846,5.128205128205128,6.688549686896183,0.5737976782752903
תפ_50359-08-19,drugs,Hybrid-Full,17,10.0,20.0,20.10030395136778,43.061803444782164,10.707175099713133,16.607831562372983,58.05882352941177,10.100303951367781,23.061803444782164,27.315006662086116,0.0
תפ_16835-07-16,weapon,Hybrid-Full,4,24.0,60.0,10.781818181818183,33.78181818181818,4.527692569068709,4.242640687119285,68.75,13.218181818181817,26.21818181818182,8.770333256187993,0.19874399704469892
תפ_4353-02-23,weapon,Hybrid-Full,6,12.0,36.0,34.84084880636605,62.46684350132626,34.213382696768754,45.50091574170056,62.833333333333336,22.840848806366047,26.46684350132626,79.71429843846931,0.022968569326185233
תפ_7053-12-20,drugs,Hybrid-Full,15,14.0,28.0,12.184426229508198,29.036885245901637,4.587906809089401,5.426683046658326,81.33333333333333,1.8155737704918025,1.0368852459016367,10.014589855747726,0.8307392996108951
תפ_38135-04-15,weapon,Hybrid-Full,12,20.0,45.0,20.80251572327044,44.976100628930816,9.460443964212251,15.608936186969594,66.25,0.8025157232704387,0.023899371069184383,25.069380151181846,0.9669433962264151
תפ_70231-02-19,drugs,Hybrid-Full,7,36.0,60.0,27.11926605504587,50.57798165137614,12.60385428577873,12.828539611796371,62.285714285714285,8.88073394495413,9.422018348623858,25.432393897575103,0.44335937499999983
תפ_43195-09-15,drugs,Hybrid-Full,16,8.0,18.0,7.420112781954885,21.152255639097742,5.135659646043535,8.212033852828421,66.5,0.5798872180451147,3.152255639097742,13.347693498871955,0.7282184655396619
תפ_33835-10-15,drugs,Hybrid-Full,51,0.0,12.0,1.6426380368098163,12.634969325153378,3.3294094551829216,4.433801173812856,63.92156862745098,1.6426380368098163,0.6349693251533779,7.763210628995778,0.819737800436999
תפ_31892-08-21,drugs,Hybrid-Full,11,0.0,10.0,3.5634920634920633,13.873015873015873,4.33513418820595,4.858323351231777,57.27272727272727,3.5634920634920633,3.8730158730158735,9.193457539437727,0.46395881006864986
תפ_39924-02-16,drugs,Hybrid-Full,13,12.0,40.0,23.27409988385598,48.00464576074332,10.00414115437634,18.38831633170348,66.23076923076923,11.274099883855978,8.004645760743323,28.39245748607982,0.46454838709677426
תפ_4702-01-22,drugs,Hybrid-Full,14,24.0,50.0,30.952380952380945,57.48809523809522,29.14740860816667,40.874371991680626,60.0,6.9523809523809454,7.4880952380952195,70.02178059984729,0.5687877710629227
תפ_35342-09-23,drugs,Hybrid-Full,11,16.0,32.0,13.076618229854688,28.233817701453102,7.0710678118654755,11.054336122419928,68.81818181818181,2.923381770145312,3.766182298546898,18.1254039342854,0.6464921465968585
תפ_10552-11-21,weapon,Hybrid-Full,8,24.0,36.0,15.502868068833653,36.74569789674952,6.6332495807108,7.275816105427624,65.375,8.497131931166347,0.7456978967495189,13.909065686138423,0.564896489648965
תפ_55670-06-17,weapon,Hybrid-Full,23,48.0,84.0,58.68000000000002,104.65818181818184,45.60817755746683,57.354533675039896,71.73913043478261,10.680000000000021,20.658181818181845,102.96271123250673,0.4468904434888641
תפ_60340-02-17,drugs,Hybrid-Full,3,0.0,8.0,0.33333333333333337,14.000000000000002,0.4714045207910317,2.8284271247461903,85.0,0.33333333333333337,6.000000000000002,3.299831645537222,0.5476190476190476
תפ_6399-03-17,drugs,Hybrid-Full,4,1.0,12.0,1.0,11.499999999999998,1.7320508075688772,4.092676385936225,85.0,0.0,0.5000000000000018,5.824727193505103,0.9545454545454544
תפ_9160-02-15,drugs,Hybrid-Full,34,45.0,85.0,45.34610472541507,77.76372924648787,12.647093023209573,17.865825373124405,69.08823529411765,0.3461047254150671,7.23627075351213,30.51291839633398,0.81044061302682
תפ_52355-03-22,weapon,Hybrid-Full,24,19.0,42.0,44.96026129559064,73.05498094719651,17.23529969439335,21.3205935267603,76.54166666666667,25.96026129559064,31.054980947196512,38.55589322115365,0.0
תפ_50520-12-17,drugs,Hybrid-Full,7,9.0,24.0,9.990019960079838,22.059880239520957,4.2570469787860965,8.907689867497083,71.57142857142857,0.9900199600798381,1.9401197604790426,13.16473684628318,0.8046573519627412
תפ_7498-11-14,weapon,Hybrid-Full,4,36.0,72.0,48.0,76.5855513307985,7.3484692283495345,14.309088021254185,65.75,12.0,4.585551330798495,21.65755724960372,0.5913434513771779
תפ_1470-07-16,drugs,Hybrid-Full,21,9.0,24.0,9.69379014989293,23.8865096359743,6.054551706929431,10.799344903286311,66.71428571428571,0.69379014989293,0.11349036402570079,16.85389661021574,0.9461812990720913
תפ_809-09-18,drugs,Hybrid-Full,118,24.0,42.0,19.75899581589958,41.52887029288703,11.02034172014835,18.277374270582364,60.76271186440678,4.241004184100419,0.4711297071129721,29.297715990730715,0.7881330423658665
תפ_27417-07-23,drugs,Hybrid-Full,6,30.0,60.0,23.696236559139784,49.40860215053763,7.498147919467995,10.044346115546242,62.0,6.303763440860216,10.591397849462368,17.542494035014236,0.5346168085894113
תפ_46700-07-22,drugs,Hybrid-Full,11,30.0,60.0,22.468788249694,46.76376988984089,9.45192271314184,16.632140546951668,74.27272727272727,7.531211750305999,13.236230110159113,26.084063260093508,0.446662100903369
תפ_75514-07-24,drugs,Hybrid-Full,24,56.0,88.0,39.20047449584817,69.80901542111506,16.11913114559494,20.935375099471123,70.25,16.79952550415183,18.190984578884937,37.054506245066065,0.2829743789197336
תפ_39990-12-18,weapon,Hybrid-Full,9,6.0,18.0,37.43216080402009,69.78894472361809,25.364503241564936,27.639656605753093,66.33333333333333,31.432160804020093,51.78894472361809,53.00415984731803,0.0
תפ_51145-02-15,weapon,Hybrid-Full,13,36.0,72.0,37.18257261410788,113.46784232365144,10.216589363620917,173.9050955220137,74.15384615384616,1.1825726141078832,41.46784232365144,184.12168488563464,0.44944361868798466
תפ_17268-12-15,drugs,Hybrid-Full,32,0.0,12.0,1.445600346770698,13.295622019939316,2.8707509361663544,4.794202227691277,72.09375,1.445600346770698,1.2956220199393158,7.664953163857631,0.7938251882763342
תפ_52725-01-21,drugs,Hybrid-Full,28,6.0,12.0,5.032418952618452,18.119700748129674,4.6875595234316,7.959079015533783,71.60714285714286,0.9675810473815476,6.119700748129674,12.646638538965384,0.45846036585365857
תפ_65630-05-23,weapon,Hybrid-Full,4,42.0,78.0,18.436363636363637,36.76363636363636,7.399324293474371,7.794228634059948,68.75,23.563636363636363,41.23636363636364,15.19355292753432,0.0
תפ_14449-06-13,drugs,Hybrid-Full,4,6.0,12.0,6.958333333333333,16.916666666666664,1.0,1.7320508075688772,60.0,0.958333333333333,4.916666666666664,2.732050807568877,0.4618320610687024
תפ_46386-01-14,drugs,Hybrid-Full,12,12.0,24.0,11.096385542168676,26.816599732262382,5.024246764994287,9.603240193925288,62.25,0.9036144578313241,2.8165997322623824,14.627486958919576,0.7633483777569616
תפ_34579-05-20,weapon,Hybrid-Full,7,14.0,36.0,19.981519507186857,46.492813141683776,8.630747123996123,13.173876438169717,69.57142857142857,5.9815195071868565,10.492813141683776,21.80462356216584,0.49298533872598593
תפ_44601-05-14,drugs,Hybrid-Full,3,0.0,6.0,2.1818181818181817,11.068181818181817,3.7712361663282534,4.4969125210773475,73.33333333333333,2.1818181818181817,5.068181818181817,8.268148687405601,0.3449691991786448
תפ_35979-08-19,weapon,Hybrid-Full,6,12.0,36.0,26.884422110552762,55.43718592964823,15.423647068345698,24.2944895443848,66.33333333333333,14.884422110552762,19.43718592964823,39.7181366127305,0.20985654789449337
תפ_48512-04-15,drugs,Hybrid-Full,23,0.0,12.0,3.322465915826911,14.976882039122698,4.172554126612201,5.457171276081036,73.34782608695652,3.322465915826911,2.9768820391226978,9.629725402693236,0.5793952347027629
תפ_70546-07-17,drugs,Hybrid-Full,6,6.0,20.0,3.6339522546419096,15.236074270557026,3.901566636906542,4.853406592853679,62.833333333333336,2.3660477453580904,4.763925729442974,8.754973229760221,0.5643435980551051
תפ_2200-02-18,drugs,Hybrid-Full,34,6.0,24.0,5.360201511335013,18.28967254408061,3.364788152017668,5.979202710387323,70.05882352941177,0.6397984886649866,5.710327455919391,9.343990862404992,0.6593243243243246
תפ_40484-05-16,drugs,Hybrid-Full,37,6.0,24.0,3.867307692307691,15.834615384615384,4.127443827516743,7.372386439379129,70.27027027027027,2.132692307692309,8.165384615384616,11.499830266895872,0.4884898271086063
תפ_60792-07-18,weapon,Hybrid-Full,11,26.0,52.0,21.933333333333334,48.85866666666666,8.911873405929068,13.13628499504614,68.18181818181819,4.066666666666666,3.1413333333333426,22.048158400975208,0.7602660753880263
תפ_54676-12-22,drugs,Hybrid-Full,6,0.0,6.0,11.961038961038962,28.402597402597404,7.492588930996341,10.930334954713063,64.16666666666667,11.961038961038962,22.402597402597404,18.4229238857094,0.0
תפ_58617-01-20,drugs,Hybrid-Full,9,6.0,18.0,10.151724137931033,22.096551724137928,4.6772367066331535,7.483314773547883,80.55555555555556,4.1517241379310335,4.096551724137928,12.160551480181036,0.48757497857754944
תפ_28360-02-13,weapon,Hybrid-Full,5,6.0,24.0,14.867647058823529,33.294117647058826,7.2,12.039933554633928,68.0,8.867647058823529,9.294117647058826,19.23993355463393,0.3345905172413793
תפ_41216-03-22,weapon,Hybrid-Full,6,14.0,24.0,14.516853932584267,34.04494382022472,2.753785273643051,2.8284271247461903,74.16666666666667,0.5168539325842669,10.044943820224717,5.582212398389242,0.47309417040358764
תפ_1175-08-21,drugs,Hybrid-Full,28,10.0,24.0,2.8820375335120647,14.513672922252011,3.4572830550085105,4.022259492943167,66.60714285714286,7.117962466487935,9.486327077747989,7.479542547951677,0.21373619398248067
תפ_12699-05-15,drugs,Hybrid-Full,3,12.0,36.0,7.7368421052631575,22.105263157894736,2.0548046676563256,2.8284271247461903,63.333333333333336,4.2631578947368425,13.894736842105264,4.8832317924025155,0.35754189944134074
תפ_51778-06-24,drugs,Hybrid-Full,12,24.0,36.0,26.883561643835613,50.013698630136986,29.30396256860533,41.48995862454754,60.833333333333336,2.8835616438356126,14.013698630136986,70.79392119315287,0.3504476040021065
תפ_52455-07-12,weapon,Hybrid-Full,27,8.0,16.0,10.84533333333333,26.290666666666667,4.7741875686880055,10.321977033327638,69.44444444444444,2.845333333333331,10.290666666666667,15.096164602015644,0.2818195072167956
תפ_5072-11-21,drugs,Hybrid-Full,12,6.0,18.0,11.23424494649227,25.291319857312725,5.402545696243577,10.735131836896812,70.08333333333333,5.23424494649227,7.291319857312725,16.13767753314039,0.35071499013806706
תפ_54272-11-23,drugs,Hybrid-Full,9,18.0,36.0,11.321646341463415,26.230182926829265,5.206833117271103,10.6156185888855,72.88888888888889,6.678353658536585,9.769817073170735,15.822451706156603,0.3334980542343565
תפ_55366-02-17,drugs,Hybrid-Full,29,20.0,50.0,35.37691926696384,63.38979692917286,15.47619091174382,21.780004793366064,69.62068965517241,15.376919266963839,13.38979692917286,37.25619570510989,0.33701657458563544
תפ_67029-11-18,drugs,Hybrid-Full,110,6.0,15.0,10.822980920958253,25.254913211877774,8.553985103858015,13.40569756755415,63.372727272727275,4.822980920958253,10.254913211877774,21.959682671412164,0.21693263600196702
תפ_22978-11-21,drugs,Hybrid-Full,33,9.0,20.0,7.43101893597836,18.8868349864743,3.0053518225981666,4.594882768733301,67.21212121212122,1.5689810640216404,1.1131650135256983,7.600234591331468,0.7866059258196428
תפ_3537-01-23,weapon,Hybrid-Full,14,16.0,30.0,21.02833158447009,39.103882476390346,10.182016960688834,13.12498785227815,68.07142857142857,5.0283315844700915,9.103882476390346,23.307004812966984,0.3883186483785995
תפ_63073-07-22,drugs,Hybrid-Full,7,0.0,8.0,2.744471744471745,11.832923832923834,2.4327694808466287,3.1036515689143473,58.142857142857146,2.744471744471745,3.832923832923834,5.5364210497609765,0.4441445182724251
תפ_9145-10-19,drugs,Hybrid-Full,15,0.0,10.0,5.369953051643192,18.8056338028169,5.67097875150313,8.685620300243386,71.0,5.369953051643192,8.8056338028169,14.356599051746516,0.24620531256241268
תפ_30913-02-21,drugs,Hybrid-Full,12,14.0,30.0,5.291666666666667,18.993055555555554,3.9122315314351677,5.49936865063214,60.0,8.708333333333332,11.006944444444446,9.411600182067307,0.2020798201236649
תפ_25269-01-20,drugs,Hybrid-Full,11,3.0,12.0,2.0418410041841,13.829846582984656,2.778310325442932,6.079364908109269,65.18181818181819,0.9581589958159,1.829846582984656,8.8576752335522,0.7634879318504497
תפ_3618-03-23,drugs,Hybrid-Full,51,9.0,24.0,19.16672051696284,42.42552504038771,11.706522792609553,19.834862259698383,60.68627450980392,10.16672051696284,18.42552504038771,31.541385052307938,0.1445984611220664
תפ_35907-11-14,drugs,Hybrid-Full,3,8.0,20.0,3.1707317073170733,17.53658536585366,4.714045207910316,2.0548046676563256,68.33333333333333,4.829268292682927,2.463414634146339,6.768849875566642,0.5666666666666669
תפ_62866-06-20,drugs,Hybrid-Full,26,14.0,30.0,8.037493005036374,20.647453833240068,5.669914372729348,8.987911013060723,68.73076923076923,5.962506994963626,9.352546166759932,14.65782538579007,0.30267281575661836
תפ_6961-02-22,weapon,Hybrid-Full,45,48.0,96.0,47.27682926829268,76.35731707317072,19.22708994243073,29.834771328885925,72.88888888888889,0.7231707317073202,19.64268292682928,49.06186127131666,0.5820088604109827
תפ_47067-01-16,drugs,Hybrid-Full,8,0.0,12.0,1.6909090909090911,11.47272727272727,3.191786333700926,2.958039891549808,68.75,1.6909090909090911,0.5272727272727291,6.1498262252507345,0.815151515151515
תפ_3001-08-12,drugs,Hybrid-Full,56,10.0,30.0,9.926952748312438,25.38428158148505,8.239402593758895,12.07701424024927,74.07142857142857,0.07304725168756221,4.615718418514948,20.316416834008166,0.7664148541368914
תפ_35105-06-12,weapon,Hybrid-Full,5,15.0,30.0,16.718918918918916,37.086486486486486,6.99714227381436,18.74459922217597,74.0,1.7189189189189165,7.086486486486486,25.741741495990333,0.6013215859030838
תפ_41851-06-12,weapon,Hybrid-Full,4,12.0,40.0,24.012779552715653,53.648562300319476,14.722431864335457,25.11473670974872,78.25,12.012779552715653,13.648562300319476,39.837168574084174,0.3838600797790735
תפ_51354-02-17,drugs,Hybrid-Full,20,15.0,36.0,11.426108374384233,26.52216748768472,8.935323161475472,13.627545633752248,60.9,3.573891625615767,9.477832512315281,22.562868795227722,0.4688784203668433
תפ_1352-08-22,drugs,Hybrid-Full,33,54.0,96.0,46.06678782371649,79.50795093139482,15.079221468968244,19.653051270538736,66.6969696969697,7.9332121762835115,16.492049068605183,34.73227273950698,0.5108413783063246
תפ_2108-08-21,weapon,Hybrid-Full,27,54.0,96.0,44.26712328767124,72.59378292939938,36.4604000002137,45.382598503320416,70.29629629629629,9.73287671232876,23.40621707060062,81.84299850353412,0.35941907953029395
תפ_69261-01-23,weapon,Hybrid-Full,10,48.0,60.0,32.72536136662286,61.46911957950066,14.369759914487089,21.743964679883014,76.1,15.274638633377137,1.4691195795006635,36.113724594370105,0.41748194203163563
תפ_32879-04-19,drugs,Hybrid-Full,6,13.0,30.0,7.951530612244897,20.096938775510207,3.531603350069515,5.033222956847166,65.33333333333333,5.048469387755103,9.903061224489793,8.564826306916682,0.32187897720698844
תפ_41855-07-16,weapon,Hybrid-Full,8,20.0,48.0,18.608856088560884,41.69003690036901,5.379358697837503,11.434596626029272,67.75,1.3911439114391158,6.309963099630991,16.813955323866775,0.7379786566227245
תפ_12466-10-21,weapon,Hybrid-Full,11,22.0,45.0,24.480263157894736,45.55263157894736,4.006193552096492,5.661235446160096,69.0909090909091,2.4802631578947363,0.5526315789473628,9.667428998256588,0.8712290502793298
תפ_56677-02-23,weapon,Hybrid-Full,14,28.0,42.0,28.51654215581644,47.48452508004269,7.862660400362499,8.780776777502464,66.92857142857143,0.5165421558164383,5.484525080042687,16.64343717786496,0.6920085446677986
תפ_31661-09-17,weapon,Hybrid-Full,4,6.0,30.0,33.20610687022901,63.137404580152676,18.0,26.622359023948274,65.5,27.206106870229007,33.137404580152676,44.62235902394828,0.0
תפ_50082-03-16,drugs,Hybrid-Full,11,18.0,48.0,17.27430093209055,37.928095872170445,7.963760895663919,15.917140820537664,68.27272727272727,0.7256990679094493,10.071904127829555,23.880901716201585,0.6485807150595886
תפ_30310-09-19,drugs,Hybrid-Full,6,24.0,48.0,16.132653061224488,38.51020408163265,6.79256129077161,12.671051872498806,81.66666666666667,7.867346938775512,9.48979591836735,19.463613163270416,0.4553314121037463
תפ_58770-07-22,weapon,Hybrid-Full,22,36.0,60.0,31.476067270375154,62.77878395860284,22.69238230940139,34.3135758498485,70.27272727272727,4.523932729624846,2.778783958602837,57.005958159249886,0.7667066165227094
תפ_44694-10-18,drugs,Hybrid-Full,8,8.0,18.0,22.700000000000003,43.43157894736842,14.212120707339915,20.73644135332772,71.25,14.700000000000003,25.431578947368422,34.94856206066763,0.0
תפ_22426-12-15,drugs,Hybrid-Full,8,6.0,12.0,5.990384615384615,19.403846153846153,4.106016926414211,6.740734381356382,65.0,0.009615384615385025,7.403846153846153,10.846751307770592,0.44731182795698926
תפ_62059-03-14,drugs,Hybrid-Full,13,12.0,48.0,14.46091015169195,32.49008168028004,10.737866415071897,13.691443360791993,65.92307692307692,2.46091015169195,15.509918319719958,24.429309775863892,0.5008103202385582
תפ_44449-10-19,drugs,Hybrid-Full,3,12.0,24.0,13.365384615384615,28.03846153846154,2.357022603955158,2.8284271247461903,86.66666666666667,1.365384615384615,4.03846153846154,5.185449728701348,0.6630695443645084
תפ_3622-10-13,weapon,Hybrid-Full,5,8.0,24.0,15.24,37.113846153846154,10.917875251164945,17.6,65.0,7.24,13.113846153846154,28.517875251164945,0.3008877615726062
תפ_27864-06-19,drugs,Hybrid-Full,8,12.0,30.0,15.735751295336787,32.40414507772021,9.518895681747962,14.997916521970643,72.375,3.7357512953367866,2.4041450777202087,24.516812203718604,0.6990858303707466
תפ_33947-10-15,drugs,Hybrid-Full,31,0.0,8.0,2.5224719101123596,15.575626620570446,4.005978882297188,6.532078850588207,74.64516129032258,2.5224719101123596,7.575626620570446,10.538057732885395,0.35167304811053757
תפ_54373-08-16,drugs,Hybrid-Full,5,18.0,36.0,16.57894736842105,38.36842105263158,4.48998886412873,4.8,76.0,1.4210526315789487,2.3684210526315823,9.28998886412873,0.8260869565217389
תפ_63360-04-21,weapon,Hybrid-Full,17,18.0,45.0,22.33889376646181,44.39332748024583,7.754449554241316,9.585889283545965,67.0,4.338893766461808,0.60667251975417,17.340338837787282,0.8168308782882971
תפ_4676-01-20,weapon,Hybrid-Full,7,24.0,48.0,44.709055876685944,60.00770712909442,31.376580373239648,35.74056176254146,74.14285714285714,20.709055876685944,12.00770712909442,67.11714213578111,0.09139554794520519
תפ_29550-06-13,drugs,Hybrid-Full,22,9.0,28.0,4.674763832658569,16.86707152496626,4.675635812157945,5.845815060281009,67.36363636363636,4.325236167341431,11.13292847503374,10.521450872438955,0.33727725063642666
תפ_9696-09-13,drugs,Hybrid-Full,11,5.0,12.0,7.029411764705883,18.500000000000004,4.614028196527098,6.515081042606879,61.81818181818182,2.029411764705883,6.5000000000000036,11.129109239133978,0.36819172113289744
תפ_42291-02-16,weapon,Hybrid-Full,4,12.0,36.0,23.25,42.61538461538462,6.832825184358224,12.99038105676658,65.0,11.25,6.61538461538462,19.823206241124804,0.41645728643216073
תפ_64660-01-22,drugs,Hybrid-Full,24,33.0,60.0,10.4,24.980645161290326,4.606758320361751,7.15005341860387,64.58333333333333,22.6,35.019354838709674,11.75681173896562,0.0
תפ_33382-01-16,drugs,Hybrid-Full,37,9.0,24.0,6.539644565960356,20.18010936431989,4.492994303203536,7.431793584337803,79.08108108108108,2.460355434039644,3.8198906356801103,11.924787887541338,0.6403139619096087
תפ_13718-09-16,drugs,Hybrid-Full,31,48.0,84.0,47.5491426181514,82.25470514429108,11.807861717307992,15.545709848476786,77.12903225806451,0.4508573818485999,1.74529485570892,27.353571565784776,0.9397503270073659
תפ_17959-03-18,drugs,Hybrid-Full,4,0.0,12.0,3.4600760456273765,11.954372623574146,4.092676385936225,3.7416573867739413,65.75,3.4600760456273765,0.04562737642585368,7.834333772710167,0.7078580481622309
תפ_26647-05-17,drugs,Hybrid-Full,8,8.0,18.0,8.360000000000001,21.3,3.082207001484488,8.968695557326049,62.5,0.3600000000000012,3.3000000000000007,12.050902558810536,0.7248120300751878
תפ_13223-02-22,drugs,Hybrid-Full,6,15.0,30.0,19.03703703703704,40.00000000000001,6.394442031083626,6.733003292241386,67.5,4.037037037037042,10.000000000000007,13.127445323325013,0.4385185185185182
תפ_19469-07-22,drugs,Hybrid-Full,3,24.0,50.0,27.31707317073171,52.6829268292683,6.79869268479038,17.15290710702481,68.33333333333333,3.3170731707317103,2.682926829268297,23.95159979181519,0.7908163265306121
תפח_22343-07-11,weapon,Hybrid-Full,3,72.0,144.0,136.0909090909091,196.9090909090909,35.32704346531139,42.708313008125245,73.33333333333333,64.0909090909091,52.90909090909091,78.03535647343664,0.0633187772925764
תפ_41886-08-15,weapon,Hybrid-Full,13,12.0,36.0,24.098712446351932,50.869098712446345,9.493691458794776,15.958526129095311,71.6923076923077,12.098712446351932,14.869098712446345,25.45221758789009,0.30618892508143325
תפ_51207-09-12,weapon,Hybrid-Full,3,6.0,12.0,21.263157894736842,43.842105263157904,6.79869268479038,5.887840577551898,63.333333333333336,15.263157894736842,31.842105263157904,12.686533262342277,0.0
תפ_3491-09-16,drugs,Hybrid-Full,7,2.0,10.0,4.608988764044942,17.528089887640444,3.3745748031479192,7.472398188926869,63.57142857142857,2.608988764044942,7.528089887640444,10.846972992074788,0.34717800289435624
תפ_17153-07-18,drugs,Hybrid-Full,3,6.0,18.0,6.51219512195122,19.31707317073171,6.164414002968976,7.483314773547883,68.33333333333333,0.51219512195122,1.3170731707317103,13.647728776516859,0.8626373626373625
תפ_45759-12-17,drugs,Hybrid-Full,4,5.0,10.0,5.782608695652175,20.82608695652174,5.545268253204709,6.06217782649107,57.5,0.7826086956521747,10.826086956521738,11.60744607969578,0.2664835164835164
תפ_30580-02-21,drugs,Hybrid-Full,15,120.0,180.0,30.68333333333333,57.48888888888889,16.557777628655362,25.575682895194717,60.0,89.31666666666666,122.51111111111112,42.133460523850076,0.0
תפ_46978-01-22,drugs,Hybrid-Full,25,54.0,78.0,41.42435827416712,73.18186783178591,22.611006169562643,30.519134981188444,73.24,12.575641725832881,4.818132168214092,53.130141150751086,0.5244437807973719
תפ_44962-08-23,weapon,Hybrid-Full,4,12.0,36.0,15.75,37.50000000000001,5.11737237261468,6.5383484153110105,65.0,3.75,1.500000000000007,11.655720787925691,0.7941176470588233
תפ_14824-12-13,weapon,Hybrid-Full,3,10.0,30.0,9.351145038167939,28.053435114503817,0.9428090415820634,2.8284271247461903,87.33333333333333,0.6488549618320612,1.9465648854961835,3.7712361663282534,0.8743068391866913
תפ_21748-05-16,weapon,Hybrid-Full,6,10.0,30.0,10.270833333333334,28.000000000000004,3.5433819375782165,4.47213595499958,80.0,0.2708333333333339,1.9999999999999964,8.015517892577796,0.8864583333333336
תפ_37176-11-17,drugs,Hybrid-Full,12,54.0,78.0,41.109756097560975,70.59756097560975,13.174048563579671,17.691020949120553,68.33333333333333,12.890243902439025,7.402439024390247,30.865069512700224,0.44991735537190075
תפ_55287-02-17,drugs,Hybrid-Full,19,30.0,60.0,39.30869267624914,68.58726899383983,16.58621394637101,22.23321365600763,76.89473684210526,9.308692676249137,8.587268993839828,38.81942760237864,0.5362210869873708
תפ_18449-04-23,weapon,Hybrid-Full,23,15.0,30.0,11.655405405405407,28.560810810810818,2.8550356798925227,7.008501453777351,64.34782608695652,3.344594594594593,1.4391891891891824,9.863537133669873,0.739226519337017
תפ_7832-07-20,drugs,Hybrid-Full,6,18.0,36.0,13.2472647702407,32.879649890590805,6.4031242374328485,14.940623220676645,76.16666666666667,4.752735229759301,3.1203501094091948,21.343747458109494,0.653971917676476
תפ_21127-08-21,drugs,Hybrid-Full,9,36.0,60.0,15.737918215613385,35.998141263940525,6.879922480183431,11.89252280911969,59.77777777777778,20.262081784386616,24.001858736059475,18.77244528930312,0.0
תפ_17410-08-13,drugs,Hybrid-Full,20,9.0,18.0,14.719370860927148,33.02814569536423,10.485585343699224,14.603424255975037,60.4,5.719370860927148,15.02814569536423,25.089009599674263,0.13653276372907072
תפ_29090-08-15,drugs,Hybrid-Full,5,2.0,14.0,0.0,11.414893617021278,0.0,2.33238075793812,56.4,2.0,2.585106382978722,2.33238075793812,0.6724924012158056
תפ_44812-06-13,weapon,Hybrid-Full,3,15.0,40.0,16.722772277227726,33.44554455445545,5.0990195135927845,10.198039027185569,67.33333333333333,1.722772277227726,6.554455445544548,15.297058540778353,0.6689108910891091
תפ_44877-06-13,drugs,Hybrid-Full,82,24.0,44.0,19.731126596980257,40.60162601626016,13.473374718082798,21.9607161029623,63.0,4.268873403019743,3.3983739837398375,35.4340908210451,0.6840707329329282
תפ_4413-05-13,drugs,Hybrid-Full,11,6.0,18.0,5.684499314128944,17.91083676268862,5.04197259049529,8.113859176976247,66.27272727272727,0.31550068587105606,0.08916323731137865,13.155831767471536,0.9671419024281583
תפ_33552-09-16,weapon,Hybrid-Full,10,18.0,42.0,14.395683453237414,32.0863309352518,4.069397989875161,8.829496021857647,69.5,3.604316546762586,9.913669064748198,12.898894011732807,0.5102945009121711
תפ_56668-06-17,drugs,Hybrid-Full,20,0.0,6.0,1.432142857142857,11.810714285714283,3.4420197558991434,5.08822169328342,70.0,1.432142857142857,5.810714285714283,8.530241449182563,0.3867553674024797
תפ_47870-03-22,weapon,Hybrid-Full,6,18.0,36.0,16.22826086956522,34.15217391304348,3.0413812651491097,6.073622386096199,76.66666666666667,1.7717391304347814,1.8478260869565233,9.115003651245308,0.816932380428807
תפ_29005-11-20,drugs,Hybrid-Full,13,40.0,60.0,39.00759493670887,71.03037974683545,13.164413209403943,23.374744880422803,60.76923076923077,0.9924050632911303,11.03037974683545,36.53915808982674,0.6245553008142937
תפ_44279-06-21,drugs,Hybrid-Full,102,8.0,20.0,7.418341307814995,20.163795853269544,4.541195096307768,7.439832992466044,61.470588235294116,0.5816586921850053,0.16379585326954427,11.981028088773812,0.9415121255349498
תפ_44658-09-22,drugs,Hybrid-Full,13,11.0,24.0,7.946902654867257,19.929203539823014,2.5558842655132534,3.697112258676282,60.84615384615385,3.053097345132743,4.070796460176986,6.252996524189536,0.5562293274531426
תפ_26963-10-18,drugs,Hybrid-Full,3,15.0,30.0,17.70646766169154,34.73631840796019,6.018490028422596,9.568466729604882,67.0,2.7064676616915406,4.736318407960191,15.586956758027478,0.6228888328711877
תפ_47627-07-15,drugs,Hybrid-Full,56,24.0,48.0,18.121816168327797,38.307862679955704,7.649675696740753,11.449701448741191,80.625,5.878183831672203,9.692137320044296,19.099377145481945,0.47887323943661975
תפ_37958-02-19,drugs,Hybrid-Full,6,24.0,40.0,49.79310344827586,83.93103448275863,14.255603186895398,11.585431464655178,72.5,25.793103448275858,43.93103448275863,25.841034651550576,0.0
תפ_3884-10-23,weapon,Hybrid-Full,14,24.0,48.0,15.796208530805687,36.274881516587676,5.051267773782041,10.098494533183384,75.35714285714286,8.203791469194313,11.725118483412324,15.149762306965425,0.3811626195732155
תפ_57089-02-19,drugs,Hybrid-Full,24,6.0,24.0,2.797872340425532,13.737402015677493,5.296749527356901,3.739568825412898,74.41666666666667,3.202127659574468,10.262597984322507,9.036318352769799,0.3649351678242269
תפ_54068-08-20,drugs,Hybrid-Full,6,4.0,12.0,1.3461538461538463,13.35897435897436,2.29128784747792,4.887626099538393,65.0,2.6538461538461537,1.3589743589743595,7.178913947016312,0.6659551760939167
תפ_57185-01-24,drugs,Hybrid-Full,6,6.0,20.0,5.011764705882352,15.63529411764706,2.943920288775949,3.8188130791298667,70.83333333333333,0.988235294117648,4.36470588235294,6.762733367905815,0.6428571428571429
תפ_15091-06-21,drugs,Hybrid-Full,49,6.0,12.0,2.405651491365777,14.14348508634223,4.0813265191317925,6.199985221193978,65.0,3.594348508634223,2.1434850863422295,10.28131174032577,0.5111675805804466
תפ_69797-03-23,weapon,Hybrid-Full,20,28.0,48.0,42.96470588235294,74.15294117647056,15.665567337316578,21.38989247284801,76.5,14.964705882352938,26.152941176470563,37.05545981016459,0.10910017843487141
תפ_49055-02-18,drugs,Hybrid-Full,18,8.0,18.0,4.543498596819457,16.433115060804486,4.693375946776241,6.601767440112786,59.388888888888886,3.4565014031805434,1.5668849391955142,11.295143386889027,0.6266944734098016
תפ_33745-01-13,drugs,Hybrid-Full,24,42.0,72.0,49.81865284974092,84.51295336787562,12.214233500306108,16.17675801883678,80.41666666666667,7.818652849740921,12.512953367875625,28.390991519142887,0.5217550274223041
תפ_17781-08-14,drugs,Hybrid-Full,4,24.0,60.0,20.751054852320678,48.35443037974683,6.06217782649107,13.96424004376894,59.25,3.248945147679322,11.64556962025317,20.026417870260012,0.6205117179101267
תפ_59017-02-21,drugs,Hybrid-Full,7,3.0,9.0,1.5604395604395602,13.94505494505494,2.3211538298959886,4.271404682207444,65.0,1.4395604395604398,4.94505494505494,6.592558512103432,0.4844720496894412
תפ_56694-07-20,drugs,Hybrid-Full,8,6.0,20.0,7.86796536796537,19.982683982683984,6.103277807866851,10.17886904326802,57.75,1.86796536796537,0.017316017316016286,16.28214685113487,0.8653370439084724
תפ_7871-06-14,drugs,Hybrid-Full,7,8.0,18.0,10.23157894736842,23.789473684210527,3.77424137532083,7.979565739296538,67.85714285714286,2.231578947368421,5.789473684210527,11.753807114617368,0.492
תפ_27542-11-14,drugs,Hybrid-Full,18,3.0,12.0,10.079173838209982,28.524956970740103,8.961681114336848,18.504920933779538,64.55555555555556,7.079173838209982,16.524956970740103,27.466602048116386,0.07525286581254216
תפ_24514-09-15,drugs,Hybrid-Full,30,18.0,36.0,19.790090570058606,41.36014917421417,9.556614928356634,14.922205675509975,62.56666666666667,1.7900905700586058,5.360149174214172,24.47882060386661,0.6939129244874221
תפ_14786-03-20,drugs,Hybrid-Full,18,8.0,14.0,9.978835978835978,21.740740740740737,4.714045207910317,6.039223643997813,63.0,1.9788359788359777,7.740740740740737,10.75326885190813,0.29264536003080494
תפ_4001-11-12,drugs,Hybrid-Full,5,0.0,9.0,2.9666666666666663,11.5,2.4819347291981715,1.7435595774162693,60.0,2.9666666666666663,2.5,4.225494306614441,0.5246376811594203
תפ_6660-07-15,drugs,Hybrid-Full,14,4.0,14.0,7.855769230769229,22.427884615384613,4.67788980858084,7.579847071851322,74.28571428571429,3.855769230769229,8.427884615384613,12.257736880432162,0.33342029741716683
תפ_65985-03-17,drugs,Hybrid-Full,7,8.0,18.0,7.07216494845361,16.329896907216497,2.9485382057928993,4.0,69.28571428571429,0.9278350515463902,1.6701030927835028,6.948538205792899,0.7622641509433965
תפ_44882-08-13,drugs,Hybrid-Full,19,14.0,30.0,27.679798826487843,50.48113998323554,17.673242212585365,25.82403698933598,62.78947368421053,13.679798826487843,20.481139983235543,43.497279201921344,0.06360001838150826
תפ_42333-07-15,drugs,Hybrid-Full,18,10.0,24.0,6.665424739195231,18.957526080476896,5.005244163455212,7.169034923083794,74.55555555555556,3.334575260804769,5.042473919523104,12.174279086539006,0.5167433263121693
תפ_5672-11-18,drugs,Hybrid-Full,25,9.0,24.0,7.028720626631853,18.540469973890335,5.770823164852653,6.227166289734039,76.6,1.971279373368147,5.459530026109665,11.997989454586692,0.5621538461538459
תפ_8917-06-22,drugs,Hybrid-Full,14,15.0,30.0,12.115745568300312,27.776850886339933,5.624291338579865,8.889629362582088,68.5,2.884254431699688,2.2231491136600674,14.513920701161954,0.714418984315783
תפ_57939-01-21,drugs,Hybrid-Full,15,6.0,18.0,6.870039682539681,20.820436507936503,4.777726097911711,6.291440393282147,67.2,0.870039682539681,2.8204365079365026,11.069166491193858,0.7509873485507735
תפ_5007-12,weapon,Hybrid-Full,5,30.0,60.0,27.249999999999996,53.25,15.460918472070151,31.2,81.6,2.7500000000000036,6.75,46.66091847207015,0.7099236641221374
תפ_64832-01-15,weapon,Hybrid-Full,4,36.0,84.0,24.413793103448274,71.27586206896551,12.0,20.068632240389476,72.5,11.586206896551726,12.724137931034491,32.068632240389476,0.5920138888888887
תפ_24053-04-20,drugs,Hybrid-Full,8,8.0,18.0,11.968749999999998,25.546875,5.043560250458004,8.422440263961509,80.0,3.9687499999999982,7.546875,13.466000514419513,0.3437221727515584
תפ_22140-04-18,drugs,Hybrid-Full,35,48.0,84.0,44.43290043290043,77.82467532467533,14.466118049724724,18.55242984250916,79.2,3.567099567099568,6.175324675324674,33.01854789223388,0.7537746170678337
תפ_59067-03-21,drugs,Hybrid-Full,21,10.0,27.0,9.6,24.736296296296292,6.159261963620962,9.415816288133605,64.28571428571429,0.40000000000000036,2.263703703703708,15.575078251754567,0.8469135802469134
תפ_69202-11-18,drugs,Hybrid-Full,8,12.0,24.0,19.84782608695652,45.20289855072463,5.010925563206861,5.379358697837503,86.25,7.84782608695652,21.202898550724633,10.390284261044364,0.12505456132693155
תפ_47753-11-14,drugs,Hybrid-Full,32,0.0,12.0,1.5154639175257731,13.762886597938145,2.8707509361663544,5.129571132170798,75.78125,1.5154639175257731,1.7628865979381452,8.000322068337152,0.7617977528089888
תפ_54338-03-21,weapon,Hybrid-Full,20,48.0,96.0,52.81349782293178,91.85486211901305,26.97202254188588,34.71527041519337,68.9,4.8134978229317795,4.145137880986951,61.68729295707925,0.8133617561683598
תפ_26521-02-14,weapon,Hybrid-Full,8,7.0,30.0,11.77858439201452,34.3448275862069,5.0990195135927845,11.199888392301059,68.875,4.778584392014521,4.344827586206897,16.29890790589384,0.6663569390057741
תפ_37871-05-19,weapon,Hybrid-Full,7,96.0,144.0,74.10526315789473,121.80116959064325,22.774851866719583,29.117636145365193,73.28571428571429,21.894736842105274,22.198830409356745,51.892488012084776,0.369143239625167
תפ_116-07-16,drugs,Hybrid-Full,12,9.0,20.0,7.806941431670282,20.273318872017356,5.033222956847166,8.210765291169068,76.83333333333333,1.1930585683297181,0.27331887201735583,13.243988248016233,0.8823734122150686
תפ_36797-07-23,drugs,Hybrid-Full,6,9.0,24.0,17.364406779661017,39.737288135593225,6.422616289332565,8.94427190999916,78.66666666666667,8.364406779661017,15.737288135593225,15.366888199331724,0.2158808933002481
תפ_26620-12-16,drugs,Hybrid-Full,55,30.0,60.0,38.519978254960584,69.81163359608588,15.907792154779665,22.257961710456154,66.89090909090909,8.519978254960584,9.811633596085883,38.16575386523582,0.5395413301289712
תפ_26762-06-14,drugs,Hybrid-Full,15,6.0,12.0,7.508751458576429,23.267211201866974,3.5752233807445126,2.796823595120404,57.13333333333333,1.5087514585764286,11.267211201866974,6.372046975864917,0.2601027165833222
תפ_9569-10-18,weapon,Hybrid-Full,3,18.0,30.0,17.0,36.0,1.4142135623730951,4.898979485566356,65.0,1.0,6.0,6.313193047939451,0.631578947368421
תפ_25137-02-20,drugs,Hybrid-Full,3,6.0,15.0,0.0,11.371428571428572,0.0,0.9428090415820634,58.333333333333336,6.0,3.628571428571428,0.9428090415820634,0.35809523809523813
תפ_52256-03-20,weapon,Hybrid-Full,29,10.0,24.0,13.029885057471269,30.036781609195412,4.775830947240812,8.295952625487212,75.0,3.029885057471269,6.036781609195412,13.071783572728023,0.5474988526847173
תפ_28315-05-23,drugs,Hybrid-Full,18,16.0,36.0,21.635464733025707,41.52010547132498,7.804912982645397,13.868429375143148,84.27777777777777,5.635464733025707,5.520105471324982,21.673342357788545,0.562871312703415
תפח_1010-09,weapon,Hybrid-Full,6,36.0,60.0,95.6326530612245,141.67346938775512,48.98979485566356,60.959002616512684,81.66666666666667,59.6326530612245,81.67346938775512,109.94879747217624,0.0
תפח_1103-06,weapon,Hybrid-Full,10,36.0,60.0,61.112548512289784,118.75808538163002,57.327480321395605,66.69452751163321,77.3,25.112548512289784,58.758085381630025,124.02200783302882,0.0
תפ_27506-03-21,drugs,Hybrid-Full,4,10.0,20.0,8.566037735849056,19.58490566037736,4.9749371855331,5.722761571129799,66.25,1.433962264150944,0.415094339622641,10.697698756662898,0.8382838283828383
תפ_68645-11-20,drugs,Hybrid-Full,39,20.0,36.0,22.558257345491388,42.70010131712259,15.01824443832249,21.251290713788947,75.92307692307692,2.5582573454913877,6.700101317122588,36.26953515211144,0.5921446105779962
תפ_11608-07-16,drugs,Hybrid-Full,30,24.0,42.0,34.71778290993071,62.59491916859121,18.163118919637366,25.365243061235496,72.16666666666667,10.717782909930712,20.59491916859121,43.52836198087286,0.18868330979678802
תפ_29520-01-21,drugs,Hybrid-Full,66,9.0,30.0,13.223175109692862,30.97327483047468,12.281749396064548,17.30555094944717,75.96969696969697,4.223175109692862,0.9732748304746792,29.587300345511718,0.7635104471109333
תפ_21806-01-19,drugs,Hybrid-Full,53,6.0,12.0,4.23095027949397,16.518093556928513,6.819965245680962,10.109334656910473,64.13207547169812,1.7690497205060298,4.5180935569285126,16.929299902591435,0.48831529546978253
תפ_30684-06-21,weapon,Hybrid-Full,12,60.0,108.0,43.91017964071856,75.79640718562872,27.99541133035119,37.89706453011895,69.58333333333333,16.08982035928144,32.20359281437128,65.89247586047014,0.2464729515089224
תפ_13365-08-13,drugs,Hybrid-Full,42,0.0,24.0,1.0614834092387768,12.309043591411843,2.454691468205654,3.717413213207865,73.19047619047619,1.0614834092387768,11.690956408588157,6.172104681413519,0.46864834092387775
תפ_27340-04-18,drugs,Hybrid-Full,5,8.0,18.0,7.826666666666668,16.96,0.9797958971132712,2.4,75.0,0.173333333333332,1.0399999999999991,3.3797958971132713,0.8807339449541286
תפ_29671-12-13,weapon,Hybrid-Full,6,10.0,36.0,18.95876288659794,43.886597938144334,5.385164807134504,8.0,64.66666666666667,8.958762886597938,7.886597938144334,13.385164807134505,0.5028901734104045
תפ_36909-07-20,weapon,Hybrid-Full,3,54.0,60.0,59.45454545454545,97.9090909090909,19.595917942265423,7.483314773547883,73.33333333333333,5.454545454545453,37.90909090909091,27.079232715813305,0.012422360248447235
תפ_36933-03-17,drugs,Hybrid-Full,3,30.0,60.0,21.645933014354068,40.82296650717704,10.498677165349081,5.2493385826745405,69.66666666666667,8.354066985645932,19.177033492822957,15.748015748023622,0.28218562874251524
תפ_24758-11-22,drugs,Hybrid-Full,9,29.0,53.0,20.797598627787306,41.9622641509434,8.793937305515279,12.684198393626966,64.77777777777777,8.202401372212694,11.037735849056602,21.478135699142243,0.40252476829658046
תפ_24257-09-22,drugs,Hybrid-Full,3,24.0,48.0,15.6,36.2,3.39934634239519,8.73053390247253,58.333333333333336,8.4,11.799999999999997,12.12988024486772,0.3765432098765433
תפ_54487-02-16,drugs,Hybrid-Full,86,8.0,20.0,9.1002538071066,23.999048223350258,7.712739070506233,12.646956593863763,73.30232558139535,1.1002538071066006,3.9990482233502576,20.359695664369994,0.6812746633881296
תפ_26087-05-16,weapon,Hybrid-Full,9,36.0,60.0,24.36767036450079,49.310618066561005,9.495938052987333,11.65978633097325,70.11111111111111,11.632329635499211,10.689381933438995,21.15572438396058,0.3735545276641164
תפ_11953-01-13,weapon,Hybrid-Full,8,8.0,24.0,8.145299145299147,21.675213675213676,2.0463381929681126,5.830951894845301,73.125,0.14529914529914656,2.3247863247863236,7.877290087813414,0.8456196581196581
תפ_28486-11-15,weapon,Hybrid-Full,12,8.0,20.0,9.120689655172415,25.080459770114945,2.074983266331455,6.080478782318233,72.5,1.1206896551724146,5.080459770114945,8.155462048649689,0.6369448183041722
תפ_11969-01-18,drugs,Hybrid-Full,10,26.0,48.0,34.96946564885496,64.27480916030534,9.372299611087985,15.049584711878266,65.5,8.969465648854957,16.274809160305338,24.42188432296625,0.34044674910251316
תפ_43941-10-14,drugs,Hybrid-Full,3,0.0,12.0,6.0,14.100000000000001,0.0,2.8284271247461903,66.66666666666667,6.0,2.1000000000000014,2.8284271247461903,0.42553191489361697
תפ_65070-08-21,weapon,Hybrid-Full,12,108.0,156.0,40.60233918128655,70.25730994152046,24.25028636715222,36.17664992781946,71.25,67.39766081871345,85.74269005847954,60.42693629497168,0.0
תפ_8290-04-15,weapon,Hybrid-Full,5,7.0,16.0,23.32738095238095,42.238095238095234,6.013318551349164,8.763560920082657,67.2,16.32738095238095,26.238095238095234,14.77687947143182,0.0
תפ_40055-03-18,drugs,Hybrid-Full,79,15.0,30.0,12.676998368678628,28.768556280587276,9.575913810202794,14.947925417360345,62.075949367088604,2.3230016313213717,1.2314437194127237,24.523839227563137,0.7948135417647613
תפ_18327-03-24,drugs,Hybrid-Full,4,0.0,15.0,3.5957446808510647,13.723404255319151,2.5,3.491060010942235,58.75,3.5957446808510647,1.276595744680849,5.991060010942235,0.6751773049645391
תפ_26596-01-24,drugs,Hybrid-Full,9,20.0,50.0,11.258620689655174,24.663009404388713,4.848316495393651,7.460182369597564,70.88888888888889,8.741379310344826,25.336990595611287,12.308498864991215,0.1203625035400736
תפ_64772-05-22,drugs,Hybrid-Full,9,10.0,20.0,11.974637681159418,27.047101449275356,5.691665988829199,11.313708498984761,61.333333333333336,1.9746376811594182,7.047101449275356,17.00537448781396,0.47077577045696095
תפ_8858-10-19,drugs,Hybrid-Full,7,0.0,12.0,1.9677419354838712,12.537634408602154,3.4817307448439827,3.522522287410844,66.42857142857143,1.9677419354838712,0.5376344086021536,7.004253032254827,0.8001715265866206
תפ_1064-10-21,drugs,Hybrid-Full,6,8.0,18.0,23.28804347826087,42.836956521739125,8.782874750836932,12.522202504174558,61.333333333333336,15.288043478260871,24.836956521739125,21.30507725501149,0.0
תפ_30558-12-21,drugs,Hybrid-Full,8,9.0,20.0,7.490706319702601,17.999999999999996,1.224744871391589,4.242640687119285,67.25,1.5092936802973993,2.0000000000000036,5.467385558510873,0.7194650817236251
תפ_22160-02-14,drugs,Hybrid-Full,13,6.0,18.0,8.231194690265484,19.83075221238938,5.812657073019249,8.462936947369272,69.53846153846153,2.2311946902654842,1.8307522123893811,14.275594020388521,0.7063104854834841
תפ_53169-10-13,weapon,Hybrid-Full,3,6.0,30.0,11.149999999999999,31.95,5.2493385826745405,6.599663291074443,66.66666666666667,5.149999999999999,1.9499999999999993,11.849001873748984,0.7263969171483623
תפ_6434-08-19,drugs,Hybrid-Full,3,0.0,6.0,8.410256410256409,20.615384615384613,6.531972647421808,7.483314773547883,65.0,8.410256410256409,14.615384615384613,14.015287420969692,0.0
תפ_36704-02-22,weapon,Hybrid-Full,9,84.0,108.0,70.66068515497552,117.00652528548125,22.650865952432408,30.9914364914321,68.11111111111111,13.339314845024475,9.006525285481246,53.64230244386451,0.517845828933474
תפ_54179-09-14,drugs,Hybrid-Full,7,0.0,18.0,8.842956120092378,23.07390300230947,7.442295015789203,11.830434635864794,61.857142857142854,8.842956120092378,5.073903002309471,19.272729651653997,0.3968571714543089
תפ_7086-04-23,drugs,Hybrid-Full,23,14.0,24.0,9.690571049136782,23.642762284196547,5.887412479934176,9.4077955046381,65.47826086956522,4.309428950863218,0.3572377158034534,15.295207984572276,0.6738747099767979
תפ_30669-04-15,weapon,Hybrid-Full,5,12.0,20.0,16.246575342465754,37.06849315068494,1.9595917942265426,4.48998886412873,73.0,4.2465753424657535,17.068493150684937,6.449580658355273,0.1497267759562841
תפ_35904-07-14,drugs,Hybrid-Full,8,10.0,50.0,28.334565619223664,46.73197781885397,19.534824672875875,27.375856150995535,67.625,18.334565619223664,3.26802218114603,46.91068082387141,0.45993530499075763
תפ_34829-07-15,drugs,Hybrid-Full,36,8.0,14.0,9.86765772298767,25.187817258883246,14.46928953011076,19.385625322279456,76.61111111111111,1.8676577229876692,11.187817258883246,33.854914852390216,0.2404227491350943
תפ_3750-08-20,drugs,Hybrid-Full,56,36.0,60.0,24.886226252158895,48.46955958549222,10.54454835448157,13.86090477286562,82.71428571428571,11.113773747841105,11.53044041450778,24.40545312734719,0.3551187541116649
תפ_44427-10-18,drugs,Hybrid-Full,21,12.0,24.0,15.941719971570715,31.718550106609804,11.377863697237947,16.323820636769014,67.0,3.9417199715707145,7.718550106609804,27.701684334006963,0.4086649365628607
תפ_45095-05-15,weapon,Hybrid-Full,5,18.0,36.0,42.349999999999994,71.51666666666667,13.35065541462291,16.98940846527624,72.0,24.349999999999994,35.516666666666666,30.34006387989915,0.0
תפ_30013-04-21,drugs,Hybrid-Full,27,8.0,24.0,6.909469302809572,20.769510926118627,4.93274381974382,7.731609003162134,71.18518518518519,1.0905306971904283,3.2304890738813725,12.664352822905954,0.7471687773989284
תפ_19642-04-18,weapon,Hybrid-Full,4,20.0,48.0,23.47517730496454,47.37588652482269,10.136567466356647,12.99038105676658,70.5,3.4751773049645394,0.6241134751773103,23.126948523123225,0.8535967578520768
תפ_20652-08-24,drugs,Hybrid-Full,3,18.0,32.0,17.459459459459456,37.621621621621614,7.586537784494028,15.748015748023622,61.666666666666664,0.5405405405405439,5.621621621621614,23.33455353251765,0.6943699731903487
תפ_29504-09-13,drugs,Hybrid-Full,20,6.0,16.0,9.360987967067764,24.93856871437619,4.674130935264865,7.552483035399683,78.95,3.3609879670677643,8.938568714376188,12.226613970664548,0.35055510968432313
תפ_52882-04-15,drugs,Hybrid-Full,73,30.0,70.0,18.71196006077708,39.206207944432386,11.578819288169576,20.577631523617736,63.10958904109589,11.28803993922292,30.793792055567614,32.15645081178731,0.17950009310829343
תפ_41088-05-20,drugs,Hybrid-Full,24,6.0,20.0,6.6022850924918375,20.656147986942326,4.036078611171437,6.101001739241042,76.58333333333333,0.6022850924918375,0.6561479869423259,10.137080350412479,0.9141361645259488
תפ_28496-07-14,drugs,Hybrid-Full,23,0.0,12.0,4.097818437719915,18.05066854327938,4.06422912888758,5.745714273628448,61.78260869565217,4.097818437719915,6.050668543279379,9.809943402516028,0.4377777777777779
תפ_46903-02-13,drugs,Hybrid-Full,18,0.0,12.0,3.3973913043478268,16.74434782608696,3.3356473449506834,5.384018417593652,63.888888888888886,3.3973913043478268,4.744347826086958,8.719665762544336,0.5137619443290401
תפ_40076-02-19,weapon,Hybrid-Full,4,8.0,18.0,11.810344827586206,27.31034482758621,1.479019945774904,3.0,72.5,3.8103448275862064,9.31034482758621,4.479019945774904,0.32053571428571426
תפ_10814-01-20,drugs,Hybrid-Full,19,8.0,20.0,7.5121107266435985,21.581314878892737,2.8894688908022745,4.790919388515905,76.05263157894737,0.48788927335640153,1.5813148788927371,7.68038827931818,0.8529267092966057
תפ_716-05-22,drugs,Hybrid-Full,22,18.0,36.0,27.42119205298013,54.49006622516556,23.91030069528284,32.995366566777726,68.63636363636364,9.421192052980128,18.490066225165563,56.90566726206056,0.23509981851179684
תפ_24079-11-19,drugs,Hybrid-Full,22,10.0,22.0,16.386231884057967,32.80942028985506,8.524272587176918,13.449400121803338,62.72727272727273,6.386231884057967,10.809420289855062,21.973672708980256,0.24611621183721477
תפ_45550-02-13,weapon,Hybrid-Full,3,12.0,36.0,11.999999999999998,28.090909090909086,0.0,5.656854249492381,73.33333333333333,1.7763568394002505e-15,7.909090909090914,5.656854249492381,0.6704545454545453
תפ_53788-02-16,drugs,Hybrid-Full,36,0.0,8.0,1.9986990459670422,12.348222029488287,3.8468962958612636,5.013561854523768,64.05555555555556,1.9986990459670422,4.348222029488287,8.860458150385032,0.4860052677787535
תפ_51165-08-19,drugs,Hybrid-Full,15,12.0,26.0,13.865853658536583,27.60643015521064,8.98492564737677,12.800347217512847,60.13333333333333,1.865853658536583,1.6064301552106386,21.785272864889617,0.7775094125168719
תפ_10902-08-22,drugs,Hybrid-Full,23,12.0,27.0,5.897260273972602,18.883561643835613,5.266077192570352,7.244057599881227,63.47826086956522,6.102739726027398,8.116438356164387,12.510134792451579,0.3261927945472247
תפח_42980-08-18,weapon,Hybrid-Full,4,96.0,144.0,120.96774193548387,180.96774193548387,60.22457969965419,64.27285585688566,77.5,24.967741935483872,36.96774193548387,124.49743555653984,0.27107061503416857
תפח_63357-03-18,weapon,Hybrid-Full,10,48.0,96.0,115.03597122302156,175.25179856115102,68.47627326307996,87.49308544107929,69.5,67.03597122302156,79.25179856115102,155.96935870415925,0.0
תפ_31387-10-18,drugs,Hybrid-Full,6,8.0,18.0,24.95061728395062,45.50617283950618,14.496168076043023,18.31817555204545,67.5,16.95061728395062,27.506172839506178,32.81434362808847,0.0
תפ_52204-12-21,drugs,Hybrid-Full,3,10.0,20.0,7.948717948717948,20.615384615384613,5.2493385826745405,5.656854249492381,65.0,2.051282051282052,0.6153846153846132,10.906192832166921,0.7894736842105264
תפ_21800-08-23,drugs,Hybrid-Full,19,10.0,20.0,11.653662420382165,25.392515923566876,8.201411945191927,12.766168934025492,66.10526315789474,1.6536624203821653,5.392515923566876,20.96758087921742,0.542233486784255
תפ_49079-07-16,weapon,Hybrid-Full,5,15.0,28.0,51.80790960451977,92.54237288135593,30.55748680765485,41.24075654010241,70.8,36.80790960451977,64.54237288135593,71.79824334775726,0.0
תפ_6421-12-11,weapon,Hybrid-Full,11,42.0,120.0,42.40324594257177,71.63670411985018,22.234289652778124,30.600329496416474,72.81818181818181,0.4032459425717718,48.36329588014982,52.834619149194594,0.37478792534972316
תפ_9649-10-22,drugs,Hybrid-Full,12,15.0,34.0,12.61134163208852,27.70954356846473,7.6630426217151,11.498792207106893,60.25,2.3886583679114803,6.290456431535269,19.161834828821995,0.5942188308329022
תפ_1062-08-22,drugs,Hybrid-Full,14,12.0,24.0,10.710843373493974,22.771084337349397,5.776889213027357,9.74077271376478,59.285714285714285,1.289156626506026,1.2289156626506035,15.517661926792137,0.810516772438803
תפ_63255-11-16,drugs,Hybrid-Full,14,36.0,72.0,19.932919254658394,40.05465838509317,12.248490119360902,17.361110657596363,57.5,16.067080745341606,31.94534161490683,29.609600776957265,0.07787374147063039
תפ_39299-11-18,drugs,Hybrid-Full,54,36.0,60.0,20.66084337349397,42.75873493975903,11.206381681783164,18.182818356952275,61.48148148148148,15.339156626506028,17.24126506024097,29.38920003873544,0.17180680826301992
תפ_28473-08-23,drugs,Hybrid-Full,5,8.0,18.0,6.624999999999999,19.875,3.919183588453085,2.1908902300206643,64.0,1.3750000000000009,1.875,6.110073818473749,0.7547169811320755
תפ_4712-02-24,drugs,Hybrid-Full,3,8.0,20.0,9.487804878048781,23.80487804878049,3.858612300930075,7.118052168020874,68.33333333333333,1.487804878048781,3.804878048780491,10.976664468950949,0.6651234567901233
תפ_61659-01-20,drugs,Hybrid-Full,4,14.0,24.0,15.971428571428573,32.18571428571429,3.1622776601683795,8.842369591913696,87.5,1.9714285714285733,8.18571428571429,12.004647252082076,0.4414768263943439
תפ_13861-04-17,drugs,Hybrid-Full,4,24.0,48.0,13.929328621908127,31.180212014134277,4.9749371855331,10.428326807307105,70.75,10.070671378091873,16.819787985865723,15.403263992840206,0.2107446587844846
תפ_40239-09-17,drugs,Hybrid-Full,39,42.0,96.0,30.277188328912477,56.98496905393457,20.84175372239227,29.301152331301633,58.0,11.722811671087523,39.01503094606543,50.142906053693906,0.2280025560824673
תפ_18944-02-19,drugs,Hybrid-Full,11,30.0,48.0,9.54904831625183,25.418740849194727,7.898111501444898,12.420324585529855,62.09090909090909,20.450951683748173,22.581259150805273,20.318436086974753,0.0
תפ_16952-12-21,drugs,Hybrid-Full,24,4.0,12.0,0.935,13.59375,1.8911342863183696,4.08248290463863,66.66666666666667,3.065,1.59375,5.973617190957,0.6319739310753432
תפ_49374-04-14,drugs,Hybrid-Full,8,8.0,18.0,4.543636363636364,16.485454545454544,5.599944196150529,9.65336728815391,68.75,3.456363636363636,1.5145454545454555,15.25331148430444,0.6305904607485474
תפ_18285-08-16,drugs,Hybrid-Full,11,0.0,12.0,2.197860962566845,15.352941176470585,3.663534850838161,7.075741353560016,68.0,2.197860962566845,3.352941176470585,10.739276204398177,0.6384535005224662
תפ_16521-01-22,weapon,Hybrid-Full,29,26.0,48.0,21.649122807017548,40.842105263157904,8.978637614505,9.505239809114512,70.75862068965517,4.350877192982452,7.1578947368420955,18.48387742361951,0.5632490013315584
תפ_5795-07-14,weapon,Hybrid-Full,4,26.0,46.0,36.64583333333333,67.95833333333333,18.186533479473212,23.043437243605826,72.0,10.645833333333329,21.95833333333333,41.229970723079035,0.2229394240317777
תפח_2642-04-19,weapon,Hybrid-Full,3,156.0,228.0,100.86486486486486,138.8108108108108,55.154328932550705,67.96731240497564,61.666666666666664,55.135135135135144,89.1891891891892,123.12164133752634,0.0
תפ_55908-09-17,weapon,Hybrid-Full,12,48.0,84.0,70.83870967741936,119.72350230414747,19.665960439297137,18.33030277982336,72.33333333333333,22.83870967741936,35.72350230414747,37.99626321912049,0.1835003855050115
תפ_63404-02-24,drugs,Hybrid-Full,11,18.0,32.0,12.832891246684351,28.24005305039788,7.007669942037006,11.204338002873916,68.54545454545455,5.167108753315649,3.7599469496021207,18.212007944910923,0.5342513146969279
תפ_35684-04-18,weapon,Hybrid-Full,9,40.0,80.0,40.69164265129683,75.79538904899135,19.749042795994562,26.557182655870783,77.11111111111111,0.6916426512968314,4.204610951008647,46.306225451865345,0.877593659942363
תפ_25474-11-15,drugs,Hybrid-Full,12,8.0,20.0,3.9059720457433293,16.597204574332913,3.1622776601683795,6.853628398317363,65.58333333333333,4.094027954256671,3.4027954256670867,10.015906058485742,0.5341860097899892
תפ_22080-10-16,drugs,Hybrid-Full,28,30.0,60.0,41.895845190665916,73.3164484917473,13.698838026099374,18.5902034218377,62.75,11.895845190665916,13.316448491747295,32.28904144793707,0.4179510426110606
תפ_63955-03-17,drugs,Hybrid-Full,22,33.0,66.0,40.16641679160419,70.80959520239878,13.241323371479876,18.663007561474902,60.63636363636363,7.166416791604192,4.809595202398782,31.904330932954778,0.6832546889250174
תפ_39612-02-20,drugs,Hybrid-Full,23,20.0,40.0,16.61494252873563,36.51005747126437,10.990974128226059,19.07422572364398,60.52173913043478,3.3850574712643713,3.4899425287356323,30.06519985187004,0.7060088473826492
תפ_15627-03-19,weapon,Hybrid-Full,8,24.0,48.0,20.557223264540337,46.37335834896811,4.741769184597665,6.87386354243376,66.625,3.4427767354596632,1.626641651031889,11.615632727031425,0.8152731250427294
תפ_620-01-17,drugs,Hybrid-Full,26,54.0,90.0,49.40050377833753,83.83627204030228,11.747591972815677,14.865919484854528,76.34615384615384,4.59949622166247,6.163727959697724,26.613511457670207,0.7348926665839436
תפח_2811-02-14,weapon,Hybrid-Full,7,228.0,312.0,111.1730769230769,184.15384615384613,86.79603113281253,96.94433496410532,74.28571428571429,116.8269230769231,127.84615384615387,183.74036609691785,0.0
תפ_30401-06-20,drugs,Hybrid-Full,21,12.0,24.0,6.891361256544504,20.641361256544503,4.624689730353899,7.498147919467994,72.76190476190476,5.108638743455496,3.358638743455497,12.122837649821893,0.5050875985004973
תפח_32740-12-12,weapon,Hybrid-Full,24,6.0,120.0,73.35180055401662,118.15512465373959,55.79835658173295,73.21842322803735,75.20833333333333,67.35180055401662,1.8448753462604088,129.0167798097703,0.39301161490985065
תפ_57474-03-19,weapon,Hybrid-Full,3,40.0,72.0,108.25000000000001,163.5,91.03845341392834,111.28342194594845,80.0,68.25000000000001,91.5,202.3218753598768,0.0
תפ_29269-02-14,drugs,Hybrid-Full,10,12.0,30.0,10.25619834710744,26.24793388429752,8.114185110040317,12.905812643921342,60.5,1.7438016528925608,3.7520661157024797,21.01999775396166,0.7216408539137715
תפ_10603-12-18,drugs,Hybrid-Full,42,25.0,50.0,26.169737774627926,49.95924875974486,14.655627416319863,21.140189128101056,67.19047619047619,1.1697377746279258,0.04075124025514043,35.795816544420916,0.9515804394046774
תפ_60835-04-21,drugs,Hybrid-Full,8,9.0,24.0,10.316831683168317,22.288778877887786,9.845684333757609,15.5161206491829,75.75,1.3168316831683171,1.7112211221122138,25.36180498294051,0.7981298129812979
תפ_11845-11-16,drugs,Hybrid-Full,4,6.0,18.0,4.32,15.8,5.722761571129799,8.12403840463596,62.5,1.6799999999999997,2.1999999999999993,13.846799975765759,0.716374269005848
תפ_41280-09-16,drugs,Hybrid-Full,24,66.0,108.0,48.92704533611256,83.35591453882232,11.554220008291344,14.12641340027806,79.95833333333333,17.072954663887437,24.64408546117768,25.680633408569406,0.293804747664541
תפ_65260-11-15,drugs,Hybrid-Full,38,6.0,12.0,1.9688922610015172,14.369119878603941,2.946428421532296,6.085721902973583,69.36842105263158,4.031107738998482,2.369119878603941,9.03215032450588,0.4838620858445255
תפ_8483-03-16,drugs,Hybrid-Full,22,0.0,6.0,4.154533844189016,15.802043422733078,6.880322883063455,13.020010029067748,71.18181818181819,4.154533844189016,9.802043422733078,19.900332912131205,0.11678655136183627
תפ_21678-03-18,drugs,Hybrid-Full,12,0.0,9.0,2.2608695652173916,12.248447204968944,4.406434688800762,5.574620066774854,67.08333333333333,2.2608695652173916,3.2484472049689437,9.981054755575617,0.5502028397565923
תפ_34557-12-11,weapon,Hybrid-Full,10,12.0,48.0,25.053468208092482,53.8121387283237,17.34041521994211,26.892378102354577,69.2,13.053468208092482,5.812138728323703,44.232793322296686,0.5488007188774453
תפ_35116-09-24,drugs,Hybrid-Full,9,18.0,36.0,13.993399339933996,29.396039603960396,7.6561925230898735,10.850271658429957,67.33333333333333,4.006600660066004,6.603960396039604,18.50646418151983,0.5178464307138573
תפ_29984-08-16,weapon,Hybrid-Full,7,120.0,180.0,51.756097560975604,91.60162601626016,21.684189669726027,30.833324140465628,70.28571428571429,68.2439024390244,88.39837398373984,52.51751381019166,0.0
תפ_24379-12-20,drugs,Hybrid-Full,9,7.0,20.0,3.8189655172413786,14.560344827586206,3.197221015541813,3.9440531887330774,64.44444444444444,3.1810344827586214,5.439655172413794,7.1412742042748905,0.4672349493873201
תפ_31236-09-14,drugs,Hybrid-Full,11,6.0,15.0,7.708029197080292,16.963503649635037,5.775410972461305,10.377980503876609,62.27272727272727,1.7080291970802923,1.9635036496350367,16.153391476337916,0.6651131824234354
תפ_61258-11-21,drugs,Hybrid-Full,12,9.0,24.0,14.684491978609625,29.700534759358284,9.903703011163719,14.401967458186629,77.91666666666667,5.684491978609625,5.700534759358284,24.305670469350346,0.4500129165590288
תפ_35019-12-13,weapon,Hybrid-Full,6,4.0,8.0,3.1250000000000004,13.44318181818182,1.2133516482134197,7.403077438170936,73.33333333333333,0.8749999999999996,5.44318181818182,8.616429086384356,0.38766519823788537
תפ_17043-07-13,drugs,Hybrid-Full,5,8.0,20.0,7.676056338028169,20.295774647887324,0.9797958971132712,3.4871191548325386,71.0,0.323943661971831,0.295774647887324,4.46691505194581,0.9508928571428571
תפ_52589-10-20,drugs,Hybrid-Full,11,36.0,60.0,35.333333333333336,66.11594202898551,8.791430839081151,10.564246579151963,62.72727272727273,0.6666666666666643,6.115942028985515,19.355677418233114,0.7796610169491525
תפ_16370-02-20,weapon,Hybrid-Full,15,20.0,50.0,16.588465298142715,39.25708699902248,6.510162995057975,13.263818789808946,68.2,3.411534701857285,10.742913000977524,19.77398178486692,0.5763604447045053
תפ_273-10-15,weapon,Hybrid-Full,3,24.0,48.0,26.780487804878053,56.92682926829269,18.92675942210452,26.981475126464083,68.33333333333333,2.780487804878053,8.926829268292693,45.9082345485686,0.6444444444444442
תפ_45798-02-16,weapon,Hybrid-Full,5,6.0,18.0,5.8181818181818175,18.09090909090909,2.925747767665559,5.366563145999495,66.0,0.18181818181818254,0.09090909090908994,8.292310913665055,0.9777777777777777
תפ_2816-11-22,drugs,Hybrid-Full,10,9.0,24.0,9.474820143884894,23.611510791366907,1.9621416870348585,3.627671429443411,69.5,0.47482014388489446,0.3884892086330929,5.589813116478269,0.9424460431654675
תפ_54852-03-21,weapon,Hybrid-Full,10,20.0,40.0,21.717391304347828,40.869565217391305,4.988987873306568,5.458937625582473,69.0,1.717391304347828,0.8695652173913047,10.447925498889042,0.8760416666666666
תפ_56179-02-18,drugs,Hybrid-Full,16,6.0,20.0,16.71058091286307,38.80082987551867,8.184398267435427,14.807092894960848,60.25,10.710580912863069,18.800829875518673,22.991491162396272,0.10028462998102472
תפ_49232-01-17,drugs,Hybrid-Full,4,8.0,18.0,11.255725190839694,26.09923664122137,1.299038105676658,2.449489742783178,65.5,3.2557251908396942,8.09923664122137,3.748527848459836,0.3726275832981865
תפ_23520-10-11,drugs,Hybrid-Full,3,7.0,24.0,10.666666666666666,39.27777777777777,6.599663291074444,31.594654962860762,60.0,3.666666666666666,15.277777777777771,38.19431825393521,0.41308089500860595
תפ_31007-07-16,drugs,Hybrid-Full,8,10.0,30.0,7.482897384305834,21.122736418511064,6.771955035290769,11.637761812307382,62.125,2.5171026156941663,8.877263581488936,18.40971684759815,0.4939683674381197
תפ_31925-05-20,drugs,Hybrid-Full,36,36.0,66.0,27.827789327789322,50.527373527373506,13.058598936058933,17.074161946427694,80.16666666666667,8.172210672210678,15.472626472626494,30.13276088248663,0.3805745926564692
תפ_802-01-20,drugs,Hybrid-Full,5,12.0,36.0,15.421875000000002,29.812500000000004,4.09878030638384,9.173875952943773,64.0,3.4218750000000018,6.1874999999999964,13.272656259327611,0.5996093750000001
תפ_3454-02-17,weapon,Hybrid-Full,6,36.0,72.0,38.02758620689655,74.95172413793104,12.328828005937952,31.496031496047245,72.5,2.027586206896551,2.9517241379310377,43.824859501985195,0.8721671388101983
תפ_2125-05-20,drugs,Hybrid-Full,4,0.0,10.0,0.0,10.23214285714286,0.0,1.7853571071357126,70.0,0.0,0.23214285714285943,1.7853571071357126,0.9773123909249561
תפ_62238-06-20,weapon,Hybrid-Full,25,26.0,56.0,23.79154929577465,49.250704225352116,13.212115651930995,19.14726090071371,71.0,2.208450704225349,6.749295774647884,32.359376552644704,0.7218821059996503
תפ_61087-12-18,weapon,Hybrid-Full,22,9.0,24.0,11.135761589403973,26.582781456953644,4.4610342350491985,8.008776177904373,68.63636363636364,2.135761589403973,2.5827814569536436,12.46981041295357,0.731638418079096
תפ_38478-03-19,drugs,Hybrid-Full,6,6.0,24.0,4.662404092071612,16.13299232736573,3.0368111930481,4.561310727801336,65.16666666666667,1.337595907928388,7.867007672634269,7.598121920849437,0.5240047612749638
תפ_24163-04-15,weapon,Hybrid-Full,9,30.0,60.0,38.94323144104804,70.57641921397381,20.02220989024161,33.2264954516723,76.33333333333333,8.943231441048042,10.576419213973807,53.248705341913904,0.5189410245372361
תפ_58773-08-21,weapon,Hybrid-Full,10,42.0,70.0,61.17739403453689,103.21507064364206,24.465485893396846,31.34389892786154,63.7,19.17739403453689,33.215070643642065,55.80938482125839,0.1441247371390471
תפ_8450-07-12,weapon,Hybrid-Full,11,12.0,24.0,24.61272475795297,48.049792531120325,20.4410056196803,32.77975589741655,65.72727272727273,12.612724757952972,24.049792531120325,53.22076151709685,0.0
תפ_9346-07-12,drugs,Hybrid-Full,28,6.0,24.0,7.787573021773767,21.368029739776958,3.5158170299028795,5.6726159246481185,67.25,1.7875730217737669,2.631970260223042,9.188432954550997,0.754469817666844
תפ_53886-06-16,drugs,Hybrid-Full,3,6.0,18.0,5.029411764705882,18.17647058823529,1.4142135623730951,4.898979485566356,56.666666666666664,0.9705882352941178,0.17647058823528994,6.313193047939451,0.9127516778523492
תפ_22722-05-13,drugs,Hybrid-Full,5,6.0,10.0,5.892857142857142,18.058441558441558,2.2271057451320084,3.794733192202055,61.6,0.10714285714285765,8.058441558441558,6.0218389373340635,0.3287963704296771
תפ_27255-08-16,drugs,Hybrid-Full,18,10.0,24.0,8.090520922288642,21.555935098206657,6.303046490525704,9.551032521262936,65.05555555555556,1.9094790777113584,2.444064901793343,15.85407901178864,0.7263553408480942
תפ_9532-10-18,drugs,Hybrid-Full,30,30.0,60.0,25.154405086285198,47.912352406902826,7.138393843622434,10.683580340358233,73.4,4.845594913714802,12.087647593097174,17.821974183980668,0.5140492636517663
תפ_16752-10-20,weapon,Hybrid-Full,14,18.0,40.0,21.2994923857868,41.06598984771573,4.938396004983887,5.054801717986895,70.35714285714286,3.299492385786799,1.065989847715727,9.993197722970782,0.8107394366197188
תפ_20589-02-18,drugs,Hybrid-Full,4,8.0,18.0,11.528301886792454,25.509433962264154,5.717298313014636,6.708203932499369,66.25,3.5283018867924536,7.509433962264154,12.425502245514005,0.3696120689655171
תפ_34266-09-18,drugs,Hybrid-Full,7,0.0,8.0,2.580645161290323,13.053763440860218,4.370588154508101,4.763809143009447,66.42857142857143,2.580645161290323,5.053763440860218,9.134397297517548,0.41515650741350896
תפ_18300-11-18,weapon,Hybrid-Full,34,20.0,50.0,23.53004558640697,49.22171570658931,13.368221368624685,20.21955612339177,70.97058823529412,3.5300455864069704,0.7782842934106924,33.58777749201646,0.8563890040060779
תפ_11597-06-19,drugs,Hybrid-Full,6,0.0,8.0,0.2988505747126437,10.06896551724138,0.74535599249993,1.632993161855452,72.5,0.2988505747126437,2.068965517241381,2.378349154355382,0.7648401826484017
תפ_14488-04-19,drugs,Hybrid-Full,39,17.0,40.0,18.561158100195183,38.38906961613532,7.31978307018786,11.230652147850058,78.82051282051282,1.5611581001951826,1.6109303838646767,18.55043521803792,0.8620831093887018
תפ_34117-10-18,drugs,Hybrid-Full,20,28.0,52.0,25.421875,48.18359375,9.39095309327014,13.613504324750481,64.0,2.578125,3.81640625,23.00445741802062,0.7594062316284539
תפ_41901-08-23,weapon,Hybrid-Full,9,20.0,45.0,37.9983388704319,65.59800664451828,23.481014132514765,33.67528309247043,66.88888888888889,17.9983388704319,20.59800664451828,57.156297224985195,0.15355191256830583
תפ_50497-04-17,drugs,Hybrid-Full,24,6.0,24.0,5.080838323353293,17.38323353293413,3.155407615859197,5.253966755382705,69.58333333333333,0.9191616766467066,6.616766467065869,8.409374371241903,0.6016774806140212
תפ_48435-02-17,weapon,Hybrid-Full,3,5.0,20.0,22.14634146341464,38.34146341463415,12.256517540566824,19.595917942265423,68.33333333333333,17.14634146341464,18.34146341463415,31.85243548283225,0.0
תפ_60914-01-14,drugs,Hybrid-Full,20,0.0,8.0,11.775330396475768,28.466960352422902,7.189401922274203,12.472369462135092,56.75,11.775330396475768,20.466960352422902,19.661771384409295,0.0
תפ_56285-05-24,drugs,Hybrid-Full,15,30.0,60.0,20.689691817215728,39.75132837407014,12.588177875380623,19.344134913599927,62.733333333333334,9.310308182784272,20.24867162592986,31.93231278898055,0.2480603390013788
תפח_63535-10-13,weapon,Hybrid-Full,3,120.0,168.0,91.87155963302752,159.74311926605503,24.657656011875904,11.313708498984761,72.66666666666667,28.128440366972484,8.256880733944968,35.97136451086067,0.5220535068691249
תפ_45761-05-17,weapon,Hybrid-Full,18,18.0,48.0,28.32788225674571,54.206050695012266,15.64971502126839,23.704195596748036,67.94444444444444,10.32788225674571,6.206050695012266,39.35391061801643,0.543337850045167
תפ_38450-09-20,drugs,Hybrid-Full,10,12.0,30.0,16.856927710843372,38.32831325301205,11.582745788456206,23.925091431382246,66.4,4.856927710843372,8.328313253012048,35.50783721983845,0.4991991762956184
תפ_37065-10-15,weapon,Hybrid-Full,16,24.0,60.0,27.744245524296673,54.70588235294118,18.39316703969167,26.124401907029373,73.3125,3.744245524296673,5.294117647058819,44.51756894672104,0.7489343563512363
תפ_61181-02-19,drugs,Hybrid-Full,11,4.0,12.0,1.4161073825503354,10.63758389261745,1.970862126243527,1.8227216050694022,67.72727272727273,2.5838926174496644,1.3624161073825505,3.7935837313129293,0.6271401395053899
תפ_50819-09-11,weapon,Hybrid-Full,12,2.0,12.0,3.967567567567568,10.91891891891892,1.4142135623730951,4.258977446393546,77.08333333333333,1.967567567567568,1.0810810810810807,5.673191008766641,0.6951351351351351
תפ_10996-05-16,drugs,Hybrid-Full,13,0.0,12.0,5.200188857412653,16.78186968838527,4.1137667560372115,7.611887308832604,81.46153846153847,5.200188857412653,4.781869688385271,11.725654064869815,0.40518793607922576
תפ_48695-03-20,drugs,Hybrid-Full,17,0.0,8.0,5.019736842105263,17.298872180451127,6.568773776538179,9.174962168633053,62.588235294117645,5.019736842105263,9.298872180451127,15.743735945171231,0.1722807780071716
תפ_5578-08-19,weapon,Hybrid-Full,6,6.0,18.0,10.950000000000003,27.575,2.886751345948129,5.21749194749951,66.66666666666667,4.950000000000003,9.575,8.104243293447638,0.3267670915411355
תפ_68697-07-20,weapon,Hybrid-Full,23,15.0,40.0,21.64713140037014,45.58420727945712,9.791976191329766,15.193272812411518,70.47826086956522,6.647131400370139,5.584207279457118,24.985249003741284,0.6000766484458522
תפ_10901-10-17,drugs,Hybrid-Full,27,6.0,16.0,2.610169491525424,14.28813559322034,3.6004114991154776,4.391349521193223,65.55555555555556,3.389830508474576,1.7118644067796591,7.991761020308701,0.6189873417721521
תפח_36202-01-22,weapon,Hybrid-Full,8,168.0,216.0,57.545816733067724,92.6414342629482,50.336368561905616,64.25534997181168,62.75,110.45418326693228,123.3585657370518,114.5917185337173,0.0
תפ_1995-03-17,weapon,Hybrid-Full,3,72.0,144.0,86.56,129.65333333333334,29.393876913398138,37.094473981982816,75.0,14.560000000000002,14.346666666666664,66.48835089538096,0.5985185185185186
תפ_63596-02-18,drugs,Hybrid-Full,84,10.0,36.0,12.943579766536965,30.179137982639936,9.077043319247801,13.309901817615254,79.54761904761905,2.943579766536965,5.820862017360064,22.386945136863055,0.6629060852347297
תפק_70755-06-20,drugs,Hybrid-Full,8,5.0,18.0,4.164241164241164,14.108108108108107,3.295356581616017,4.898979485566356,60.125,0.8357588357588357,3.891891891891893,8.194336067182373,0.6583020285499624
תפ_19505-01-18,drugs,Hybrid-Full,7,6.0,20.0,4.4356060606060606,16.125,3.1815796359028696,4.780914437337574,75.42857142857143,1.5643939393939394,3.875,7.962494073240444,0.6505232416646386
תפ_40440-10-12,drugs,Hybrid-Full,8,18.0,36.0,20.163461538461537,44.13461538461538,6.401904013650939,8.685476383020104,65.0,2.1634615384615365,8.13461538461538,15.087380396671044,0.6059602649006625
תפ_57218-12-15,weapon,Hybrid-Full,4,18.0,50.0,42.94117647058824,76.18823529411765,22.045407685048602,28.61817604250837,63.75,24.94117647058824,26.188235294117646,50.66358372755697,0.12131014961585113
תפ_44015-11-21,drugs,Hybrid-Full,43,0.0,12.0,2.855855855855856,14.52432432432432,5.19818165154152,8.006757556996956,64.53488372093024,2.855855855855856,2.5243243243243203,13.204939208538477,0.6295744944795933
תפ_35569-02-23,drugs,Hybrid-Full,5,36.0,60.0,21.25157232704403,46.628930817610076,3.4871191548325386,9.32952303175248,63.6,14.74842767295597,13.371069182389924,12.816642186585018,0.2743061191365042
תפ_15596-04-19,drugs,Hybrid-Full,4,6.0,12.0,5.5,17.26086956521739,3.491060010942235,3.278719262151,57.5,0.5,5.260869565217391,6.769779273093235,0.5101663585951941
תפ_2444-01-21,drugs,Hybrid-Full,25,15.0,30.0,15.028160575194725,29.58298382264829,10.364863723175525,13.137062076430938,66.76,0.028160575194725368,0.4170161773517087,23.50192579960646,0.9703215498302378
תפ_34210-08-18,drugs,Hybrid-Full,30,8.0,18.0,13.624938875305626,29.367237163814185,9.924660643512647,13.413260437177664,68.16666666666667,5.6249388753056255,11.367237163814185,23.33792108069031,0.20475558403515182
תפ_1515-12-18,drugs,Hybrid-Full,12,18.0,36.0,16.392857142857146,33.642857142857146,5.345688813323208,10.482790129010926,58.333333333333336,1.607142857142854,2.357142857142854,15.828478942334133,0.7978142076502736
תפ_14215-07-23,drugs,Hybrid-Full,8,10.0,20.0,7.47713717693837,18.393638170974157,4.741769184597665,5.07444578254611,62.875,2.5228628230616303,1.6063618290258432,9.816214967143775,0.670265121447849
תפ_26654-06-14,weapon,Hybrid-Full,4,8.0,24.0,8.671875,30.0,2.165063509461097,0.0,80.0,0.671875,6.0,2.165063509461097,0.6967329545454546
תפ_54104-07-12,weapon,Hybrid-Full,5,60.0,84.0,34.31395348837209,60.97093023255813,31.531571480026177,37.6637757002667,68.8,25.686046511627907,23.029069767441868,69.19534718029287,0.01954130587409299
תפח_26481-08-13,weapon,Hybrid-Full,4,60.0,96.0,62.711864406779654,95.38983050847456,44.30293444005713,59.016946718718,73.75,2.711864406779654,0.6101694915254399,103.31988115877513,0.9077212806026362
תפ_76171-01-23,drugs,Hybrid-Full,13,36.0,72.0,24.596199524940612,48.00950118764846,10.485267207008453,16.684329890808485,64.76923076923077,11.403800475059388,23.99049881235154,27.16959709781694,0.25334469108583463
תפ_63737-05-24,drugs,Hybrid-Full,3,9.0,26.0,4.798387096774193,20.056451612903224,3.39934634239519,2.8284271247461903,82.66666666666667,4.201612903225807,5.943548387096776,6.227773467141381,0.5214910612400151
תפ_7165-06-15,weapon,Hybrid-Full,5,12.0,36.0,30.842105263157894,67.5,26.581196361337838,45.1238296247116,76.0,18.842105263157894,31.5,71.70502598604944,0.09293504030346138
תפ_19819-03-23,weapon,Hybrid-Full,3,24.0,40.0,18.244444444444444,40.53333333333333,5.312459150169742,5.656854249492381,75.0,5.755555555555556,0.5333333333333314,10.969313399662123,0.7178464606181456
תפ_50864-05-23,drugs,Hybrid-Full,5,8.0,18.0,10.600000000000001,26.400000000000002,3.2,6.118823416311342,55.0,2.6000000000000014,8.400000000000002,9.318823416311343,0.40217391304347816
תפ_19468-03-18,drugs,Hybrid-Full,6,20.0,36.0,16.727959697732995,36.0352644836272,5.983774357005413,8.975274678557506,66.16666666666667,3.272040302267005,0.035264483627202026,14.95904903556292,0.8287018917155904
תפ_59298-02-24,weapon,Hybrid-Full,3,10.0,18.0,19.363636363636367,34.86363636363637,0.9428090415820634,4.109609335312651,73.33333333333333,9.363636363636367,16.863636363636367,5.052418376894715,0.0
תפ_7676-03-23,weapon,Hybrid-Full,4,20.0,50.0,60.9074074074074,87.72222222222223,15.31951369985353,17.020208576865326,67.5,40.9074074074074,37.72222222222223,32.33972227671886,0.0
תפ_24156-11-12,drugs,Hybrid-Full,7,10.0,12.0,4.784090909090909,14.14772727272727,3.136356914300021,2.641891715558133,62.857142857142854,5.215909090909091,2.14772727272727,5.778248629858155,0.21359223300970884
תפ_63696-02-18,drugs,Hybrid-Full,26,8.0,20.0,21.241400875547217,47.563477173233274,17.22905211224316,29.146843080142684,61.5,13.241400875547217,27.563477173233274,46.37589519238584,0.0
תפ_10853-08-16,drugs,Hybrid-Full,24,0.0,12.0,4.052377670572018,16.093039283252928,4.247343941283253,5.398044913567215,60.458333333333336,4.052377670572018,4.093039283252928,9.645388854850468,0.4938546529056572
תפ_51038-02-17,weapon,Hybrid-Full,3,18.0,42.0,25.91346153846154,52.83653846153846,11.115554667022044,13.9522996909709,69.33333333333333,7.91346153846154,10.83653846153846,25.067854357992942,0.4617720121446315
תפ_10596-12-20,drugs,Hybrid-Full,5,7.0,14.0,8.71875,20.25,4.454211490264017,3.794733192202055,64.0,1.71875,6.25,8.248944682466071,0.39858490566037735
תפ_17404-07-18,drugs,Hybrid-Full,15,24.0,48.0,37.043269230769226,65.89903846153844,9.617114374327098,13.604901077675402,69.33333333333333,13.043269230769226,17.89903846153844,23.222015452002502,0.26150315547905933
תפ_28451-09-17,drugs,Hybrid-Full,6,3.0,10.0,13.446261682242993,29.140186915887856,3.452052529534663,5.374838498865699,71.33333333333333,10.446261682242993,19.140186915887856,8.826891028400363,0.0
תפ_46424-05-24,drugs,Hybrid-Full,14,10.0,24.0,17.01846153846154,33.70564102564103,12.250989131244774,18.176711945312253,69.64285714285714,7.0184615384615405,9.705641025641029,30.427701076557028,0.29450958335136057
תפ_15668-04-14,drugs,Hybrid-Full,3,3.0,15.0,3.2692307692307696,20.360576923076923,4.714045207910316,14.383632673594278,69.33333333333333,0.2692307692307696,5.360576923076923,19.097677881504595,0.6757130988645804
תפח_15153-09-18,weapon,Hybrid-Full,3,120.0,192.0,83.46666666666667,134.9333333333333,25.92296279363144,29.93325909419153,75.0,36.53333333333333,57.06666666666669,55.85622188782297,0.13759213759213737
תפ_26859-10-15,weapon,Hybrid-Full,9,36.0,84.0,28.920863309352516,67.33812949640287,11.115554667022044,14.696938456699069,77.22222222222223,7.079136690647484,16.66187050359713,25.81249312372111,0.5689655172413791
תפ_16191-10-12,weapon,Hybrid-Full,7,12.0,24.0,12.190677966101692,30.56779661016948,3.9175169145148825,12.020390838835787,67.42857142857143,0.19067796610169196,6.567796610169481,15.93790775335067,0.6360109539023282
תפ_36196-12-11,weapon,Hybrid-Full,14,36.0,72.0,27.589473684210535,52.86736842105263,17.0313336685831,22.783810937073863,67.85714285714286,8.410526315789465,19.132631578947368,39.81514460565696,0.37980564114719134
תפ_38257-03-21,drugs,Hybrid-Full,19,8.0,24.0,9.814375987361768,25.506319115323848,6.420189760832381,10.474080923457473,66.63157894736842,1.8143759873617675,1.5063191153238478,16.894270684289854,0.8103144881108157
תפ_7629-11-17,drugs,Hybrid-Full,12,24.0,48.0,30.491864831038797,57.26533166458072,10.288545410633452,13.901188997907898,66.58333333333333,6.4918648310387965,9.26533166458072,24.189734408541348,0.526317769667783
תפ_22030-04-19,weapon,Hybrid-Full,8,54.0,90.0,49.69885433715221,98.39607201309329,14.830289949963891,32.37186278236086,76.375,4.301145662847787,8.396072013093288,47.20215273232475,0.7392619479733818
תפ_17501-07-17,drugs,Hybrid-Full,10,18.0,30.0,8.129172714078374,20.492017416545718,7.6216796049164905,11.21427661510095,68.9,9.870827285921626,9.507982583454282,18.83595622001744,0.11394253102395642
תפ_40188-07-13,weapon,Hybrid-Full,3,12.0,36.0,64.0952380952381,89.42857142857144,27.39018477889885,28.284271247461902,70.0,52.0952380952381,53.428571428571445,55.67445602636075,0.0
תפ_56355-07-20,drugs,Hybrid-Full,6,24.0,48.0,15.476190476190476,36.71428571428571,6.3879226322456,11.41149517908246,70.0,8.523809523809524,11.285714285714292,17.79941781132806,0.3909224011713029
תפ_19260-11-14,drugs,Hybrid-Full,9,6.0,18.0,7.780952380952381,19.19047619047619,2.9059326290271157,7.176780116424507,58.333333333333336,1.7809523809523808,1.1904761904761898,10.082712745451623,0.7747292418772563
תפ_35179-09-14,weapon,Hybrid-Full,8,10.0,30.0,9.819466248037676,26.860282574568288,3.5333235062756425,4.769696007084728,79.625,0.18053375196232402,3.139717425431712,8.30301951336037,0.8354725787631272
תפ_3759-02-14,drugs,Hybrid-Full,3,24.0,36.0,16.414141414141415,42.02020202020202,5.887840577551898,11.8133634311129,66.0,7.585858585858585,6.020202020202021,17.7012040086648,0.4686390532544379
תפ_16802-02-20,drugs,Hybrid-Full,4,16.0,30.0,11.687499999999998,26.343749999999996,6.557438524302,7.794228634059948,80.0,4.312500000000002,3.6562500000000036,14.351667158361948,0.5648464163822524
תפ_58852-03-21,weapon,Hybrid-Full,19,11.0,30.0,16.23448275862069,32.731034482758616,6.619454246026288,9.291821680300595,76.3157894736842,5.23448275862069,2.7310344827586164,15.911275926326883,0.6334496985084102
תפח_39974-12-12,weapon,Hybrid-Full,4,120.0,156.0,89.58620689655172,130.55172413793102,60.81940479813988,80.66597795849252,72.5,30.413793103448285,25.448275862068982,141.4853827566324,0.15887850467289694
תפ_7597-05-20,weapon,Hybrid-Full,14,48.0,108.0,72.13824884792626,117.1152073732719,25.80341695455492,34.26100299948342,77.5,24.138248847926263,9.1152073732719,60.06441995403834,0.5188691825576743
תפ_55217-12-19,drugs,Hybrid-Full,11,5.0,12.0,3.680769230769231,15.361538461538464,3.51854590552066,2.8400907912387834,70.9090909090909,1.319230769230769,3.361538461538464,6.358636696759444,0.5992756009219624
תפ_7271-08-21,drugs,Hybrid-Full,18,16.0,36.0,25.129991503823284,51.23534409515719,13.744246832316943,20.273743891004067,65.38888888888889,9.129991503823284,15.235344095157188,34.017990723321006,0.30849729938271586
תפ_52402-08-19,drugs,Hybrid-Full,7,9.0,20.0,11.457831325301203,25.602409638554214,8.458783624621407,15.472160647499779,59.285714285714285,2.4578313253012034,5.602409638554214,23.930944272121188,0.514513788098694
תפ_15787-01-17,drugs,Hybrid-Full,30,54.0,90.0,47.61381941500637,82.1632047477745,12.726568883856936,15.57134119678413,78.63333333333334,6.386180584993632,7.8367952522254996,28.297910080641067,0.664443088739762
תפ_13864-11-15,weapon,Hybrid-Full,10,36.0,72.0,29.546012269938657,61.2515337423313,19.386593305684215,25.26974475533934,81.5,6.453987730061343,10.748466257668703,44.656338061023554,0.594797687861272
תפ_32356-04-22,drugs,Hybrid-Full,8,0.0,18.0,4.422535211267605,14.559356136820924,4.136348026943574,4.943429983321297,62.125,4.422535211267605,3.4406438631790763,9.07977801026487,0.5631567180862955
תפ_27743-10-21,drugs,Hybrid-Full,10,12.0,30.0,15.03614457831325,31.53614457831325,6.972087205421343,10.338762014864256,83.0,3.03614457831325,1.5361445783132517,17.3108492202856,0.7659574468085109
תפ_57599-11-15,drugs,Hybrid-Full,32,3.0,18.0,6.23868677905945,19.81100266193434,4.556824380805124,7.769883766826888,70.4375,3.2386867790594502,1.8110026619343387,12.326708147632012,0.6996199725535733
תפ_1716-11-22,weapon,Hybrid-Full,7,10.0,36.0,15.917525773195875,34.70103092783504,3.3806170189140663,4.865538961693258,69.28571428571429,5.917525773195875,1.298969072164958,8.246155980607325,0.7224425059476602
תפ_607-10-13,drugs,Hybrid-Full,13,48.0,78.0,55.373831775700936,91.42990654205609,7.771134572530494,10.499365999455993,82.3076923076923,7.3738317757009355,13.429906542056088,18.27050057198649,0.5209812782440282
תפ_15315-06-23,drugs,Hybrid-Full,3,0.0,12.0,6.578947368421053,16.157894736842106,4.320493798938574,6.182412330330469,63.333333333333336,6.578947368421053,4.157894736842106,10.502906129269043,0.33550488599348527
תפ_37255-05-14,drugs,Hybrid-Full,5,16.0,36.0,25.728813559322035,50.37288135593221,9.6,13.994284547628721,59.0,9.728813559322035,14.372881355932208,23.59428454762872,0.2988165680473372
תפ_48568-10-15,drugs,Hybrid-Full,6,6.0,18.0,4.706666666666666,16.8,4.099457958749614,6.4031242374328485,62.5,1.293333333333334,1.1999999999999993,10.502582196182463,0.8124373119358075
תפ_42806-07-18,drugs,Hybrid-Full,24,5.0,18.0,5.743333333333334,18.301333333333332,2.8613807855648994,5.2493385826745405,62.5,0.7433333333333341,0.3013333333333321,8.11071936823944,0.9214615076182839
תפ_60476-05-13,drugs,Hybrid-Full,7,8.0,27.0,4.4989154013015185,16.75921908893709,3.806546455564065,6.180945043652554,65.85714285714286,3.5010845986984815,10.24078091106291,9.987491499216619,0.38927986117805824
תפ_36416-07-23,weapon,Hybrid-Full,3,30.0,60.0,38.5188679245283,72.67924528301886,10.198039027185569,12.96148139681572,70.66666666666667,8.518867924528301,12.679245283018858,23.15952042400129,0.5033156498673741
תפ_54208-06-22,drugs,Hybrid-Full,14,30.0,55.0,34.76380090497738,62.8950226244344,6.499607523472758,7.1759945623713834,78.92857142857143,4.76380090497738,7.895022624434397,13.67560208584414,0.6151751079809621
תפ_47048-02-20,weapon,Hybrid-Full,5,12.0,24.0,45.28358208955223,57.3134328358209,28.67472754883645,27.655017627909768,67.0,33.28358208955223,33.3134328358209,56.329745176746215,0.0
תפ_46248-11-15,weapon,Hybrid-Full,6,8.0,20.0,28.472972972972972,56.635135135135144,12.116334245783895,24.129281427805143,74.0,20.472972972972972,36.635135135135144,36.245615673589036,0.0
תפ_52225-03-18,weapon,Hybrid-Full,5,13.0,36.0,9.420289855072465,25.82608695652174,2.315167380558045,5.878775382679628,69.0,3.5797101449275353,10.173913043478262,8.193942763237672,0.4825517993456925
תפ_58928-03-15,drugs,Hybrid-Full,5,4.0,8.0,4.850746268656717,19.19402985074627,11.106754701531855,15.714961024450552,67.0,0.8507462686567173,11.194029850746269,26.821715725982408,0.20726915520628678
תפ_6602-05-13,weapon,Hybrid-Full,4,12.0,26.0,7.745098039215687,19.92156862745098,3.191786333700926,2.449489742783178,63.75,4.254901960784313,6.078431372549019,5.641276076484104,0.43394199785177234
תפ_45994-08-21,weapon,Hybrid-Full,14,40.0,60.0,45.49807692307692,87.48269230769229,15.359634349389271,24.98703745577548,74.28571428571429,5.498076923076923,27.48269230769229,40.346671805164746,0.3054149285164636
תפ_7994-06-21,drugs,Hybrid-Full,9,6.0,18.0,10.114814814814817,23.651851851851855,5.691665988829199,11.623730516108463,60.0,4.114814814814817,5.6518518518518555,17.315396504937663,0.44670583298363387
תפח_11230-01-12,weapon,Hybrid-Full,3,72.0,144.0,71.99999999999999,155.7391304347826,0.0,16.97056274847714,76.66666666666667,1.4210854715202004e-14,11.739130434782595,16.97056274847714,0.8598130841121495
תפ_60805-07-19,weapon,Hybrid-Full,11,15.0,30.0,19.17808219178082,37.86301369863014,2.5873180855923104,6.235064799811726,66.36363636363636,4.17808219178082,7.863013698630141,8.822382885404036,0.4733373277411624
תפ_47156-02-14,drugs,Hybrid-Full,3,1.0,12.0,6.628571428571428,19.6,0.9428090415820634,5.2493385826745405,58.333333333333336,5.628571428571428,7.600000000000001,6.192147624256604,0.2887864823348694
תפ_5486-09-21,drugs,Hybrid-Full,38,15.0,30.0,19.996908809891803,41.602782071097366,8.285797012536815,13.032693813377225,85.13157894736842,4.996908809891803,11.602782071097366,21.31849082591404,0.3760167325122011
תפ_39308-05-15,drugs,Hybrid-Full,84,12.0,24.0,14.283003952569175,31.761660079051403,10.953539017450145,19.47166381206232,60.23809523809524,2.2830039525691745,7.761660079051403,30.425202829512465,0.4917095025701535
תפ_13179-07-14,weapon,Hybrid-Full,10,14.0,40.0,17.484593837535012,37.61904761904762,8.56971411425142,16.119553343687908,71.4,3.4845938375350123,2.3809523809523796,24.68926745793933,0.7744020685197157
תפ_13774-03-21,drugs,Hybrid-Full,10,9.0,28.0,12.308724832214766,28.79194630872484,5.797413216254298,11.28007092176286,74.5,3.308724832214766,0.7919463087248388,17.07748413801716,0.7928111224143775
תפ_24516-06-21,drugs,Hybrid-Full,3,16.0,32.0,9.999999999999998,21.485714285714284,1.632993161855452,3.7712361663282534,58.333333333333336,6.000000000000002,10.514285714285716,5.404229328183705,0.24935064935064927
תפ_14829-07-16,drugs,Hybrid-Full,16,6.0,18.0,7.540247678018575,20.37770897832817,4.1226318960101205,6.458702946412693,80.75,1.5402476780185754,2.377708978328169,10.581334842422812,0.7274978466838935
תפ_19859-11-17,weapon,Hybrid-Full,3,18.0,36.0,8.72340425531915,24.25531914893617,1.8856180831641267,8.48528137423857,78.33333333333333,9.27659574468085,11.74468085106383,10.370899457402697,0.22932917316692666
תפ_34925-03-14,drugs,Hybrid-Full,16,0.0,6.0,3.6311263972484955,14.398968185726572,4.795424251304571,7.8888766627448295,72.6875,3.6311263972484955,8.398968185726572,12.6843009140494,0.1645168995581034
תפ_19981-06-16,drugs,Hybrid-Full,5,10.0,20.0,11.340909090909092,28.693181818181817,3.6,5.851495535331117,70.4,1.3409090909090917,8.693181818181817,9.451495535331118,0.46322188449848023
תפ_32722-12-19,drugs,Hybrid-Full,12,9.0,30.0,7.351648351648352,22.043956043956044,4.377975178854566,6.749485577105529,75.83333333333333,1.6483516483516478,7.956043956043956,11.127460755960094,0.5759340126152352
תפ_46051-06-15,drugs,Hybrid-Full,7,4.0,18.0,4.212765957446809,15.085106382978724,3.288818409491811,4.642307659791977,67.14285714285714,0.21276595744680904,2.914893617021276,7.931126069283788,0.776595744680851
תפ_17462-06-14,drugs,Hybrid-Full,9,5.0,13.0,14.465648854961833,34.320610687022906,5.877347180194753,9.306840707276411,72.77777777777777,9.465648854961833,21.320610687022906,15.184187887471165,0.0
תפ_64950-06-16,weapon,Hybrid-Full,9,60.0,96.0,27.41616766467066,56.73652694610779,10.28483241369434,8.296957645597542,74.22222222222223,32.58383233532934,39.26347305389221,18.581790059291883,0.0
תפ_10324-07-17,drugs,Hybrid-Full,4,6.0,24.0,3.4137931034482754,18.82758620689655,2.1213203435596424,4.242640687119285,72.5,2.5862068965517246,5.172413793103448,6.363961030678928,0.6231155778894472
תפ_927-09-21,drugs,Hybrid-Full,4,8.0,18.0,20.745098039215684,45.01960784313725,22.28788908802267,31.52776554086889,63.75,12.745098039215684,27.01960784313725,53.815654628891565,0.0
תפ_50729-04-21,drugs,Hybrid-Full,19,0.0,9.0,1.6890292028413574,11.741120757695343,2.686789266968467,3.674423089622539,66.6842105263158,1.6890292028413574,2.7411207576953434,6.361212356591006,0.6226808281796181
תפ_26524-10-14,drugs,Hybrid-Full,5,36.0,60.0,27.799999999999997,52.666666666666664,13.775340286178052,20.707486568871655,60.0,8.200000000000003,7.333333333333336,34.48282685504971,0.5175983436853001
תפ_67342-07-18,drugs,Hybrid-Full,6,18.0,60.0,12.45070422535211,35.99999999999999,2.0548046676563256,6.0,59.166666666666664,5.54929577464789,24.000000000000007,8.054804667656326,0.3785545023696681
תפ_30806-04-21,drugs,Hybrid-Full,7,9.0,22.0,12.855855855855856,27.45945945945946,4.9856938190329,8.101398216433044,79.28571428571429,3.8558558558558556,5.45945945945946,13.087092035465943,0.49536359199609564
תפ_50477-12-22,weapon,Hybrid-Full,16,28.0,56.0,30.356331877729264,53.49694323144105,13.388427838995884,20.37298686373699,71.5625,2.3563318777292643,2.503056768558949,33.76141470273288,0.8264504054897067
תפ_24670-05-23,weapon,Hybrid-Full,6,24.0,42.0,23.53488372093023,43.72093023255813,5.291502622129181,4.898979485566356,71.66666666666667,0.46511627906976827,1.720930232558132,10.190482107695537,0.8917050691244243
תפ_36775-09-19,drugs,Hybrid-Full,18,15.0,30.0,16.068144499178985,31.004926108374384,11.664153168396,14.44487178855023,67.66666666666667,1.0681444991789846,1.0049261083743843,26.10902495694623,0.8704729660408329
תפ_65386-09-19,drugs,Hybrid-Full,24,24.0,40.0,15.437389770723104,31.53086419753087,9.93171127695972,13.607340747634058,70.875,8.562610229276896,8.469135802469129,23.53905202459378,0.30659869318589816
תפ_9220-06-20,drugs,Hybrid-Full,21,24.0,42.0,15.604974396488661,33.23774689100219,10.040733366174617,13.114531242298193,65.0952380952381,8.395025603511339,8.762253108997811,23.155264608472812,0.349980599745025
תפ_11446-09-21,drugs,Hybrid-Full,10,34.0,66.0,24.6875,49.19642857142858,8.246817568007675,11.670475568716126,56.0,9.3125,16.803571428571423,19.9172931367238,0.3678409336503135
תפח_793-07-14,weapon,Hybrid-Full,5,24.0,48.0,143.30434782608697,212.00000000000006,75.28505827851899,88.18163074019441,69.0,119.30434782608697,164.00000000000006,163.4666890187134,0.0
תפ_1047-02-24,drugs,Hybrid-Full,9,6.0,36.0,11.452830188679243,24.43396226415094,5.2446327649804205,9.521904571390467,58.888888888888886,5.452830188679243,11.566037735849061,14.766537336370888,0.4327044025157232
תפ_34514-06-14,weapon,Hybrid-Full,29,30.0,54.0,26.470229723394283,50.73745897796531,15.146608148580947,21.526081296440722,73.55172413793103,3.529770276605717,3.2625410220346893,36.67268944502167,0.7532739565061904
תפ_57707-05-20,weapon,Hybrid-Full,11,20.0,36.0,20.858887381275437,40.409769335142464,6.249628088108078,8.171710928816083,67.0,0.8588873812754372,4.409769335142464,14.421339016924161,0.7418561361521078
תפ_44914-01-17,drugs,Hybrid-Full,7,0.0,12.0,3.71264367816092,14.712643678160918,3.4817307448439827,2.799416848895061,62.142857142857146,3.71264367816092,2.7126436781609176,6.2811475937390435,0.5632812500000001
תפ_28997-10-16,drugs,Hybrid-Full,6,8.0,18.0,6.712328767123288,16.438356164383563,0.9428090415820634,2.4267032964268394,60.833333333333336,1.2876712328767121,1.5616438356164366,3.369512338008903,0.7475728155339808
תפ_33577-04-12,weapon,Hybrid-Full,17,24.0,72.0,40.59952418715306,73.7319587628866,30.77094751665383,45.278377708231474,74.17647058823529,16.599524187153058,1.731958762886606,76.04932522488531,0.6313943104987879
תפ_22211-06-15,drugs,Hybrid-Full,13,8.0,18.0,2.66839378238342,13.933937823834196,4.6549585447406985,8.039841618740873,59.38461538461539,5.33160621761658,4.066062176165804,12.69480016348157,0.3870395403852652
תפ_17809-03-14,weapon,Hybrid-Full,7,10.0,24.0,13.346153846153845,32.27350427350428,4.746642207381757,13.832821070754518,66.85714285714286,3.346153846153845,8.27350427350428,18.579463278136274,0.4783192632386799
תפ_16446-10-14,weapon,Hybrid-Full,3,36.0,96.0,115.09333333333335,183.04000000000002,85.41662601625049,98.14275317108238,75.0,79.09333333333335,87.04000000000002,183.55937918733287,0.0
תפ_30618-02-18,drugs,Hybrid-Full,9,8.0,16.0,7.5148861646234675,19.514886164623466,4.030746032714901,4.245549594342844,63.44444444444444,0.4851138353765325,3.5148861646234657,8.276295627057745,0.6666666666666667
תפ_54728-02-20,drugs,Hybrid-Full,12,0.0,8.0,0.41405269761606023,10.124215809284818,1.6583123951777,3.2521360501813095,66.41666666666667,0.41405269761606023,2.1242158092848182,4.910448445359009,0.7492873962077086
תפ_45232-07-18,drugs,Hybrid-Full,4,6.0,24.0,8.27941176470588,20.029411764705877,1.299038105676658,2.449489742783178,85.0,2.2794117647058805,3.970588235294123,3.748527848459836,0.6527777777777776
תפ_47378-06-15,drugs,Hybrid-Full,14,0.0,12.0,2.8219954648526078,14.92063492063492,2.9632097875273624,4.453844933748542,63.0,2.8219954648526078,2.920634920634919,7.417054721275904,0.6151215805471125
תפ_33125-01-14,drugs,Hybrid-Full,23,6.0,18.0,1.9902912621359223,12.696948682385573,2.5875958289333063,2.9520426429161666,62.69565217391305,4.009708737864077,5.303051317614427,5.539638471849473,0.41830546651650335
תפ_5711-02-09,weapon,Hybrid-Full,4,36.0,60.0,35.917808219178085,77.95890410958904,8.48528137423857,6.0,73.0,0.08219178082191547,17.958904109589042,14.48528137423857,0.570869990224829
תפ_327-04-17,drugs,Hybrid-Full,54,10.0,26.0,11.880156211862337,29.234073712472533,9.047201327032125,14.379006568743824,75.87037037037037,1.880156211862337,3.234073712472533,23.42620789577595,0.7341057333570218
תפ_46722-01-23,drugs,Hybrid-Full,10,8.0,18.0,11.017684887459806,28.045016077170416,6.193545026880809,10.860939185908371,62.2,3.017684887459806,10.045016077170416,17.05448421278918,0.34833172922682076
תפ_30391-06-20,weapon,Hybrid-Full,5,24.0,48.0,28.378378378378375,57.37837837837838,11.634431657799189,15.697133496278868,74.0,4.378378378378375,9.378378378378379,27.331565154078056,0.5878542510121458
תפ_35940-05-14,drugs,Hybrid-Full,3,18.0,36.0,4.428571428571429,14.523809523809524,3.7416573867739413,5.2493385826745405,70.0,13.571428571428571,21.476190476190474,8.990995969448482,0.0
תפ_38910-11-23,drugs,Hybrid-Full,21,9.0,20.0,6.446875,19.45,4.893885305019398,6.296527495644036,76.19047619047619,2.5531249999999996,0.5500000000000007,11.190412800663434,0.7710398893244178
תפ_39513-02-21,drugs,Hybrid-Full,40,40.0,65.0,28.284866468842726,51.95548961424332,11.215502663723994,14.310485666112106,84.25,11.715133531157274,13.04451038575668,25.5259883298361,0.325628384385355
תפ_39850-07-16,weapon,Hybrid-Full,25,18.0,40.0,29.729347826086965,55.88097826086957,14.934202355666672,22.94954465779223,73.6,11.729347826086965,15.880978260869568,37.8837470134589,0.2711295390310036
תפ_64144-09-17,drugs,Hybrid-Full,4,6.0,24.0,5.333333333333333,19.539682539682538,3.2691742076555053,6.832825184358224,63.0,0.666666666666667,4.460317460317462,10.10199939201373,0.7253401360544216
תפ_28420-12-14,drugs,Hybrid-Full,4,10.0,33.0,5.499999999999999,22.75,4.153311931459037,6.609652033201143,55.0,4.500000000000001,10.25,10.76296396466018,0.4636363636363636
תפ_45180-02-13,drugs,Hybrid-Full,4,0.0,12.0,5.07942238267148,17.263537906137184,6.139014578904337,7.399324293474371,69.25,5.07942238267148,5.263537906137184,13.53833887237871,0.40087829360100374
תפ_318-01-21,drugs,Hybrid-Full,4,9.0,24.0,11.147540983606557,24.98360655737705,1.7320508075688772,4.330127018922194,76.25,2.1475409836065573,0.9836065573770512,6.062177826491071,0.804102564102564
תפ_51170-10-23,weapon,Hybrid-Full,22,30.0,54.0,24.47022587268994,45.978781656399725,8.871558231480277,10.06559067827017,66.4090909090909,5.529774127310059,8.021218343600275,18.937148909750448,0.541107479776557
תפ_4788-09-15,drugs,Hybrid-Full,8,6.0,18.0,4.446808510638298,19.808510638297868,8.59869176095992,12.386989141837494,58.75,1.5531914893617023,1.808510638297868,20.985680902797412,0.7811634349030474
תפ_5858-02-20,drugs,Hybrid-Full,3,30.0,54.0,31.44117647058823,65.49999999999999,5.436502143433363,4.9216076867444665,56.666666666666664,1.4411764705882284,11.499999999999986,10.35810983017783,0.6354598177299093
תפ_76750-01-23,weapon,Hybrid-Full,8,35.0,70.0,58.702702702702695,100.86486486486484,27.780388766178202,33.37289319193048,69.375,23.702702702702695,30.864864864864842,61.15328195810868,0.17152236356175643
תפ_44174-05-21,drugs,Hybrid-Full,4,9.0,24.0,7.521739130434783,19.956521739130437,1.6583123951777,4.242640687119285,57.5,1.4782608695652169,4.043478260869563,5.900953082296985,0.6649076517150396
תפ_23707-03-19,weapon,Hybrid-Full,10,24.0,48.0,19.088888888888892,37.17037037037038,4.0,6.016643582596529,67.5,4.911111111111108,10.829629629629622,10.01664358259653,0.4555470151165773
תפח_63752-10-15,weapon,Hybrid-Full,4,108.0,168.0,67.50000000000001,138.00000000000003,43.96305266925854,35.4964786985977,65.0,40.499999999999986,29.99999999999997,79.45953136785624,0.29850746268656747
תפ_14593-04-20,weapon,Hybrid-Full,14,16.0,36.0,26.197905759162293,52.70157068062826,15.384858710791608,23.46686765529265,68.21428571428571,10.197905759162293,16.701570680628258,38.85172636608426,0.2670756062767479
תפ_24328-11-22,weapon,Hybrid-Full,11,24.0,50.0,13.574850299401197,34.131736526946106,3.551277269931747,7.259078100973501,75.9090909090909,10.425149700598803,15.868263473053894,10.81035537090525,0.2781522275193161
תפ_73367-01-19,drugs,Hybrid-Full,64,6.0,18.0,12.432918988426918,29.213459065580793,9.117077039819286,14.771402639475372,72.90625,6.432918988426918,11.213459065580793,23.888479679294658,0.23982126040955007
תפ_19469-12-19,drugs,Hybrid-Full,12,9.0,20.0,23.29598893499308,44.51728907330566,12.704712598961938,15.31248582765784,60.25,14.29598893499308,24.517289073305662,28.017198426619778,0.0
תפ_24689-03-15,drugs,Hybrid-Full,4,6.0,20.0,9.0,27.745901639344257,2.1213203435596424,6.06217782649107,61.0,3.0,7.7459016393442575,8.183498170050713,0.5058424425179043
תפ_1606-02-24,drugs,Hybrid-Full,5,18.0,42.0,20.210169491525424,36.49491525423729,3.6660605559646724,8.634813257969162,59.0,2.2101694915254235,5.505084745762709,12.300873813933833,0.6785310734463278
תפ_701-12-16,drugs,Hybrid-Full,9,15.0,36.0,14.372759856630825,38.09677419354839,3.4995590551163605,8.0,62.0,0.6272401433691748,2.0967741935483915,11.499559055116361,0.8851790300649643
תפ_63470-09-17,weapon,Hybrid-Full,9,3.0,12.0,4.148648648648649,14.777027027027028,1.7284832429004495,6.847546194724712,82.22222222222223,1.1486486486486491,2.777027027027028,8.576029437625161,0.6666666666666665
תפ_33932-08-15,drugs,Hybrid-Full,3,6.0,18.0,7.446808510638298,22.851063829787233,1.8856180831641267,7.483314773547883,78.33333333333333,1.4468085106382977,4.851063829787233,9.368932856712009,0.6262626262626263
תפ_19005-11-20,drugs,Hybrid-Full,52,25.0,50.0,24.876877560309513,48.23463814292216,10.996502940620573,14.406041221259889,84.5,0.12312243969048708,1.765361857077842,25.402544161880463,0.9248308286001573
תפ_28662-02-15,weapon,Hybrid-Full,14,54.0,82.0,34.16442307692308,63.45192307692308,39.23821804187903,47.84178858167698,74.28571428571429,19.83557692307692,18.54807692307692,87.08000662355602,0.197591911395204
תפ_11475-02-14,drugs,Hybrid-Full,3,30.0,66.0,12.982142857142858,33.38095238095238,1.4142135623730951,2.494438257849294,56.0,17.017857142857142,32.61904761904762,3.9086518202223894,0.06377006848546085
תפ_37701-05-13,weapon,Hybrid-Full,4,24.0,60.0,18.214285714285715,40.85714285714286,7.874007874011811,15.7797338380595,70.0,5.785714285714285,19.14285714285714,23.65374171207131,0.40341880341880354
תפ_864-02-17,drugs,Hybrid-Full,28,8.0,20.0,6.4864376130198895,19.71654611211573,4.528115118966417,7.14812305890897,79.0,1.5135623869801105,0.2834538878842707,11.676238177875387,0.8670212765957444
תפ_5188-10-21,drugs,Hybrid-Full,24,8.0,24.0,15.622481442205727,35.37592788971369,8.587680937767127,14.166605392024348,78.58333333333333,7.622481442205727,11.375927889713687,22.754286329791476,0.3060177025430458
תפ_24964-09-11,weapon,Hybrid-Full,14,30.0,60.0,28.664984863773963,57.56306760847628,17.984829207769895,27.43201243296687,70.78571428571429,1.335015136226037,2.436932391523719,45.41684164073676,0.8796251569896626
תפ_17321-06-18,drugs,Hybrid-Full,19,22.0,44.0,12.429530201342283,29.08724832214765,7.7720288299107585,13.187125426275061,78.42105263157895,9.570469798657717,14.912751677852349,20.95915425618582,0.22448979591836735
תפ_3518-11-18,drugs,Hybrid-Full,10,9.0,21.0,11.032928942807626,25.150779896013866,5.882176467941097,11.6,57.7,2.032928942807626,4.150779896013866,17.482176467941095,0.6171263011052688
תפ_44404-01-16,drugs,Hybrid-Full,4,30.0,60.0,34.4156378600823,63.481481481481474,20.716840975399702,27.65863337187866,60.75,4.415637860082299,3.481481481481474,48.37547434727836,0.7641347099311705
תפ_3745-09-16,drugs,Hybrid-Full,6,15.0,48.0,27.23453608247423,53.15979381443299,8.281505499203229,18.0246744461277,64.66666666666667,12.234536082474229,5.159793814432987,26.306179945330932,0.5441712819127381
תפ_43253-03-21,drugs,Hybrid-Full,5,8.0,18.0,11.945945945945946,24.594594594594593,11.906300852909775,15.666524822052912,74.0,3.9459459459459456,6.594594594594593,27.572825674962687,0.3648208469055375
תפ_43354-03-21,drugs,Hybrid-Full,6,6.0,18.0,17.919540229885058,35.05747126436782,11.427306477614632,16.289055630494154,72.5,11.919540229885058,17.05747126436782,27.716362108108786,0.002768987341772129
תפ_60444-08-19,drugs,Hybrid-Full,5,15.0,30.0,26.13114754098361,55.442622950819676,8.579044235810887,13.6,61.0,11.131147540983608,25.442622950819676,22.179044235810885,0.09566274827725978
תפ_42213-09-17,drugs,Hybrid-Full,3,20.0,40.0,22.666666666666668,42.0,11.469767022723502,17.663521732655695,55.0,2.666666666666668,2.0,29.133288755379198,0.7878787878787878
תפק_6666-09-19,drugs,Hybrid-Full,8,6.0,12.0,2.6122448979591835,10.36734693877551,2.8284271247461903,3.665719574653795,61.25,3.3877551020408165,1.6326530612244898,6.494146699399986,0.4652173913043478
תפ_45136-02-13,drugs,Hybrid-Full,4,8.0,18.0,10.816666666666668,27.433333333333334,3.2691742076555053,6.06217782649107,75.0,2.816666666666668,9.433333333333334,9.331352034146576,0.36963979416809595
תפ_54444-04-22,weapon,Hybrid-Full,20,36.0,60.0,39.55897435897436,68.75457875457876,18.33705265303015,23.103895775388185,68.25,3.5589743589743605,8.754578754578759,41.44094842841834,0.6240662044285393
תפ_57202-06-19,drugs,Hybrid-Full,4,10.0,30.0,20.11453744493392,38.35242290748898,16.147755261955144,20.12461179749811,56.75,10.11453744493392,8.352422907488979,36.27236705945325,0.3486637663144812
תפ_50969-06-22,drugs,Hybrid-Full,4,12.0,24.0,11.346153846153848,23.192307692307697,2.958039891549808,5.722761571129799,65.0,0.6538461538461515,0.807692307692303,8.680801462679607,0.8844984802431616
תפ_9407-10-23,drugs,Hybrid-Full,3,12.0,24.0,9.913043478260871,20.434782608695652,1.632993161855452,3.39934634239519,76.66666666666667,2.086956521739129,3.5652173913043477,5.032339504250642,0.5987654320987655
תפ_57334-05-13,drugs,Hybrid-Full,4,7.0,18.0,15.588235294117649,38.88235294117648,9.807522622966516,20.16649448962313,63.75,8.588235294117649,20.882352941176478,29.974017112589646,0.07564575645756451
תפ_63025-03-15,drugs,Hybrid-Full,37,10.0,30.0,10.709017767348307,26.43446195105598,13.041821810742936,16.974307057227577,80.62162162162163,0.7090177673483069,3.5655380489440205,30.016128867970515,0.7862722091853837
תפ_36475-04-22,drugs,Hybrid-Full,9,30.0,54.0,23.266666666666666,48.233333333333334,5.868938953886337,12.780193008453876,83.33333333333333,6.733333333333334,5.766666666666666,18.649131962340213,0.5932754880694143
תפ_30494-12-11,drugs,Hybrid-Full,8,6.0,18.0,7.515463917525774,21.278350515463924,5.12195031213697,9.260129588726068,60.625,1.515463917525774,3.2783505154639236,14.382079900863037,0.6862348178137648
תפ_73261-01-23,drugs,Hybrid-Full,21,24.0,48.0,14.51145038167939,31.016030534351145,10.32290454652391,14.836065635383763,62.38095238095238,9.48854961832061,16.983969465648855,25.158970181907673,0.20950535673581036
תפ_22679-09-16,drugs,Hybrid-Full,53,66.0,102.0,41.75318133616119,74.3913043478261,18.72871284795782,25.79223889160559,71.16981132075472,24.24681866383881,27.608695652173907,44.52095173956341,0.1392821153702295
תפ_39936-04-12,drugs,Hybrid-Full,66,6.0,12.0,8.488690032314192,22.11856823266219,9.461596535420528,15.812956294661019,60.95454545454545,2.4886900323141923,10.118568232662192,25.274552830081547,0.21784254761354005
תפ_26434-10-18,weapon,Hybrid-Full,12,42.0,78.0,40.12428078250863,74.97583429228997,34.38467035694185,48.79549159502341,72.41666666666667,1.8757192174913726,3.0241657077100257,83.18016195196526,0.870632557574284
תפ_54648-02-17,drugs,Hybrid-Full,23,30.0,60.0,46.05059523809524,79.6309523809524,12.898615860444558,17.00116753468811,73.04347826086956,16.05059523809524,19.630952380952394,29.89978339513267,0.2810626049412328
תפ_3919-12-20,drugs,Hybrid-Full,14,8.0,24.0,7.214999999999999,22.650000000000002,6.161102472242235,9.523333321427975,71.42857142857143,0.785000000000001,1.3499999999999979,15.684435793670211,0.8728030980041706
תפח_53763-12-15,weapon,Hybrid-Full,3,60.0,108.0,62.0,111.99999999999999,32.61901286060018,20.396078054371138,65.0,2.0,3.999999999999986,53.01509091497132,0.8846153846153848
תפ_50621-12-11,drugs,Hybrid-Full,6,12.0,48.0,15.147058823529413,37.43627450980392,3.958114029012639,9.480975102218594,68.0,3.147058823529413,10.563725490196077,13.439089131231233,0.6191448801742919
תפ_8066-09-21,drugs,Hybrid-Full,49,24.0,48.0,19.621824340672635,41.420275828695864,7.7446223499669,12.828409746590014,84.34693877551021,4.378175659327365,6.579724171304136,20.573032096556915,0.6138617238057075
תפ_53298-06-20,drugs,Hybrid-Full,53,7.0,18.0,6.582703829122168,19.98645480593905,5.905991913052209,8.181807393975435,72.43396226415095,0.4172961708778322,1.9864548059390508,14.087799307027645,0.8206657986279804
תפ_33658-01-24,drugs,Hybrid-Full,3,8.0,18.0,4.454545454545454,16.227272727272727,3.6817870057290873,2.8284271247461903,73.33333333333333,3.545454545454546,1.7727272727272734,6.510214130475278,0.6073825503355703
תפ_56648-11-23,drugs,Hybrid-Full,13,9.0,18.0,3.597701149425287,14.379310344827584,4.3947251867956,4.716833759001813,66.92307692307692,5.402298850574713,3.6206896551724164,9.111558945797412,0.3735035913806862
תפ_12320-10-17,drugs,Hybrid-Full,8,4.0,10.0,2.0594059405940595,13.029702970297029,2.6457513110645907,2.449489742783178,63.125,1.9405940594059405,3.029702970297029,5.095241053847769,0.5469314079422383
תפ_14663-06-22,drugs,Hybrid-Full,8,10.0,24.0,5.25,18.435185185185187,4.553501400021746,4.871793817476269,67.5,4.75,5.564814814814813,9.425295217498014,0.44987654320987663
תפ_3688-07-15,drugs,Hybrid-Full,10,6.0,18.0,6.004608294930876,18.989247311827956,4.1952353926806065,7.224956747275377,65.1,0.004608294930876333,0.9892473118279561,11.420192139955983,0.9234862819299906
תפ_36724-02-20,drugs,Hybrid-Full,6,30.0,54.0,20.430232558139537,46.05813953488372,6.465721580423608,9.928914005737653,71.66666666666667,9.569767441860463,7.941860465116278,16.39463558616126,0.4783512296501559
תפ_429-03-17,drugs,Hybrid-Full,35,30.0,48.0,22.054615756404058,46.88980183663606,12.27255108785788,19.482991012047158,59.114285714285714,7.945384243595942,1.1101981633639397,31.755542099905036,0.6509752053799297
תפ_69865-03-18,drugs,Hybrid-Full,52,0.0,8.0,9.630216265610724,24.695705147730745,8.543224589727965,14.160272370596106,63.13461538461539,9.630216265610724,16.695705147730745,22.70349696032407,0.0
תפ_6988-08-22,drugs,Hybrid-Full,13,0.0,8.0,0.24719101123595508,9.91011235955056,1.0658774200423862,2.3533936216582085,68.46153846153847,0.24719101123595508,1.9101123595505598,3.4192710417005947,0.7823129251700681
תפ_37875-06-23,weapon,Hybrid-Full,5,11.0,24.0,41.470588235294116,55.8529411764706,29.567549780122125,27.89695323866031,68.0,30.470588235294116,31.8529411764706,57.46450301878244,0.0
תפ_63287-04-21,drugs,Hybrid-Full,26,23.0,51.0,19.00651890482399,41.00999565406345,4.103685744107428,8.928463228423007,88.5,3.9934810951760085,9.990004345936548,13.032148972530436,0.5629270413083935
תפ_29159-08-22,drugs,Hybrid-Full,12,16.0,30.0,10.176610978520285,24.081145584725537,5.29871577732651,10.727366353811586,69.83333333333333,5.823389021479715,5.918854415274463,16.026082131138097,0.4076571153383097
תפ_48152-02-20,drugs,Hybrid-Full,77,9.0,18.0,11.411385606874331,27.025778732545653,9.631689278306997,14.037429184660317,60.45454545454545,2.4113856068743313,9.025778732545653,23.66911846296731,0.3655106661899652
תפ_16389-10-13,drugs,Hybrid-Full,14,6.0,12.0,6.375757575757576,18.048484848484854,5.996597674804387,10.835504753600828,58.92857142857143,0.37575757575757596,6.048484848484854,16.832102428405214,0.4668008048289736
תפ_45644-11-22,drugs,Hybrid-Full,62,16.0,36.0,18.224095053882298,39.40674219397626,10.377036302054261,17.162169514224114,58.37096774193548,2.224095053882298,3.4067421939762568,27.539205816278375,0.7594352430084159
תפ_46074-01-24,weapon,Hybrid-Full,27,32.0,48.0,29.299691040164777,51.39134912461379,11.347485717054921,17.26585472454227,71.92592592592592,2.7003089598352226,3.3913491246137895,28.613340441597188,0.7242552794741507
תפ_19965-05-12,drugs,Hybrid-Full,53,20.0,84.0,14.789173789173786,32.08673630895853,13.187208058955257,22.1236854563196,59.60377358490566,5.210826210826214,51.91326369104147,35.310893515274856,0.174636497939507
תפ_47874-04-19,drugs,Hybrid-Full,56,12.0,30.0,16.186618661866188,34.565856585658565,12.174315867297622,20.039883701646332,59.517857142857146,4.186618661866188,4.565856585658565,32.214199568943954,0.6121363612189544
תפ_55163-03-15,drugs,Hybrid-Full,6,8.0,30.0,6.295774647887325,18.3943661971831,3.640054944640259,8.379870059984357,59.166666666666664,1.7042253521126751,11.6056338028169,12.019925004624616,0.4385026737967915
תפ_19985-04-14,drugs,Hybrid-Full,80,0.0,15.0,8.34803432448613,21.218319696667333,7.400633418836526,10.802480907180534,62.6375,8.34803432448613,6.218319696667333,18.20311432601706,0.31350105807665174
תפ_38312-03-10,drugs,Hybrid-Full,66,0.0,8.0,7.475984752223635,19.97839898348158,9.203394989830816,14.12437375193313,59.621212121212125,7.475984752223635,11.97839898348158,23.327768741763947,0.026229091140367568
תפ_39019-05-15,drugs,Hybrid-Full,67,15.0,30.0,15.597249034749039,34.34435328185329,12.981677373399936,21.632545631964966,61.850746268656714,0.5972490347490389,4.344353281853287,34.614223005364906,0.7445454885670443
תפ_305-12-12,drugs,Hybrid-Full,71,4.0,12.0,10.439130434782614,25.76361556064074,10.416366655733908,18.882287089256085,61.54929577464789,6.439130434782614,13.76361556064074,29.29865374498999,0.07171922150840605
תפ_31628-07-15,drugs,Hybrid-Full,3,3.0,12.0,3.5294117647058822,13.970588235294118,4.714045207910316,7.408703590297622,56.666666666666664,0.5294117647058822,1.9705882352941178,12.122748798207938,0.7721179624664879
תפ_60295-03-22,drugs,Hybrid-Full,72,40.0,60.0,21.032712305025996,42.90879549393415,10.5032971748499,19.159011152283757,64.11111111111111,18.967287694974004,17.09120450606585,29.66230832713366,0.07464711212911353
תפ_6308-11-18,drugs,Hybrid-Full,16,0.0,8.0,2.204251386321627,12.790203327171906,3.2445868381043526,4.404809161586913,67.625,2.204251386321627,4.790203327171906,7.649395999691265,0.45313967772237873
תפ_59117-03-21,drugs,Hybrid-Full,131,12.0,24.0,11.20264159923846,26.03141361256545,9.755223439772449,17.43650814606296,64.1526717557252,0.7973584007615404,2.0314136125654514,27.191731585835406,0.8092376084287557
תפ_16127-05-22,drugs,Hybrid-Full,8,0.0,12.0,4.089285714285714,14.839285714285714,3.278719262151,2.6339134382131846,70.0,4.089285714285714,2.8392857142857135,5.912632700364185,0.5330926594464501
תפ_60394-12-12,drugs,Hybrid-Full,4,10.0,24.0,18.124999999999996,38.24999999999999,10.136567466356647,12.36931687685298,60.0,8.124999999999996,14.249999999999993,22.50588434320963,0.2079646017699117
תפ_42976-08-17,weapon,Hybrid-Full,4,5.0,18.0,37.78846153846154,72.42307692307692,10.894379284750462,16.99264546796643,65.0,32.78846153846154,54.42307692307692,27.88702475271689,0.0
תפ_27683-01-21,drugs,Hybrid-Full,115,0.0,14.0,9.096156439649357,22.060957518543486,8.654310420067038,14.627694684940659,64.47826086956522,9.096156439649357,8.060957518543486,23.2820051050077,0.22228607059456434
תפ_58167-11-10,drugs,Hybrid-Full,8,1.0,15.0,1.066810344827586,12.474137931034482,2.9764702249476644,2.3979157616563596,58.0,0.06681034482758608,2.525862068965518,5.374385986604024,0.8148091133004927
תפ_7091-03-19,drugs,Hybrid-Full,25,1.0,18.0,12.579136690647482,28.60071942446043,8.309608895730292,15.118518445932457,55.6,11.579136690647482,10.60071942446043,23.42812734166275,0.1964029714583605
תפ_20414-08-12,drugs,Hybrid-Full,57,8.0,18.0,14.618336886993605,31.343283582089555,12.229894902741485,19.37987520451161,57.59649122807018,6.618336886993605,13.343283582089555,31.609770107253095,0.14486664230909746
תפ_39324-07-17,drugs,Hybrid-Full,24,0.0,12.0,2.26628895184136,14.296742209631727,3.3322915038553673,5.843889258590264,58.833333333333336,2.26628895184136,2.296742209631727,9.17618076244563,0.6808342002278694
תפ_42253-12-23,drugs,Hybrid-Full,27,12.0,36.0,18.57192982456141,39.49298245614036,9.117582766319474,14.679661284184364,63.333333333333336,6.571929824561408,3.4929824561403606,23.79724405050384,0.6339097696381848
תפ_50079-03-13,drugs,Hybrid-Full,18,48.0,96.0,41.03571428571429,73.32142857142858,23.57965224510319,30.144559118428724,62.22222222222222,6.964285714285708,22.678571428571416,53.724211363531914,0.4606887589343732
תפ_58944-08-21,drugs,Hybrid-Full,115,8.0,24.0,17.142126902989226,37.073341482386944,8.848183947468653,14.415529328550729,78.25217391304348,9.142126902989226,13.073341482386944,23.26371327601938,0.23588183357476725
תפ_69852-03-23,weapon,Hybrid-Full,31,72.0,102.0,49.86837815810921,81.79217603911982,18.90636327590527,21.46628166914968,79.16129032258064,22.13162184189079,20.207823960880177,40.37264494505495,0.18783563014437507
תפ_38015-01-12,weapon,Hybrid-Full,12,0.0,20.0,23.955128205128204,45.04871794871795,9.53174520571478,11.116491752746857,65.0,23.955128205128204,25.04871794871795,20.648236958461638,0.0
תפ_48537-12-23,weapon,Hybrid-Full,27,40.0,70.0,27.115384615384617,45.191208791208794,12.68138629247764,13.74997194160998,67.4074074074074,12.884615384615383,24.808791208791206,26.431358234087618,0.12105060858424094
תפ_5687-03-23,drugs,Hybrid-Full,7,120.0,168.0,52.6987951807229,91.3734939759036,11.435712054965428,9.310954706743042,59.285714285714285,67.3012048192771,76.6265060240964,20.746666761708468,0.0
תפ_32895-05-22,drugs,Hybrid-Full,48,6.0,18.0,11.20978298312091,28.03238029624526,8.606537203712588,14.70614950737729,60.479166666666664,5.20978298312091,10.032380296245261,23.312686711089878,0.30819262038774237
תפ_54176-01-13,drugs,Hybrid-Full,24,30.0,60.0,31.6604621309371,63.86392811296533,14.443796726930524,24.970399142451313,64.91666666666667,1.6604621309370984,3.8639281129653327,39.414195869381835,0.8368650492797576
תפ_4760-10-18,drugs,Hybrid-Full,36,42.0,84.0,37.96352941176471,70.53686274509805,14.103754644126806,21.65804671835207,70.83333333333333,4.036470588235289,13.463137254901952,35.76180136247888,0.6198751203223364
תפ_64232-11-22,drugs,Hybrid-Full,61,35.0,65.0,21.075919019712305,43.54022376132126,10.934536829386333,19.188858968662394,61.540983606557376,13.924080980287695,21.459776238678742,30.123395798048726,0.19443147291240878
תפ_899-04-18,drugs,Hybrid-Full,96,0.0,10.0,9.58784123262435,24.39105677440964,9.270523168968886,17.236102367600076,62.197916666666664,9.58784123262435,14.391056774409641,26.50662553656896,0.016897946291858718
תפ_61617-11-16,drugs,Hybrid-Full,18,0.0,10.0,7.345029239766083,20.878028404344196,6.27384340823957,11.335647911797848,66.5,7.345029239766083,10.878028404344196,17.609491320037417,0.127165779680685
תפ_7154-12-16,drugs,Hybrid-Full,63,12.0,30.0,15.610910031023792,34.1864012409514,10.48753594410462,18.392298496678702,61.3968253968254,3.610910031023792,4.1864012409513975,28.87983444078332,0.6485544822121487
תפ_26357-10-15,drugs,Hybrid-Full,22,18.0,36.0,18.45901639344262,39.39344262295081,8.446232472245043,16.921061256599327,55.45454545454545,0.4590163934426208,3.3934426229508077,25.36729372884437,0.8199233716475102
תפ_2047-08-15,drugs,Hybrid-Full,11,8.0,18.0,10.703124999999998,28.437499999999993,9.773467202432553,18.975843713208093,58.18181818181818,2.7031249999999982,10.437499999999993,28.749310915640645,0.3570336391437311
תפ_1463-04-19,drugs,Hybrid-Full,103,0.0,10.0,7.552113535785136,19.79307187547688,7.916259810319826,11.338076740099652,63.62135922330097,7.552113535785136,9.79307187547688,19.254336550419477,0.1236739036575588
תפ_18163-03-15,drugs,Hybrid-Full,67,6.0,16.0,9.262707599396078,22.36436839456468,9.446287404796474,14.300189973610646,59.3134328358209,3.2627075993960784,6.3643683945646785,23.74647737840712,0.41170500676589944
תפ_34771-07-20,drugs,Hybrid-Full,52,6.0,18.0,6.533165671172587,18.102483495756058,3.9487751827353987,4.898979485566356,61.17307692307692,0.5331656711725872,0.10248349575605786,8.847754668301754,0.9474777910540804
תפ_14825-04-13,drugs,Hybrid-Full,60,24.0,60.0,16.10027855153204,35.594707520891376,12.83744522870497,20.806482697039936,59.833333333333336,7.899721448467961,24.405292479108624,33.643927925744904,0.2641180203045688
תפ_73863-01-19,drugs,Hybrid-Full,21,0.0,15.0,5.952651515151516,18.789141414141415,4.786602618334881,6.762240098995494,75.42857142857143,5.952651515151516,3.7891414141414153,11.548842717330375,0.4815200591358107
תפ_15253-08-18,drugs,Hybrid-Full,20,0.0,8.0,3.078416149068323,13.664596273291925,4.432550056118938,9.192932067626739,64.4,3.078416149068323,5.6645962732919255,13.625482123745677,0.36017045454545454
תפ_38149-09-17,drugs,Hybrid-Full,20,3.0,18.0,3.400306748466258,15.348159509202453,3.9924929555354254,4.583666654546335,65.2,0.4003067484662579,2.6518404907975466,8.57615961008176,0.796523517382413
תפ_14734-11-19,drugs,Hybrid-Full,10,18.0,36.0,11.95729537366548,28.665480427046266,6.04979338490167,9.303762679690406,56.2,6.042704626334521,7.3345195729537345,15.353556064592077,0.4436056838365898
תפ_20469-11-15,drugs,Hybrid-Full,17,0.0,10.0,7.722782258064518,22.10887096774194,6.508977032293202,11.099736584673302,58.35294117647059,7.722782258064518,12.10887096774194,17.608713616966504,0.10300018238190763
תפ_13289-03-15,drugs,Hybrid-Full,78,0.0,12.0,8.009370543898964,20.715420655938082,9.074206460053928,13.45138200496603,62.93589743589744,8.009370543898964,8.715420655938082,22.525588465019958,0.1926405223616408
תפ_1491-03-23,drugs,Hybrid-Full,76,7.0,20.0,12.29380341880342,29.254914529914533,9.035891422267857,14.248699945556583,61.578947368421055,5.293803418803421,9.254914529914533,23.28459136782444,0.34626943054928794
תפ_6681-09-21,drugs,Hybrid-Full,6,36.0,72.0,35.27762039660057,66.27762039660057,16.948451256678293,28.039654459750786,58.833333333333336,0.7223796033994319,5.722379603399432,44.988105716429075,0.8245005014271388
תפ_44336-03-19,drugs,Hybrid-Full,42,36.0,48.0,12.543180930050802,28.556467370066432,8.460793935181583,12.156854677352136,60.92857142857143,23.456819069949198,19.443532629933568,20.61764861253372,0.0
תפ_54072-05-16,drugs,Hybrid-Full,58,6.0,24.0,11.622833371851167,28.6159001617749,8.884397605271909,14.58128432465674,74.60344827586206,5.622833371851167,4.615900161774899,23.46568192992865,0.5472772049581541
תפ_55331-06-21,drugs,Hybrid-Full,108,0.0,14.0,9.613284368513494,23.574644738942997,9.003352522974385,15.688420672900012,57.99074074074074,9.613284368513494,9.574644738942997,24.691773195874397,0.18607769830949278
תפ_14460-04-22,drugs,Hybrid-Full,57,0.0,8.0,10.687080781568975,25.727325750947802,12.21113126148163,20.733428044425658,60.1578947368421,10.687080781568975,17.727325750947802,32.94455930590729,0.0
תפ_44843-01-19,drugs,Hybrid-Full,43,0.0,10.0,7.302083333333333,19.071428571428573,10.061143522374872,14.800567132805321,62.51162790697674,7.302083333333333,9.071428571428573,24.861710655180193,0.14146379525593009
תפ_69612-01-23,drugs,Hybrid-Full,83,24.0,48.0,20.561453712977535,42.740592359421946,7.826634368939937,12.535448357547871,84.20481927710843,3.438546287022465,5.259407640578054,20.362082726487806,0.6830023778732633
תפ_4911-12-16,drugs,Hybrid-Full,41,0.0,8.0,7.895919131411459,22.13478098090603,8.50467904948104,13.708749165707307,65.14634146341463,7.895919131411459,14.13478098090603,22.213428215188344,0.004702141334866778
תפ_27593-03-13,drugs,Hybrid-Full,65,6.0,12.0,8.811749680715197,22.167560664112386,9.579638169347593,14.557651153279904,60.23076923076923,2.811749680715197,10.167560664112386,24.137289322627495,0.1972004550050557
תפ_27021-01-14,drugs,Hybrid-Full,10,0.0,12.0,3.3360655737704916,14.508196721311474,4.080441152620633,8.304215796810679,61.0,3.3360655737704916,2.5081967213114744,12.384656949431312,0.5971751412429379
תפ_34752-02-21,drugs,Hybrid-Full,99,9.0,24.0,8.595850755870053,21.596815696365386,6.548322105369735,10.218278873689828,62.80808080808081,0.4041492441299468,2.403184303634614,16.76660097905956,0.8177547163901733
תפ_26685-11-18,drugs,Hybrid-Full,90,0.0,8.0,7.9391727493917275,21.021550225929786,8.530873488051256,14.537227646780558,63.93333333333333,7.9391727493917275,13.021550225929786,23.068101134831814,0.0028935663618776786
תפ_29566-01-22,weapon,Hybrid-Full,5,8.0,18.0,8.171875,20.9375,1.1661903789690602,1.5491933384829668,64.0,0.171875,2.9375,2.715383717452027,0.7596618357487923
תפ_64041-02-19,drugs,Hybrid-Full,61,0.0,10.0,8.976221245799948,24.058929956061,8.219018852327856,13.233296225717208,63.42622950819672,8.976221245799948,14.058929956061,21.452315078045064,0.04255296291521637
תפ_42974-11-12,drugs,Hybrid-Full,51,8.0,18.0,6.284563325813729,17.922655494682566,4.807321725876699,7.105131328532496,60.84313725490196,1.7154366741862708,0.0773445053174342,11.912453054409195,0.8469727395263115
תפ_10140-10-19,drugs,Hybrid-Full,22,5.0,16.0,14.486891385767787,34.35955056179775,7.504819388205606,12.64331071298669,60.68181818181818,9.486891385767787,18.359550561797747,20.148130101192294,0.051537185865544184
תפ_58237-07-21,drugs,Hybrid-Full,53,7.0,18.0,11.850710265344416,28.664165103189497,9.087134074942288,14.378101303051515,70.39622641509433,4.850710265344416,10.664165103189497,23.465235377993803,0.2838461443293865
תפ_49591-09-23,weapon,Hybrid-Full,5,18.0,42.0,17.29230769230769,38.676923076923075,2.7129319932501073,4.8,65.0,0.7076923076923087,3.3230769230769255,7.512931993250107,0.8368617683686176
תפ_21291-04-23,drugs,Hybrid-Full,45,36.0,66.0,18.68214152002995,39.14563833770124,10.792178237552932,18.589602828821636,59.355555555555554,17.31785847997005,26.854361662298757,29.381781066374568,0.06647888215466918
תפ_56678-03-17,drugs,Hybrid-Full,3,0.0,18.0,0.33333333333333337,10.666666666666668,0.4714045207910317,1.8856180831641267,85.0,0.33333333333333337,7.333333333333332,2.3570226039551585,0.5740740740740741
תפ_13194-11-18,drugs,Hybrid-Full,57,0.0,12.0,9.317922077922079,24.625714285714288,7.753711171719086,13.300559906014524,67.54385964912281,9.317922077922079,12.625714285714288,21.05427107773361,0.10891371072366543
תפ_25146-11-12,drugs,Hybrid-Full,41,24.0,48.0,24.470071159480955,49.3901213897028,13.21879216831304,21.56304481848842,58.26829268292683,0.47007115948095546,1.3901213897027986,34.781836986801466,0.9267355787460642
תפ_41783-12-17,drugs,Hybrid-Full,55,9.0,18.0,6.472781065088757,18.749704142011833,6.721619246078746,9.652918883695575,61.45454545454545,2.527218934911243,0.7497041420118329,16.374538129774322,0.7330827067669173
תפ_15963-02-13,drugs,Hybrid-Full,31,6.0,24.0,16.890306122448983,37.1811224489796,11.300456281709065,19.22715951073368,63.225806451612904,10.890306122448983,13.1811224489796,30.527615792442745,0.22801276282418373
תפ_50105-10-12,drugs,Hybrid-Full,10,36.0,72.0,47.771720613287904,83.2436115843271,27.545598559479515,34.236822282449054,58.7,11.771720613287904,11.243611584327098,61.78242084192857,0.5128371556324822
תפ_39491-09-17,drugs,Hybrid-Full,82,9.0,24.0,12.853883029721954,29.009587727708535,12.09564304230171,20.40418475466925,63.59756097560975,3.8538830297219544,5.009587727708535,32.49982779697096,0.5570388116914231
תפ_4029-07-24,weapon,Hybrid-Full,4,9.0,21.0,11.03921568627451,30.431372549019606,4.636809247747852,12.278029157808675,63.75,2.0392156862745097,9.431372549019606,16.914838405556527,0.46477584629460206
תפ_33658-01-18,drugs,Hybrid-Full,109,6.0,24.0,8.893874643874646,22.420655270655278,8.003250328684206,12.066037467341376,64.40366972477064,2.8938746438746463,1.5793447293447223,20.069287796025584,0.7514878125989239
תפ_13935-05-24,drugs,Hybrid-Full,30,12.0,24.0,15.110734463276836,32.829943502824854,11.892294423981717,19.531996541288063,59.0,3.1107344632768363,8.829943502824854,31.42429096526978,0.4267541837315903
תפ_12699-03-18,drugs,Hybrid-Full,64,24.0,48.0,22.16419001218027,44.50572472594398,14.228181967819184,23.72688019420168,64.140625,1.8358099878197294,3.4942752740560223,37.955062162020866,0.7936938975635517
תפ_3867-05-14,drugs,Hybrid-Full,74,9.0,18.0,10.865397688647178,25.653297076818486,11.441948630313327,18.9079504884256,59.63513513513514,1.8653976886471781,7.653297076818486,30.34989911873893,0.42841980650691935
תפ_61248-02-24,drugs,Hybrid-Full,4,12.0,24.0,8.884615384615387,23.769230769230774,2.179449471770337,7.3484692283495345,65.0,3.115384615384613,0.2307692307692264,9.527918700119871,0.7786259541984737
תפ_42956-04-22,drugs,Hybrid-Full,87,20.0,42.0,10.66230414746544,25.40055299539171,9.349781667406333,13.869472489690835,62.35632183908046,9.33769585253456,16.59944700460829,23.21925415709717,0.17233408036139705
תפ_43978-02-21,drugs,Hybrid-Full,48,0.0,12.0,3.1643008154636063,13.330715795832077,3.582121888241971,4.467280741370775,68.97916666666667,3.1643008154636063,1.3307157958320772,8.049402629612747,0.6628075581131903
תפ_61718-10-21,drugs,Hybrid-Full,33,0.0,12.0,3.048723897911833,13.784222737819029,4.136113878573573,5.184387100240715,65.3030303030303,3.048723897911833,1.7842227378190287,9.320500978814287,0.6493856253156033
תפ_31579-08-23,drugs,Hybrid-Full,66,7.0,17.0,16.116851168511687,34.643296432964334,12.921826482068646,19.66870349446937,61.59090909090909,9.116851168511687,17.643296432964334,32.590529976538015,0.03194802883331843
תפ_9380-03-21,drugs,Hybrid-Full,65,7.0,20.0,10.988727858293078,27.58735909822867,8.372058345875615,13.12422215221122,76.43076923076923,3.9887278582930783,7.587359098228671,21.496280498086833,0.4377089892254441
תפ_16052-05-23,drugs,Hybrid-Full,11,12.0,24.0,5.554016620498615,15.490304709141274,4.3141129155289715,4.979295977319692,65.63636363636364,6.445983379501385,8.509695290858726,9.293408892848664,0.18921760024027628
תפ_48974-11-20,drugs,Hybrid-Full,22,4.0,10.0,3.548809523809524,15.543452380952386,5.549179077102492,4.448047208263661,76.36363636363636,0.4511904761904759,5.543452380952386,9.997226285366153,0.5002233139794549
תפ_5119-09-13,drugs,Hybrid-Full,54,0.0,18.0,3.5720207253886,15.718652849740929,5.490732933602594,8.37323779138698,71.48148148148148,3.5720207253886,2.281347150259071,13.863970724989574,0.6748128957973516
תפ_37764-03-21,drugs,Hybrid-Full,134,23.0,48.0,18.069267293548087,38.12438320454334,9.180706085245177,14.380765476245697,80.15671641791045,4.930732706451913,9.875616795456658,23.561471561490876,0.5053128285524099
תפ_43982-06-17,drugs,Hybrid-Full,48,18.0,36.0,12.532097399003872,29.802434975096844,9.064367623649577,14.563975247163805,75.29166666666667,5.467902600996128,6.197565024903156,23.628342870813384,0.5029181847122492
תפ_30717-01-19,drugs,Hybrid-Full,113,0.0,12.0,9.264633033502802,22.336331638639027,8.762474186704367,13.976939713765551,67.88495575221239,9.264633033502802,10.336331638639027,22.73941390046992,0.1224626769852109
תפ_70401-02-19,drugs,Hybrid-Full,68,20.0,46.0,22.267155578837087,44.57080495896629,7.789399237709484,11.236939747052697,84.22058823529412,2.2671555788370874,1.429195041033708,19.02633898476218,0.8578326684665079
תפ_8642-08-18,drugs,Hybrid-Full,7,6.0,16.0,6.715575620767494,18.611738148984198,1.5779087167410373,2.54750778573243,63.285714285714285,0.7155756207674937,2.611738148984198,4.125416502473468,0.7361732593520673
תפ_29380-02-18,drugs,Hybrid-Full,4,0.0,6.0,3.693877551020408,10.408163265306122,2.277608394786075,2.598076211353316,61.25,3.693877551020408,4.408163265306122,4.875684606139391,0.2215686274509804
תפ_16015-05-21,drugs,Hybrid-Full,58,16.0,36.0,14.865100087032205,34.0110240789092,10.852869667686111,17.9652855898759,59.43103448275862,1.1348999129677946,1.9889759210907982,28.81815525756201,0.8521934881677926
תפ_16458-07-14,drugs,Hybrid-Full,6,0.0,12.0,1.972286374133949,17.09930715935335,2.3392781412696997,4.123105625617661,72.16666666666667,1.972286374133949,5.099307159353351,6.46238376688736,0.5864397622906536
תפ_20534-02-12,drugs,Hybrid-Full,10,60.0,96.0,47.90625,84.42187500000001,28.327371921870903,34.236822282449054,64.0,12.09375,11.578124999999986,62.56419420431996,0.507797270955166
תפ_20853-12-22,drugs,Hybrid-Full,7,6.0,14.0,5.317073170731708,17.060975609756095,4.836088822803074,7.309485031694876,58.57142857142857,0.6829268292682924,3.0609756097560954,12.14557385449795,0.6812045690550365
תפ_9460-10-19,drugs,Hybrid-Full,7,9.0,30.0,7.910588235294117,26.19764705882353,5.237229365663817,11.938618523300674,60.714285714285715,1.0894117647058827,3.802352941176469,17.17584788896449,0.7785470813804858
תפ_45156-04-15,drugs,Hybrid-Full,46,36.0,60.0,16.51248602310846,36.268356317554975,11.037592577436532,18.43749979975009,58.32608695652174,19.48751397689154,23.731643682445025,29.47509237718662,0.006170882007593596
תפ_58530-05-18,drugs,Hybrid-Full,23,0.0,9.0,2.0011737089201884,11.994131455399062,4.127916852667103,5.45682486599556,74.08695652173913,2.0011737089201884,2.994131455399062,9.584741718662663,0.5835208924552304
תפ_26928-08-19,drugs,Hybrid-Full,86,24.0,18.0,16.31968655045578,35.608028146489694,8.487328702996578,13.053872855925539,72.70930232558139,7.680313449544219,17.608028146489694,21.54120155892212,0.0
תפ_63489-07-24,weapon,Hybrid-Full,27,50.0,30.0,29.94159004867496,51.802055164954034,13.235857685447142,20.215505600075076,68.48148148148148,20.05840995132504,21.802055164954034,33.45136328552222,0.0
תפ_7800-05-21,drugs,Hybrid-Full,41,10.0,36.0,17.350016041065125,36.55052935514918,9.130620635779753,13.354499360988019,76.02439024390245,7.350016041065125,0.5505293551491803,22.48511999676777,0.7024336015853453
תפ_38176-10-14,drugs,Hybrid-Full,44,36.0,72.0,26.44340329835082,50.89092953523239,14.192503987016796,23.786878718603532,60.63636363636363,9.55659670164918,21.109070464767612,37.979382705620324,0.3268665926200173
תפ_50031-07-23,weapon,Hybrid-Full,21,15.0,36.0,13.928348909657322,32.53582554517134,5.2970705976133425,7.41879698824779,76.42857142857143,1.0716510903426784,3.464174454828658,12.715867585861133,0.7944954128440369
תפ_17021-03-13,drugs,Hybrid-Full,70,8.0,20.0,14.007559650366172,31.588235294117656,9.966515367540882,19.19032494327731,60.47142857142857,6.007559650366172,11.588235294117656,29.156840310818193,0.25404360584482555
תפ_8127-05-22,drugs,Hybrid-Full,45,0.0,12.0,2.5008204791598296,14.404660321627833,3.233772402414444,5.709251750935104,67.71111111111111,2.5008204791598296,2.4046603216278335,8.943024153349548,0.6594518238363217
תפ_16259-02-17,drugs,Hybrid-Full,16,0.0,12.0,1.6980056980056981,14.01614434947768,3.3517719194479807,6.427480066091221,65.8125,1.6980056980056981,2.0161443494776794,9.7792519855392,0.7350091469611765
תפ_53090-10-19,drugs,Hybrid-Full,10,20.0,44.0,36.01029159519725,62.391080617495724,13.965672200076874,16.76305461424021,58.3,16.010291595197252,18.391080617495724,30.728726814317085,0.18847616735453593
תפ_47941-06-15,drugs,Hybrid-Full,25,3.0,12.0,19.529255319148934,40.5718085106383,14.48894751181051,21.859771270532544,60.16,16.529255319148934,28.5718085106383,36.348718782343056,0.0
תפ_56421-08-23,weapon,Hybrid-Full,19,18.0,36.0,14.055555555555552,32.63703703703703,4.978624669635986,7.916461337668701,71.05263157894737,3.944444444444448,3.3629629629629676,12.895086007304688,0.6670042194092823
תפ_31837-04-21,drugs,Hybrid-Full,12,4.0,12.0,5.408284023668639,16.295857988165675,4.972144630058766,5.320296566504123,70.41666666666667,1.4082840236686387,4.295857988165675,10.292441196562889,0.5360923965351302
תפ_20685-11-16,drugs,Hybrid-Full,44,0.0,18.0,2.7475389012384888,13.842489679263254,4.091414110242033,5.094357598249555,71.56818181818181,2.7475389012384888,4.157510320736746,9.185771708491588,0.6163861543347092
תפ_55496-07-13,drugs,Hybrid-Full,52,3.0,15.0,9.264926590538336,22.915497553017943,7.507269652352718,13.652058387834858,58.94230769230769,6.264926590538336,7.915497553017943,21.159328040187575,0.28797038056388335
תפ_54340-08-19,drugs,Hybrid-Full,56,9.0,20.0,8.238008222932844,22.706486980356324,6.469882147303767,9.329276253180804,78.17857142857143,0.7619917770671556,2.706486980356324,15.799158400484572,0.7602734319498604
תפ_52552-05-20,drugs,Hybrid-Full,77,9.0,30.0,13.555774925962487,31.022902270483716,8.965818412976656,14.473313680888023,65.77922077922078,4.555774925962487,1.0229022704837156,23.43913209386468,0.7466874652609684
תפ_5726-02-16,drugs,Hybrid-Full,69,18.0,36.0,16.073529411764707,35.809191176470584,8.693864550552673,13.790218719264093,78.84057971014492,1.9264705882352935,0.19080882352941586,22.484083269816765,0.8937453874538743
תפ_33385-07-24,weapon,Hybrid-Full,8,20.0,40.0,21.500000000000004,40.591911764705884,8.94427190999916,12.059747095192337,68.0,1.5000000000000036,0.591911764705884,21.004019005191495,0.8984109980360647
תפ_38735-11-23,drugs,Hybrid-Full,10,9.0,18.0,8.978758169934641,21.954248366013072,3.9102429592034307,8.284926070883193,61.2,0.021241830065358513,3.954248366013072,12.195169030086625,0.6936154136758595
תפ_18421-04-22,weapon,Hybrid-Full,5,6.0,6.0,28.029154518950435,42.32069970845481,8.522910301065007,7.222188034107115,68.6,22.029154518950435,36.32069970845481,15.745098335172123,0.0
תפ_45996-07-21,drugs,Hybrid-Full,14,0.0,8.0,3.0336700336700333,13.10662177328844,2.8535691936340255,2.8148657850340046,63.642857142857146,3.0336700336700333,5.10662177328844,5.66843497866803,0.3789176228806303
תפ_42712-02-12,drugs,Hybrid-Full,26,36.0,84.0,33.289540816326536,61.9968112244898,24.296735602684276,33.87553357731696,60.30769230769231,2.710459183673464,22.003188775510203,58.17226918000124,0.5126518600498026
תפ_39723-12-22,weapon,Hybrid-Full,24,22.0,44.0,20.829117828500923,41.14743985194324,6.927702040038641,7.053367989832942,67.54166666666667,1.170882171499077,2.85256014805676,13.981070029871583,0.826357827476038
תפ_15927-07-23,drugs,Hybrid-Full,100,16.0,30.0,12.670513654096231,29.210175552665813,10.35441451748963,18.766659265836314,61.52,3.329486345903769,0.7898244473341869,29.121073783325944,0.7622946975452823
תפ_10139-03-21,drugs,Hybrid-Full,36,36.0,60.0,26.85499802449625,52.20071118135125,11.491106330173697,18.224085270614196,70.30555555555556,9.14500197550375,7.799288818648748,29.715191600787893,0.4887829300274172
תפ_21666-04-17,drugs,Hybrid-Full,37,10.0,24.0,7.236664415935179,20.949020931802828,3.2330922222773326,6.408882623295724,80.05405405405405,2.763335584064821,3.0509790681971722,9.641974845573056,0.6531528809940986
תפ_46735-02-20,drugs,Hybrid-Full,72,18.0,36.0,8.589373054690974,21.638950644730993,6.3457328668392545,12.103973431873772,62.47222222222222,9.410626945309026,14.361049355269007,18.449706298713025,0.1327569286171965
תפ_29731-05-21,drugs,Hybrid-Full,73,22.0,48.0,20.929838454228694,43.493189737092166,6.521440021859931,10.012471112664835,86.4931506849315,1.070161545771306,4.506810262907834,16.533911134524764,0.7939808449517608
תפ_30876-03-17,drugs,Hybrid-Full,89,27.0,50.0,22.713551791169124,45.12635379061372,10.744322905029403,14.958833381123902,80.92134831460675,4.286448208830876,4.87364620938628,25.703156286153305,0.6642987629568945
תפ_20484-05-16,drugs,Hybrid-Full,21,0.0,9.0,7.31697506033789,18.757843925985515,13.446964775666089,19.197151149191328,59.19047619047619,7.31697506033789,9.757843925985515,32.64411592485742,0.08972379481900856
תפ_52417-01-13,drugs,Hybrid-Full,87,6.0,24.0,11.675932977913181,27.664318354912428,9.850863070659713,18.328616119244007,60.367816091954026,5.675932977913181,3.664318354912428,28.17947918990372,0.568864748947539
תפ_29068-03-16,drugs,Hybrid-Full,18,0.0,12.0,0.918133129303749,13.481254781943381,2.23606797749979,3.774917217635375,72.61111111111111,0.918133129303749,1.481254781943381,6.010985195135165,0.8220204313280364
תפ_36267-12-23,weapon,Hybrid-Full,20,11.0,36.0,15.201954397394136,33.20521172638436,4.015905875391006,6.108191221630181,76.75,4.201954397394136,2.7947882736156373,10.124097097021187,0.7201302931596091
תפ_16759-07-17,drugs,Hybrid-Full,52,0.0,8.0,2.28429203539823,14.36034292035398,3.9723061282246817,6.7638746292343415,69.53846153846153,2.28429203539823,6.360342920353981,10.736180757459023,0.3980202977256534
תפ_4867-04-18,drugs,Hybrid-Full,41,0.0,18.0,3.2177042101475353,15.742713206189277,4.385363140616106,6.093657287005019,67.78048780487805,3.2177042101475353,2.2572867938107226,10.479020427621126,0.6958338331134301
תפ_27475-05-21,drugs,Hybrid-Full,86,6.0,18.0,14.216355441081774,32.48776561493883,9.188173142119272,15.019677916522138,72.23255813953489,8.216355441081774,14.48776561493883,24.20785105864141,0.14284498790582356
תפ_12550-01-15,drugs,Hybrid-Full,8,8.0,24.0,2.2872531418312385,14.07899461400359,3.278719262151,2.9047375096555625,69.625,5.712746858168762,9.92100538599641,6.183456771806563,0.279973540598644
תפ_11592-05-19,drugs,Hybrid-Full,12,12.0,36.0,3.770682148040639,16.502177068214802,3.608439182435161,5.948856099191582,57.416666666666664,8.229317851959362,19.497822931785198,9.557295281626743,0.13969197514185352
תפ_14313-09-19,drugs,Hybrid-Full,47,30.0,60.0,26.58417639429312,49.53722438391698,12.041876531624846,16.13762113056738,82.02127659574468,3.41582360570688,10.462775616083022,28.179497662192226,0.5846698442764205
תפ_55104-12-15,drugs,Hybrid-Full,10,0.0,6.0,4.899470899470899,15.33068783068783,5.813776741499453,8.475848040166836,75.6,4.899470899470899,9.33068783068783,14.289624781666289,0.07178602243313206
תפ_2548-02-19,drugs,Hybrid-Full,21,0.0,12.0,1.9902182091798348,12.262603461249059,3.6446463082195155,4.693798678229184,63.285714285714285,1.9902182091798348,0.26260346124905887,8.3384449864487,0.8162852058661103
תפ_49441-09-11,drugs,Hybrid-Full,5,12.0,24.0,9.583061889250816,26.827361563517915,8.059776671843954,18.373894524569362,61.4,2.416938110749184,2.827361563517915,26.433671196413314,0.6958821307140161
תפ_20161-12-21,drugs,Hybrid-Full,15,0.0,6.0,2.0734463276836155,14.358757062146893,3.2221455929585527,5.867424193516833,70.8,2.0734463276836155,8.358757062146893,9.089569786475387,0.2734605547904781
תפ_70627-11-17,drugs,Hybrid-Full,60,6.0,14.0,2.5484877580412872,14.785165626500243,3.9803335985260775,6.692844437656285,69.43333333333334,3.4515122419587128,0.7851656265002429,10.673178036182362,0.6537722154654948
תפ_34497-06-22,drugs,Hybrid-Full,41,9.0,24.0,9.094919259551006,24.07483261126428,5.318191871573209,7.963031776550971,61.926829268292686,0.09491925955100555,0.07483261126428076,13.281223648124179,0.9887393860222073
תפ_67646-05-24,drugs,Hybrid-Full,17,12.0,24.0,29.82262443438914,55.68325791855203,24.09022831660217,33.572521306139805,65.0,17.82262443438914,31.68325791855203,57.66274962274197,0.0
תפ_36469-02-12,drugs,Hybrid-Full,30,0.0,12.0,1.4107223989095867,13.492049068605176,2.8372521918222215,4.903966648427463,73.36666666666666,1.4107223989095867,1.4920490686051764,7.741218840249685,0.7848531788793106
תפ_7342-04-19,drugs,Hybrid-Full,18,0.0,8.0,4.434447300771208,16.39074550128535,6.685390373377193,11.09790882314833,64.83333333333333,4.434447300771208,8.390745501285348,17.783299196525522,0.217534504391468
תפ_53219-03-14,drugs,Hybrid-Full,20,0.0,12.0,5.603596559812355,17.08835027365129,4.382921400162226,5.76107628833363,63.95,5.603596559812355,5.08835027365129,10.143997688495855,0.3743136896046851
תפ_40886-04-24,drugs,Hybrid-Full,6,6.0,15.0,13.388206388206388,28.05405405405406,6.551081335677848,12.188336865854813,67.83333333333333,7.388206388206388,13.05405405405406,18.73941820153266,0.07308377896613188
תפ_58453-07-22,weapon,Hybrid-Full,5,18.0,36.0,19.032258064516128,36.61290322580645,2.3664319132398464,7.310266752998826,62.0,1.0322580645161281,0.6129032258064484,9.676698666238673,0.9116117850953208
תפ_50607-03-19,drugs,Hybrid-Full,20,15.0,30.0,9.091273018414732,24.03362690152122,9.92610195393942,15.573695772038185,62.45,5.908726981585268,5.96637309847878,25.499797725977608,0.432050545663412
תפ_63452-06-19,drugs,Hybrid-Full,8,0.0,12.0,4.171171171171171,16.15135135135135,5.018714974971183,5.782516753110189,69.375,4.171171171171171,4.151351351351352,10.801231728081373,0.48471664435519857
תפ_41968-09-17,drugs,Hybrid-Full,37,0.0,12.0,1.3526627218934912,13.214595660749504,2.7472012453130943,5.078061207246666,68.51351351351352,1.3526627218934912,1.214595660749504,7.825262452559761,0.8057255440460911
תפ_60519-03-19,drugs,Hybrid-Full,8,0.0,12.0,3.5139664804469275,13.59590316573557,3.897114317029974,4.7549316504025585,67.125,3.5139664804469275,1.5959031657355691,8.652045967432532,0.6241610738255032
תפ_74569-05-24,weapon,Hybrid-Full,14,50.0,70.0,31.27618164967563,55.498609823911025,11.927502090649531,15.881737683160955,77.07142857142857,18.72381835032437,14.501390176088975,27.809239773810486,0.14199554842878676
תפ_55444-10-21,drugs,Hybrid-Full,5,0.0,14.0,9.885245901639347,20.13114754098361,2.039607805437114,3.794733192202055,61.0,9.885245901639347,6.1311475409836085,5.834340997639169,0.20439739413680763
תפ_59165-12-19,drugs,Hybrid-Full,6,12.0,24.0,8.012987012987013,18.415584415584416,3.8477987935383986,3.5433819375782165,64.16666666666667,3.987012987012987,5.584415584415584,7.391180731116615,0.4012997562956946
תפ_13336-05-15,drugs,Hybrid-Full,33,6.0,18.0,6.088744588744588,18.948051948051948,4.79439525856148,8.381184927545467,70.0,0.08874458874458835,0.9480519480519476,13.175580186106949,0.9199264460046807
תפ_24748-08-22,drugs,Hybrid-Full,6,0.0,12.0,8.102564102564104,20.589743589743595,3.197221015541813,5.8594652770823155,65.0,8.102564102564104,8.589743589743595,9.056686292624128,0.18929016189290152
תפ_35639-06-16,drugs,Hybrid-Full,55,0.0,8.0,3.946628482166103,16.27831293933871,4.412454199888732,7.205736924707921,69.83636363636364,3.946628482166103,8.278312939338711,11.618191124596652,0.24900439824070372
תפ_57409-11-18,drugs,Hybrid-Full,9,2.0,10.0,1.1238938053097347,10.292035398230091,2.57240820062005,2.4037008503093262,62.77777777777778,0.8761061946902653,0.29203539823009095,4.976109050929376,0.8725868725868723
תפ_34706-09-19,drugs,Hybrid-Full,30,15.0,30.0,16.365892083497442,35.33438361559669,8.129575634681062,11.429056537323339,84.63333333333334,1.3658920834974424,5.334383615596693,19.5586321720044,0.6704952642894496
תפ_542-12-12,drugs,Hybrid-Full,93,4.0,12.0,11.138754325259516,26.911072664359864,10.554660373040983,19.2288552103875,62.1505376344086,7.138754325259516,14.911072664359864,29.783515583428482,0.03759080543095765
תפ_52330-08-18,drugs,Hybrid-Full,54,6.0,18.0,5.209374122930117,15.528206567499304,5.104161942552612,5.394867499399482,65.98148148148148,0.7906258770698829,2.4717934325006965,10.499029441952095,0.7449366949729012
תפ_27495-05-20,drugs,Hybrid-Full,41,0.0,12.0,6.411276374956761,17.19474230370114,3.90045681364962,5.347529688147201,70.51219512195122,6.411276374956761,5.19474230370114,9.24798650179682,0.32502514584590636
תפ_21459-04-15,drugs,Hybrid-Full,34,0.0,12.0,1.2465986394557822,13.442176870748296,2.486642516217441,4.447794056868903,69.17647058823529,1.2465986394557822,1.4421768707482965,6.934436573086344,0.7999746963562754
תפ_31270-05-24,weapon,Hybrid-Full,35,26.0,52.0,32.394521668029434,53.9329517579722,19.409780829178228,25.88893073678165,69.88571428571429,6.394521668029434,1.932951757972198,45.29871156595988,0.7018763538434519
תפ_3548-09-24,weapon,Hybrid-Full,5,8.0,20.0,9.911764705882353,22.720588235294116,3.1622776601683795,6.752777206453653,68.0,1.9117647058823533,2.720588235294116,9.915054866622032,0.6853146853146854
תפ_1187-04-22,drugs,Hybrid-Full,118,25.0,50.0,21.24771594684386,43.318833056478425,10.147635411894905,14.518589061103489,81.62711864406779,3.7522840531561386,6.681166943521575,24.666224472998394,0.6371261852662299
תפ_17667-07-19,drugs,Hybrid-Full,38,30.0,60.0,40.50298210735587,72.62425447316106,13.758502785258528,18.474059075518888,66.1842105263158,10.50298210735587,12.62425447316106,32.232561860777416,0.457416044776119
תפ_30343-04-19,drugs,Hybrid-Full,33,9.0,24.0,7.385253456221199,18.81382488479263,3.276372829278911,4.929810371913945,65.75757575757575,1.614746543778801,5.186175115207369,8.206183201192855,0.5906695512287128
תפ_71476-07-23,weapon,Hybrid-Full,5,44.0,60.0,43.555555555555564,68.60317460317461,24.30144028653446,26.611275805567836,63.0,0.44444444444443576,8.603174603174608,50.9127160921023,0.6387832699619773
תפ_17891-03-14,weapon,Hybrid-Full,6,12.0,36.0,16.5979381443299,40.639175257731964,4.570436400267363,5.374838498865699,64.66666666666667,4.597938144329898,4.639175257731964,9.945274899133063,0.6774658027357809
תפ_2730-11-15,drugs,Hybrid-Full,33,1.0,9.0,3.1024626209322776,14.086631486367633,4.265952075145479,5.4909559165840705,68.9090909090909,2.1024626209322776,5.086631486367633,9.756907991729548,0.450653583789778
תפ_51899-07-21,drugs,Hybrid-Full,38,19.0,43.0,22.194651741293537,46.01212686567165,6.6719738801245105,10.34986985880416,84.63157894736842,3.194651741293537,3.0121268656716467,17.02184373892867,0.7702225138423636
תפ_17659-07-15,drugs,Hybrid-Full,27,0.0,16.0,1.1672473867595818,12.503733200597313,2.7532248207475263,5.445578113263487,74.4074074074074,1.1672473867595818,3.4962667994026866,8.198802934011013,0.7085303633648582
תפ_21873-06-16,weapon,Hybrid-Full,4,15.0,36.0,19.464285714285715,39.714285714285715,2.598076211353316,4.898979485566356,70.0,4.464285714285715,3.7142857142857153,7.497055696919672,0.6690751445086704
תפ_32494-01-21,drugs,Hybrid-Full,24,9.0,20.0,5.932907348242812,19.75399361022364,5.427393225317494,7.393573598440443,65.20833333333333,3.0670926517571884,0.24600638977635825,12.820966823757937,0.7644787644787644
תפ_13432-04-12,drugs,Hybrid-Full,12,0.0,12.0,9.307291666666666,24.822916666666668,5.936586186989587,10.24966124101453,80.0,9.307291666666666,12.822916666666668,16.186247428004116,0.10847671002937476
תפ_13793-08-15,drugs,Hybrid-Full,11,0.0,10.0,5.499999999999999,16.320512820512818,4.554536381772854,8.903523306687486,70.9090909090909,5.499999999999999,6.320512820512818,13.45805968846034,0.2757266300078556
תפ_40602-04-24,weapon,Hybrid-Full,9,40.0,64.0,46.28040540540541,83.7972972972973,13.881331277103481,22.627416997969522,65.77777777777777,6.280405405405411,19.797297297297305,36.508748275073,0.40458191916075265
תפ_1873-07-21,drugs,Hybrid-Full,11,0.0,15.0,6.952941176470588,18.776470588235295,2.7453943400984544,2.7453943400984544,77.27272727272727,6.952941176470588,3.776470588235295,5.490788680196909,0.42857142857142855
תפ_43515-03-16,drugs,Hybrid-Full,58,8.0,24.0,9.995322245322246,25.185550935550935,6.487182093182448,9.535776553734815,66.34482758620689,1.995322245322246,1.1855509355509355,16.022958646917264,0.8149100257069408
תפ_22639-07-22,drugs,Hybrid-Full,6,0.0,12.0,3.4298850574712647,15.990804597701151,3.9015666369065416,4.561310727801336,72.5,3.4298850574712647,3.9908045977011515,8.462877364707879,0.5359401955146635
תפ_55462-06-20,drugs,Hybrid-Full,21,0.0,9.0,0.6001283697047497,12.964698331193839,1.5879363810031493,3.97497842946842,74.19047619047619,0.6001283697047497,3.964698331193839,5.562914810471569,0.647903361552552
תפ_2744-09-14,drugs,Hybrid-Full,19,0.0,9.0,5.666666666666667,17.022727272727273,4.594950860150978,8.511683350701192,69.47368421052632,5.666666666666667,8.022727272727273,13.106634210852171,0.19581664441477523
תפ_54026-01-20,drugs,Hybrid-Full,7,12.0,24.0,10.585185185185187,23.686419753086422,9.735271449943326,15.046865562810948,57.857142857142854,1.4148148148148127,0.31358024691357755,24.782137012754276,0.8711577397386346
תפ_68700-11-18,drugs,Hybrid-Full,35,10.0,28.0,17.920855614973256,37.828877005347586,9.62378007111254,14.193243578030573,80.14285714285714,7.920855614973256,9.828877005347586,23.817023649143113,0.36218293620292114
תפ_16969-03-15,drugs,Hybrid-Full,41,0.0,12.0,1.7043189368770761,13.465116279069765,2.994343268921523,5.164976087969052,73.41463414634147,1.7043189368770761,1.4651162790697647,8.159319356890574,0.7646188008882311
תפ_36187-12-15,drugs,Hybrid-Full,9,6.0,18.0,2.966666666666667,14.999999999999998,3.541639433446495,4.012326685615064,66.66666666666667,3.033333333333333,3.0000000000000018,7.55396611906156,0.5986696230598668
תפ_56159-05-13,drugs,Hybrid-Full,8,0.0,12.0,2.949416342412451,15.72373540856031,3.1622776601683795,4.175823272122517,64.25,2.949416342412451,3.7237354085603105,7.338100932290896,0.5756000989853997
תפ_33945-10-21,weapon,Hybrid-Full,37,24.0,50.0,26.012009607686146,45.29783827061649,13.707632782278312,14.851689492744487,67.51351351351352,2.012009607686146,4.702161729383512,28.5593222750228,0.7417626408819362
תפק_11489-02-23,drugs,Hybrid-Full,76,6.0,24.0,19.400504201680672,40.18067226890756,10.83388644798657,15.559748794517107,78.28947368421052,13.400504201680672,16.180672268907557,26.393635242503677,0.13456422864167183
תפ_43167-10-12,drugs,Hybrid-Full,19,0.0,12.0,6.481327800829875,20.51452282157676,4.240681490207093,6.3017387566719005,63.421052631578945,6.481327800829875,8.514522821576762,10.542420246878994,0.26901294498381884
תפ_32308-03-24,weapon,Hybrid-Full,19,24.0,40.0,26.035294117647055,46.364705882352936,8.635749955002089,10.279474209690923,67.10526315789474,2.035294117647055,6.364705882352936,18.91522416469301,0.6244082062072597
תפ_44456-12-23,weapon,Hybrid-Full,16,30.0,50.0,37.71332774518022,62.874266554903606,19.397164741270824,26.429667870595726,74.5625,7.713327745180223,12.874266554903606,45.82683261186655,0.37374741834314984
תפ_34607-03-17,drugs,Hybrid-Full,23,0.0,10.0,6.016558675305975,16.966162706983432,3.7527557612243627,4.720946366309702,60.391304347826086,6.016558675305975,6.966162706983432,8.473702127534064,0.23478740558431652
תפ_3122-10-22,drugs,Hybrid-Full,11,8.0,18.0,8.913907284768213,22.29139072847682,3.4401614415317274,4.51260859854213,68.63636363636364,0.9139072847682126,4.29139072847682,7.952770040073857,0.6357738646895273
תפ_28292-09-20,drugs,Hybrid-Full,20,10.0,24.0,14.878459687123947,34.252707581227426,5.5881571201962466,9.065870063044143,83.1,4.8784596871239465,10.252707581227426,14.65402718324039,0.3761039992061131
תפ_61792-04-21,drugs,Hybrid-Full,10,0.0,18.0,7.070945945945945,20.304054054054056,6.446704584514479,10.26839812239475,59.2,7.070945945945945,2.304054054054056,16.715102706909228,0.5382695507487522
תפ_13249-10-22,drugs,Hybrid-Full,12,0.0,6.0,9.327380952380954,24.60119047619048,10.631125685144228,15.590907250345918,70.0,9.327380952380954,18.60119047619048,26.222032935490148,0.0
תפ_33421-08-19,drugs,Hybrid-Full,8,0.0,10.0,2.3423423423423424,13.432432432432435,2.598076211353316,3.6742346141747673,69.375,2.3423423423423424,3.432432432432435,6.272310825528083,0.5700871898054996
תפ_11384-03-15,drugs,Hybrid-Full,3,0.0,12.0,13.666666666666668,29.333333333333336,3.681787005729087,9.843215373488935,55.0,13.666666666666668,17.333333333333336,13.525002379218021,0.0
תפ_375-02-19,drugs,Hybrid-Full,3,6.0,20.0,9.7,22.759999999999998,3.858612300930075,5.2493385826745405,83.33333333333333,3.6999999999999993,2.759999999999998,9.107950883604616,0.6145584725536994
תפ_66889-01-22,drugs,Hybrid-Full,46,0.0,12.0,3.5538194444444446,14.26388888888889,3.4812487167106063,4.319910382043207,62.608695652173914,3.5538194444444446,2.2638888888888893,7.801159098753813,0.5921372930866602
תפ_51515-06-23,drugs,Hybrid-Full,6,36.0,48.0,20.615384615384617,50.15384615384615,5.744562646538029,11.357816691600547,65.0,15.384615384615383,2.1538461538461533,17.102379338138576,0.40625
תפ_25085-02-19,drugs,Hybrid-Full,24,5.0,12.0,5.318424566088117,15.8064085447263,5.013869652163774,5.557777333511022,62.416666666666664,0.3184245660881171,3.8064085447263007,10.571646985674796,0.6182975043241908
תפ_31177-11-22,drugs,Hybrid-Full,5,0.0,15.0,4.202898550724638,13.594202898550726,2.65329983228432,5.656854249492381,69.0,4.202898550724638,1.4057971014492736,8.310154081776702,0.6260869565217393
תפ_62222-12-16,drugs,Hybrid-Full,4,0.0,7.0,1.193916349809886,10.836501901140684,1.299038105676658,1.7320508075688772,65.75,1.193916349809886,3.836501901140684,3.031088913245535,0.5357894736842106
תפ_22062-04-13,drugs,Hybrid-Full,12,42.0,72.0,44.97103004291845,79.90879828326182,10.497023387608508,14.463315664120728,77.66666666666667,2.97103004291845,7.908798283261817,24.960339051729235,0.7129999150887322
תפ_45008-08-24,weapon,Hybrid-Full,5,15.0,36.0,15.507246376811594,37.391304347826086,2.33238075793812,3.2,69.0,0.5072463768115938,1.391304347826086,5.53238075793812,0.915210355987055
תפ_8151-08-24,weapon,Hybrid-Full,4,26.0,38.0,19.75,38.785714285714285,8.645808232895291,3.0,70.0,6.25,0.7857142857142847,11.645808232895291,0.6303939962476548
תפ_13748-03-15,drugs,Hybrid-Full,31,6.0,24.0,7.236243276789406,22.11584609019445,3.5647715570429175,6.6543938368651,77.96774193548387,1.2362432767894056,1.8841539098055513,10.219165393908018,0.8266446007447246
תפ_4878-05-23,drugs,Hybrid-Full,9,0.0,6.0,1.7627118644067796,9.449152542372879,2.282515398241571,2.629368792488718,65.55555555555556,1.7627118644067796,3.449152542372879,4.911884190730289,0.44843049327354273
תפ_32243-08-21,drugs,Hybrid-Full,42,19.0,43.0,21.767579779723242,45.18271674668172,6.932497660260969,11.449509589553163,84.30952380952381,2.767579779723242,2.18271674668172,18.38200724981413,0.8109326631648207
תפ_69325-10-21,drugs,Hybrid-Full,6,8.0,20.0,6.333333333333334,21.16666666666667,3.590109871423003,7.26674311886388,65.0,1.666666666666666,1.1666666666666714,10.856852990286882,0.8089887640449436
תפ_13781-01-24,drugs,Hybrid-Full,88,9.0,24.0,8.253776435045317,20.56327626720376,7.860844223162449,11.24671095171406,67.70454545454545,0.7462235649546827,3.4367237327962386,19.10755517487651,0.7343523492794407
תפ_20854-11-19,drugs,Hybrid-Full,22,0.0,8.0,1.4778325123152707,11.689655172413792,3.9040665385198148,5.471375550373338,64.5909090909091,1.4778325123152707,3.689655172413792,9.375442088893152,0.557943531394859
תפ_57459-06-20,drugs,Hybrid-Full,3,3.0,14.0,3.951219512195122,14.146341463414636,4.109609335312651,3.7712361663282534,68.33333333333333,0.9512195121951219,0.14634146341463605,7.880845501640905,0.9015317286652077
תפ_61962-06-20,drugs,Hybrid-Full,20,8.0,18.0,3.636433512682551,16.110684089162184,4.769433928675393,8.340263784797218,65.05,4.363566487317449,1.8893159108378157,13.10969771347261,0.5646706266388399
תפ_61235-05-13,drugs,Hybrid-Full,7,8.0,22.0,2.307855626326964,15.333333333333334,3.1363569143000216,5.521756597167911,67.28571428571429,5.692144373673036,6.666666666666666,8.658113511467931,0.37239892183288414
תפ_38069-12-20,drugs,Hybrid-Full,15,12.0,24.0,6.345717234262125,21.331269349845197,4.095526014242045,7.382863039950468,64.6,5.654282765737875,2.668730650154803,11.478389054192514,0.5285555620506223
תפ_4621-02-23,drugs,Hybrid-Full,17,15.0,30.0,33.18905472636815,63.611940298507456,25.878609354934987,37.40399475362774,59.11764705882353,18.18905472636815,33.611940298507456,63.28260410856273,0.0
תפ_14070-06-24,weapon,Hybrid-Full,8,20.0,40.0,16.084905660377355,34.886792452830186,2.1469455046647083,3.7416573867739413,66.25,3.9150943396226445,5.113207547169814,5.88860289143865,0.6224852071005915
תפ_50219-07-15,drugs,Hybrid-Full,9,10.0,20.0,6.821917808219177,19.801369863013694,2.6666666666666665,2.748737083745107,81.11111111111111,3.178082191780823,0.19863013698630638,5.415403750411773,0.7437629937629933
תפ_34982-07-23,weapon,Hybrid-Full,7,7.0,20.0,7.76,22.82,7.024737630368141,11.972758194146836,71.42857142857143,0.7599999999999998,2.8200000000000003,18.997495824514978,0.7737041719342604
תפ_31647-04-18,drugs,Hybrid-Full,5,9.0,20.0,7.794425087108014,21.60278745644599,4.915282290977803,8.522910301065007,57.4,1.2055749128919864,1.6027874564459914,13.43819259204281,0.796618723189503
תפ_31962-08-23,weapon,Hybrid-Full,22,34.0,52.0,25.771250863856256,46.93158258465791,8.853840741043888,13.152632266477692,65.77272727272727,8.228749136143744,5.06841741534209,22.006473007521578,0.49303085395093926
תפ_49685-01-24,weapon,Hybrid-Full,12,24.0,50.0,26.812420785804814,47.09505703422053,8.842369591913696,12.095683343885767,65.75,2.8124207858048145,2.904942965779469,20.938052935799462,0.7801013941698353
תפ_49808-06-16,drugs,Hybrid-Full,41,6.0,16.0,6.6909774436090235,19.953759398496246,3.8919065183290638,6.097560975609756,64.8780487804878,0.6909774436090235,3.9537593984962456,9.98946749393882,0.6671336584314462
תפ_57105-11-20,drugs,Hybrid-Full,18,0.0,10.0,3.7588591184096805,14.648228176318066,3.9082849637692347,4.6772367066331535,64.27777777777777,3.7588591184096805,4.6482281763180655,8.585521670402388,0.42606797262213825
תפ_44503-10-13,drugs,Hybrid-Full,14,6.0,24.0,11.50892857142857,28.330357142857142,5.218198140808252,5.7414532754595955,80.0,5.508928571428569,4.330357142857142,10.959651416267848,0.5593762495002
תפ_5581-02-17,drugs,Hybrid-Full,9,0.0,15.0,4.442901234567901,14.419753086419753,3.8297084310253524,6.778688463408731,72.0,4.442901234567901,0.5802469135802468,10.608396894434083,0.6651234567901234
תפ_49458-10-13,drugs,Hybrid-Full,10,0.0,12.0,3.4216133942161338,13.558599695585997,3.8522720568516444,3.8418745424597094,65.7,3.4216133942161338,1.5585996955859969,7.694146599311354,0.6326897171082173
תפ_20967-02-14,drugs,Hybrid-Full,9,12.0,24.0,4.877374784110535,15.224525043177893,4.148478822798771,8.412219213665644,64.33333333333333,7.122625215889465,8.775474956822107,12.560698036464416,0.1686235549132948
תפ_26274-11-16,drugs,Hybrid-Full,12,6.0,18.0,7.4013888888888895,21.790277777777778,7.1860203791033666,11.954485443640902,60.0,1.4013888888888895,3.790277777777778,19.140505822744267,0.6712111883191134
תפ_13583-12-21,drugs,Hybrid-Full,35,0.0,10.0,1.9755877034358047,13.525768535262205,3.8528017899514455,6.4468945221394645,63.2,1.9755877034358047,3.5257685352622055,10.29969631209091,0.5932684915939704
תפ_7786-05-16,drugs,Hybrid-Full,48,0.0,12.0,1.7743830787309047,13.508519388954173,3.4316237653138297,5.796872660227141,70.91666666666667,1.7743830787309047,1.5085193889541735,9.228496425540971,0.7569754039536349
תפ_3106-09-24,weapon,Hybrid-Full,8,6.0,15.0,10.982456140350878,25.140350877192986,3.018174116912409,6.7638746292343415,71.25,4.9824561403508785,10.140350877192986,9.782048746146751,0.20989917506874417
תפ_9216-06-20,drugs,Hybrid-Full,44,0.0,9.0,5.953417100827458,16.9813055470426,3.570641885022128,4.767096245259817,74.1590909090909,5.953417100827458,7.981305547042599,8.337738130281945,0.17940804908861221
תפ_26126-03-22,drugs,Hybrid-Full,15,18.0,36.0,29.482576557550153,56.052798310454065,15.810826108152039,23.29940390272297,63.13333333333333,11.482576557550153,20.052798310454065,39.11023001087501,0.1712731712731714
תפ_16419-02-21,drugs,Hybrid-Full,19,4.0,14.0,6.121189024390244,18.8125,4.789184490979927,5.896616241751965,69.05263157894737,2.121189024390244,4.8125,10.685800732731892,0.5319028506740764
תפ_22499-12-24,weapon,Hybrid-Full,8,9.0,20.0,11.043875685557586,22.897623400365628,4.2260353760942415,6.233728819895841,68.375,2.0438756855575857,2.897623400365628,10.459764195990083,0.6444356748224154
פלא_267189-16,weapon,Hybrid-Full,11,12.0,36.0,12.745222929936302,35.834394904458584,2.9176011883420383,2.16661368869327,71.36363636363636,0.7452229299363022,0.1656050955414159,5.084214877035308,0.9620488322717616
תפ_30637-02-21,drugs,Hybrid-Full,17,72.0,108.0,35.42580019398641,63.97478176527641,25.04086625296661,36.129716320282434,60.64705882352941,36.57419980601359,44.02521823472359,61.17058257324904,0.0
תפ_12241-08-20,drugs,Hybrid-Full,46,14.0,30.0,18.144370860927143,38.5046357615894,8.460879619279964,13.135130890709389,82.06521739130434,4.144370860927143,8.504635761589398,21.596010509989355,0.48381168585481915
תפ_51526-11-19,drugs,Hybrid-Full,27,0.0,12.0,4.7539267015706805,15.287958115183246,3.177855476905576,4.9460740829489405,70.74074074074075,4.7539267015706805,3.2879581151832458,8.123929559854517,0.473972602739726
תפ_61370-10-20,drugs,Hybrid-Full,19,0.0,14.0,5.493055555555555,16.55864197530864,3.704455653635321,3.8847667552096703,68.21052631578948,5.493055555555555,2.558641975308639,7.589222408844991,0.5137465051258155
תפ_11765-09-20,drugs,Hybrid-Full,4,36.0,60.0,30.458015267175576,53.587786259541986,5.7608593109014565,10.034316120194738,65.5,5.5419847328244245,6.412213740458014,15.795175431096194,0.5953488372093024
תפ_22206-02-21,drugs,Hybrid-Full,4,5.0,16.0,6.5058365758754855,16.696498054474706,0.8660254037844386,1.299038105676658,64.25,1.5058365758754855,0.6964980544747057,2.1650635094610964,0.811709913506321
תפ_7926-07-18,drugs,Hybrid-Full,19,0.0,9.0,0.6444792482380579,13.357086922474553,1.656013970794976,4.007610488589784,67.21052631578948,0.6444792482380579,4.3570869224745525,5.66362445938476,0.6255496277188249
תפ_25133-03-17,drugs,Hybrid-Full,9,0.0,10.0,6.7637795275590555,18.141732283464567,5.159194118330622,9.206814438162933,70.55555555555556,6.7637795275590555,8.141732283464567,14.366008556493554,0.17838541666666666
תפ_18336-12-19,drugs,Hybrid-Full,10,2.0,12.0,0.32307692307692304,9.63846153846154,0.9000000000000001,2.481934729198171,65.0,1.676923076923077,2.3615384615384603,3.3819347291981714,0.6541501976284586
תפ_26079-01-20,drugs,Hybrid-Full,23,0.0,7.0,3.948209718670076,15.30306905370844,7.273745417648059,12.188035287066992,68.0,3.948209718670076,8.30306905370844,19.46178070471505,0.19942341438957137
תפ_40677-02-16,drugs,Hybrid-Full,44,1.0,12.0,3.2057356608478806,14.262468827930174,4.392600370683512,6.646163374707681,72.9090909090909,2.2057356608478806,2.2624688279301743,11.038763745391194,0.6630940628966295
תפ_4127-11-17,drugs,Hybrid-Full,34,10.0,24.0,10.200246710526315,26.518092105263158,6.163291261132332,10.560748636564828,71.52941176470588,0.20024671052631504,2.5180921052631575,16.72403989769716,0.8354326396495072
תפ_62155-10-21,drugs,Hybrid-Full,5,8.0,18.0,9.449477351916375,22.5993031358885,4.454211490264018,6.997142273814361,57.4,1.449477351916375,4.599303135888501,11.451353764078378,0.5856801909307877
תפ_30615-08-19,drugs,Hybrid-Full,55,6.0,15.0,6.0351323828920584,17.50534623217923,3.772716319808854,5.5322943695844256,71.41818181818182,0.035132382892058445,2.5053462321792317,9.30501068939328,0.7791914677051751
תפ_37634-03-15,drugs,Hybrid-Full,17,0.0,15.0,6.511688311688311,18.727272727272727,6.983420801438604,8.473038861190984,67.94117647058823,6.511688311688311,3.7272727272727266,15.456459662629587,0.45325936199722616
תפ_5787-10-14,drugs,Hybrid-Full,17,0.0,12.0,5.729106628242075,18.42363112391931,5.414960693112969,7.85244545692482,61.23529411764706,5.729106628242075,6.423631123919311,13.26740615003779,0.3403722821836383
תפ_8588-09-18,drugs,Hybrid-Full,12,6.0,20.0,11.218551461245236,25.15501905972046,5.402545696243577,10.817616804700254,65.58333333333333,5.2185514612452355,5.155019059720459,16.220162500943832,0.45844112769485895
תפ_57318-09-16,drugs,Hybrid-Full,6,8.0,18.0,7.670886075949366,18.27848101265823,2.1343747458109497,2.9249881291307074,65.83333333333333,0.3291139240506338,0.27848101265822933,5.059362874941657,0.9427207637231501
תפ_23613-02-22,drugs,Hybrid-Full,17,6.0,18.0,4.339103869653768,15.682281059063136,3.4117647058823533,4.813475893053831,57.76470588235294,1.6608961303462317,2.3177189409368637,8.225240598936185,0.7087588520313083
תפ_27890-10-18,drugs,Hybrid-Full,3,0.0,10.0,1.9642857142857144,12.0,2.8284271247461903,1.632993161855452,56.0,1.9642857142857144,2.0,4.461420286601642,0.6696428571428571
תפ_6918-02-19,drugs,Hybrid-Full,8,0.0,12.0,4.465065502183407,13.100436681222707,2.912795049432761,2.23606797749979,57.25,4.465065502183407,1.1004366812227069,5.148863026932551,0.5751666666666666
תפ_1484-03-24,drugs,Hybrid-Full,45,36.0,60.0,25.014745308310992,48.71045576407508,12.060628732868729,15.832861591412952,82.88888888888889,10.985254691689008,11.289544235924922,27.89349032428168,0.36330893903981026
תפ_32945-06-20,drugs,Hybrid-Full,34,10.0,24.0,18.015065913370993,37.5065913370998,9.86518115940901,14.835312776962654,78.08823529411765,8.015065913370993,13.506591337099799,24.700493936371664,0.21758181569218157
תפ_59939-11-17,drugs,Hybrid-Full,26,0.0,12.0,2.3854565336249314,15.771459814106068,3.45576441504737,5.0512169721175395,70.34615384615384,2.3854565336249314,3.771459814106068,8.50698138716491,0.6096165846217847
תפ_60760-03-22,drugs,Hybrid-Full,3,0.0,18.0,2.0312500000000004,12.531250000000002,2.8284271247461903,4.109609335312651,64.0,2.0312500000000004,5.468749999999998,6.938036460058841,0.5833333333333335
תפ_44250-12-15,drugs,Hybrid-Full,21,8.0,24.0,6.970394736842106,20.04605263157895,3.5443417268435033,5.355396540765543,72.38095238095238,1.0296052631578938,3.9539473684210513,8.899738267609047,0.7073594745991888
תפ_28270-11-15,drugs,Hybrid-Full,15,8.0,24.0,12.707182320441985,28.828729281767945,8.67845352326989,11.505361069229131,60.333333333333336,4.707182320441985,4.828729281767945,20.183814592499022,0.5421750663129978
תפ_25922-06-24,weapon,Hybrid-Full,8,30.0,48.0,29.920415224913494,51.45674740484428,10.344080432788601,16.58123939879043,72.25,0.07958477508650574,3.456747404844279,26.92531983157903,0.8357969151670955
תפ_17242-03-22,drugs,Hybrid-Full,39,0.0,12.0,3.685220729366602,15.6468330134357,5.027864500289122,6.77457054348482,66.7948717948718,3.685220729366602,3.6468330134356997,11.802435043773942,0.5314033366045143
תפ_24248-09-22,drugs,Hybrid-Full,46,0.0,12.0,3.3834710743801653,15.285950413223139,4.720345698788178,7.091489614512668,65.76086956521739,3.3834710743801653,3.285950413223139,11.811835313300845,0.5636894463667821
תפ_16599-08-18,drugs,Hybrid-Full,8,0.0,18.0,7.218691588785047,19.82056074766355,5.024937810560445,7.964766161036995,66.875,7.218691588785047,1.8205607476635493,12.98970397159744,0.5439456808751415
תפ_14474-03-20,drugs,Hybrid-Full,40,10.0,24.0,13.34531928084315,30.647241165530065,13.107154534833256,17.749207728797362,80.65,3.3453192808431496,6.647241165530065,30.85636226363062,0.5160341100168149
תפ_21561-02-21,drugs,Hybrid-Full,5,0.0,12.0,1.876923076923077,10.338461538461539,2.5298221281347035,1.4966629547095764,65.0,1.876923076923077,1.661538461538461,4.02648508284428,0.7051282051282052
תפ_10639-08-22,drugs,Hybrid-Full,3,15.0,36.0,25.54189944134078,51.927374301675975,4.109609335312651,6.236095644623236,59.666666666666664,10.541899441340782,15.927374301675975,10.345704979935888,0.28320726172465965
תפ_56754-10-20,drugs,Hybrid-Full,18,0.0,24.0,2.578796561604584,13.999999999999998,4.760952285695233,7.312470322826769,58.166666666666664,2.578796561604584,10.000000000000002,12.073422608522002,0.47588347659980895
תפ_3468-11-23,weapon,Hybrid-Full,7,30.0,50.0,23.479120879120885,45.34945054945055,11.347929776134572,16.591121303951972,65.0,6.5208791208791155,4.650549450549448,27.939051080086543,0.5787685423054614
תפ_35566-04-18,drugs,Hybrid-Full,12,18.0,36.0,16.582535885167466,37.04066985645933,10.960788698304922,14.192133971558563,69.66666666666667,1.4174641148325335,1.0406698564593313,25.152922669863486,0.8798456411155938
תפ_42704-01-20,drugs,Hybrid-Full,14,15.0,30.0,7.005165289256198,17.386363636363637,5.540205551332947,4.06578556307363,69.14285714285714,7.994834710743802,12.613636363636363,9.605991114406578,0.103778247001213
תפ_41933-08-22,drugs,Hybrid-Full,3,10.0,24.0,9.885714285714286,25.542857142857144,4.320493798938574,7.483314773547883,58.333333333333336,0.11428571428571388,1.5428571428571445,11.803808572486457,0.8941605839416058
תפ_54134-05-18,drugs,Hybrid-Full,25,4.0,12.0,4.57202380952381,16.13154761904762,4.9396356140913875,5.992528681616801,67.2,0.5720238095238104,4.13154761904762,10.932164295708189,0.6122859526029144
תפ_53043-09-20,weapon,Hybrid-Full,13,18.0,36.0,13.510869565217389,32.94565217391305,2.4997041245033724,3.730570970148351,70.76923076923077,4.489130434782611,3.0543478260869534,6.230275094651724,0.664572257129048
תפ_20051-12-17,drugs,Hybrid-Full,6,24.0,48.0,12.881355932203387,26.80508474576271,10.979779394667068,16.51682643716872,59.0,11.118644067796613,21.19491525423729,27.496605831835787,0.0798745173745173
תפ_40055-10-18,drugs,Hybrid-Full,19,4.0,12.0,2.7085020242914974,13.765182186234819,2.551410451271752,3.322049229065158,65.0,1.2914979757085026,1.765182186234819,5.873459680336911,0.7235444891980959
תפ_59003-05-24,weapon,Hybrid-Full,21,36.0,54.0,23.247464503042593,43.45030425963489,5.9810737021362215,7.889543583705187,70.42857142857143,12.752535496957407,10.54969574036511,13.870617285841409,0.24226634127036478
תפ_11898-11-22,weapon,Hybrid-Full,5,48.0,72.0,34.10526315789474,68.046783625731,20.8,28.526478927480696,68.4,13.89473684210526,3.9532163742690045,49.32647892748069,0.5290123456790125
תפ_1722-05-21,drugs,Hybrid-Full,4,6.0,20.0,7.39350180505415,19.472924187725635,2.692582403567252,4.9749371855331,69.25,1.3935018050541501,0.5270758122743651,7.667519589100351,0.8628158844765347
תפ_22531-05-19,drugs,Hybrid-Full,3,3.0,12.0,3.2307692307692304,12.461538461538462,2.449489742783178,4.898979485566356,65.0,0.2307692307692304,0.4615384615384617,7.348469228349534,0.926829268292683
עפ_-_תפ_19260-06-14,weapon,Hybrid-Full,5,6.0,18.0,14.314121037463977,34.71469740634005,4.915282290977803,9.624967532412771,69.4,8.314121037463977,16.71469740634005,14.540249823390575,0.12836210357286235
תפ_5310-01-17,drugs,Hybrid-Full,14,0.0,8.0,2.25130890052356,12.586387434554975,3.3327380420823443,3.6027200608338545,68.21428571428571,2.25130890052356,4.586387434554975,6.935458102916199,0.456738768718802
תפ_60154-02-19,drugs,Hybrid-Full,32,5.0,18.0,22.88810641627543,44.161580594679194,7.79322622538317,11.350548926703942,79.875,17.88810641627543,26.161580594679194,19.143775152087112,0.0
תפ_34232-05-24,drugs,Hybrid-Full,12,14.0,28.0,15.449809402795422,30.015247776365946,11.441578659530434,14.150726326077951,65.58333333333333,1.449809402795422,2.015247776365946,25.592304985608386,0.7836401142494449
תפ_56691-03-21,drugs,Hybrid-Full,12,7.0,21.0,15.836820083682008,35.76987447698744,11.711817393840576,19.18097292168002,59.75,8.836820083682008,14.76987447698744,30.892790315520596,0.17946480511925544
תפ_3908-11-14,drugs,Hybrid-Full,59,0.0,6.0,3.708699902248289,16.363391984359723,4.5547516630288865,7.191355850311846,69.35593220338983,3.708699902248289,10.363391984359723,11.746107513340732,0.14002598605116567
תפ_18584-01-22,drugs,Hybrid-Full,9,0.0,6.0,0.0,10.110236220472443,0.0,1.987615979999813,70.55555555555556,0.0,4.1102362204724425,1.987615979999813,0.5934579439252335
תפ_56431-02-24,drugs,Hybrid-Full,8,30.0,60.0,35.93478260869565,64.46739130434783,32.840523747346055,45.8119457674524,57.5,5.934782608695649,4.467391304347828,78.65246951479845,0.6982024597918638
תפ_59619-10-20,drugs,Hybrid-Full,20,0.0,10.0,2.4903846153846154,13.190705128205128,5.840376700179536,11.363428179911201,62.4,2.4903846153846154,3.1907051282051277,17.203804880090736,0.5693111408091363
תפ_36577-03-20,drugs,Hybrid-Full,6,0.0,10.0,1.6159250585480096,8.576112412177986,2.4267032964268394,2.494438257849294,71.16666666666667,1.6159250585480096,1.4238875878220139,4.921141554276133,0.6960187353629976
תפ_16332-07-21,drugs,Hybrid-Full,15,0.0,18.0,8.189636163175297,22.880926130099215,3.116978594016256,5.6,60.46666666666667,8.189636163175297,4.8809261300992155,8.716978594016256,0.42875728810292535
תפ_43632-05-17,drugs,Hybrid-Full,16,24.0,48.0,13.747311827956988,31.50537634408602,15.041608956491324,24.9098374141623,58.125,10.252688172043012,16.49462365591398,39.95144637065363,0.2191178778841626
תפ_76300-05-23,drugs,Hybrid-Full,14,42.0,60.0,35.30592503022974,61.78476420798065,15.921362878798014,22.140552875496425,59.07142857142857,6.694074969770263,1.7847642079806505,38.06191575429444,0.6797881085030595
תפ_80761-01-19,drugs,Hybrid-Full,28,0.0,12.0,3.85025641025641,15.022051282051283,3.6691974877460103,4.418623619847876,69.64285714285714,3.85025641025641,3.022051282051283,8.087821107593886,0.5425186904721264
תפ_32546-04-16,drugs,Hybrid-Full,4,8.0,20.0,7.282608695652173,21.43478260869565,4.656984002549289,6.5383484153110105,57.5,0.717391304347827,1.4347826086956488,11.1953324178603,0.8479262672811061
תפ_25672-10-23,weapon,Hybrid-Full,4,16.0,40.0,10.962962962962962,28.55555555555555,4.58257569495584,7.794228634059948,67.5,5.037037037037038,11.44444444444445,12.376804329015787,0.43239795918367324
תפ_48135-05-14,drugs,Hybrid-Full,13,0.0,12.0,6.112500000000001,17.89375,9.587960892851006,14.504029230021755,61.53846153846154,6.112500000000001,5.893750000000001,24.09199012287276,0.32902549772965417
תפ_17917-05-14,drugs,Hybrid-Full,58,0.0,15.0,5.195085147661134,18.218150463461956,5.6538055539060865,8.629185468799161,79.98275862068965,5.195085147661134,3.2181504634619564,14.282991022705247,0.5381948552902477
תפ_37744-04-21,drugs,Hybrid-Full,7,12.0,24.0,8.423326133909287,19.092872570194388,3.8491981672307083,3.8332593899996397,66.14285714285714,3.5766738660907134,4.9071274298056125,7.682457557230348,0.4553521907931228
תפ_23062-12-21,drugs,Hybrid-Full,88,21.0,48.0,22.177868852459014,45.056284153005464,6.965640288451534,10.545356582617083,83.18181818181819,1.1778688524590137,2.943715846994536,17.510996871068617,0.8473487148350537
תפ_37265-02-20,drugs,Hybrid-Full,22,6.0,18.0,7.475920679886685,21.260623229461753,2.6410616447879907,4.50642333116513,80.22727272727273,1.475920679886685,3.2606232294617534,7.1474849759531205,0.6896231668832377
תפ_64378-07-24,weapon,Hybrid-Full,7,15.0,30.0,14.516754850088184,30.268077601410937,4.531071864901058,5.8970764115857985,81.0,0.48324514991181644,0.26807760141093695,10.428148276486857,0.9523009741350351
תפ_48167-02-13,drugs,Hybrid-Full,6,0.0,12.0,5.924137931034482,17.917241379310344,6.708203932499369,8.48528137423857,72.5,5.924137931034482,5.917241379310344,15.193485306737939,0.33910700538876065
תפ_60855-05-22,drugs,Hybrid-Full,16,0.0,18.0,3.8771186440677963,14.466101694915253,3.136852522832401,3.2210246816812815,73.75,3.8771186440677963,3.5338983050847474,6.357877204513683,0.588276836158192
תפ_3024-03-24,drugs,Hybrid-Full,15,9.0,24.0,20.83246073298429,41.4869109947644,9.398345007972887,13.33766596272876,63.666666666666664,11.832460732984291,17.4869109947644,22.73601097070165,0.09750201450443197
תפק_25089-09-21,drugs,Hybrid-Full,9,8.0,20.0,10.139492753623188,23.753623188405797,5.586580039989571,7.329965556653619,61.333333333333336,2.1394927536231876,3.753623188405797,12.91654559664319,0.625919963201472
תפ_16406-07-22,drugs,Hybrid-Full,26,0.0,12.0,2.469523234761617,14.423053711526851,3.671415250394377,4.387482193696061,63.73076923076923,2.469523234761617,2.423053711526851,8.058897444090437,0.6607807858069378
תפ_1276-05-15,drugs,Hybrid-Full,26,13.0,32.0,14.529694061187765,28.459508098380333,11.358663247461418,16.612223702182707,64.11538461538461,1.5296940611877652,3.540491901619667,27.970886949644125,0.7331481072206615
תפ_18218-11-19,drugs,Hybrid-Full,40,48.0,72.0,16.037428803905616,34.28559804719284,8.504373874660027,13.71531990148243,61.45,31.962571196094384,37.71440195280716,22.219693776142456,0.0
תפ_49331-02-16,weapon,Hybrid-Full,5,6.0,24.0,11.321321321321323,31.08108108108108,4.6475800154489,5.153639490690051,66.6,5.321321321321323,7.081081081081081,9.801219506138953,0.505507662835249
תפ_20997-02-24,weapon,Hybrid-Full,15,21.0,40.0,21.288246268656717,41.36847014925373,4.896257073860944,4.977281721314691,71.46666666666667,0.2882462686567173,1.3684701492537314,9.873538795175635,0.9186626975040073
תפ_32175-07-22,drugs,Hybrid-Full,3,48.0,84.0,34.747252747252745,67.41758241758244,11.313708498984761,22.44994432064365,60.666666666666664,13.252747252747255,16.582417582417563,33.76365281962841,0.39424364123159344
תפ_53195-10-19,drugs,Hybrid-Full,3,30.0,60.0,26.0,48.0,2.8284271247461903,4.320493798938574,65.0,4.0,12.0,7.148920923684765,0.5294117647058824
תפ_30506-01-22,drugs,Hybrid-Full,8,18.0,36.0,11.779359430604982,26.953736654804267,5.194648688795037,10.907995920424613,70.25,6.220640569395018,9.046263345195733,16.10264460921965,0.3696738172200998
תפ_2232-08-15,drugs,Hybrid-Full,5,12.0,36.0,13.983870967741936,30.696774193548386,8.304215796810679,17.959955456514916,62.0,1.983870967741936,5.303225806451614,26.264171253325593,0.6963709677419354
תפ_32889-12-17,weapon,Hybrid-Full,3,12.0,36.0,81.73913043478261,120.86956521739131,29.393876913398138,40.792156108742276,69.0,69.73913043478261,84.86956521739131,70.1860330221404,0.0
תפ_31963-09-22,drugs,Hybrid-Full,15,0.0,8.0,2.9850000000000003,12.720000000000002,3.3359989341858145,4.166533331199932,66.66666666666667,2.9850000000000003,4.720000000000002,7.502532265385746,0.3942610062893081
תפ_19639-05-19,drugs,Hybrid-Full,26,5.0,15.0,5.199530516431925,16.158450704225356,4.62898636775908,5.653846153846153,65.53846153846153,0.199530516431925,1.1584507042253556,10.282832521605233,0.8783001998527399
תפ_44091-11-15,drugs,Hybrid-Full,24,0.0,18.0,0.6433408577878105,11.589164785553049,1.795054935711501,2.852873794770615,73.83333333333333,0.6433408577878105,6.410835214446951,4.647928730482116,0.608101329320291
תפ_27085-10-15,drugs,Hybrid-Full,12,9.0,20.0,7.440056417489422,20.708039492242595,2.059867849051379,7.442371187255369,59.083333333333336,1.559943582510578,0.7080394922425945,9.502239036306747,0.8290634633783354
תפ_73620-12-18,drugs,Hybrid-Full,20,0.0,10.0,1.8359941944847604,11.864296081277214,3.819685850956856,4.954543369474123,68.9,1.8359941944847604,1.8642960812772138,8.774229220430978,0.6881154810691785
תפ_31170-11-21,drugs,Hybrid-Full,12,0.0,8.0,1.7777777777777777,10.444444444444445,2.2669117514559076,1.8027756377319946,75.0,1.7777777777777777,2.4444444444444446,4.069687389187902,0.5957446808510638
תפ_68578-08-21,drugs,Hybrid-Full,15,0.0,12.0,1.0610932475884243,10.975348338692388,3.249615361854384,4.5382326466980025,62.2,1.0610932475884243,1.0246516613076118,7.787848008552387,0.8261879242586637
תפ_32835-09-21,drugs,Hybrid-Full,5,26.0,50.0,4.468085106382979,18.4468085106383,5.878775382679628,9.2951600308978,56.4,21.53191489361702,31.5531914893617,15.173935413577428,0.0
תפ_33230-07-13,drugs,Hybrid-Full,13,0.0,15.0,7.605839416058393,20.58029197080292,7.660704310475923,9.025276799177693,63.23076923076923,7.605839416058393,5.5802919708029215,16.685981109653618,0.3592835609150559
תפ_47450-01-23,weapon,Hybrid-Full,13,30.0,52.0,18.108622620380736,36.452407614781634,7.694615038565346,10.78899285679184,68.6923076923077,11.891377379619264,15.547592385218366,18.483607895357185,0.19038493309102922
תפ_13053-08-19,drugs,Hybrid-Full,6,0.0,8.0,2.368421052631579,10.105263157894736,3.72677996249965,6.315765107165472,63.333333333333336,2.368421052631579,2.1052631578947363,10.042545069665122,0.5572916666666667
תפ_6132-03-16,drugs,Hybrid-Full,5,10.0,24.0,12.435897435897438,29.923076923076927,5.844655678480984,9.748846085563153,78.0,2.435897435897438,5.923076923076927,15.593501764044138,0.5804375804375802
תפ_37803-08-20,drugs,Hybrid-Full,7,0.0,8.0,0.6914893617021276,10.276595744680852,1.1605769149479943,1.665986255670086,67.14285714285714,0.6914893617021276,2.2765957446808525,2.8265631706180803,0.7111801242236024
תפ_10586-10-23,weapon,Hybrid-Full,9,30.0,50.0,22.120481927710845,44.55077452667814,8.589399151150083,9.11382073529328,64.55555555555556,7.879518072289155,5.44922547332186,17.703219886443364,0.5219162859612297
תפ_68386-11-20,drugs,Hybrid-Full,3,0.0,6.0,0.0,7.783783783783784,0.0,2.8284271247461903,61.666666666666664,0.0,1.7837837837837842,2.8284271247461903,0.7708333333333333
תפ_39699-03-13,drugs,Hybrid-Full,28,0.0,12.0,7.664187035069076,22.23166843783209,4.8701244588714525,6.634403222781155,67.21428571428571,7.664187035069076,10.231668437832091,11.504527681652608,0.19502868068833654
תפ_3781-11-11,drugs,Hybrid-Full,31,0.0,18.0,4.162308830784412,15.078441045880622,5.389317680117962,8.25163560237994,65.38709677419355,4.162308830784412,2.9215589541193783,13.640953282497902,0.6064517897275672
תפ_27164-09-23,weapon,Hybrid-Full,12,24.0,48.0,16.880088008800882,36.851485148514854,5.2014955114424115,8.948929172439199,75.75,7.1199119911991176,11.148514851485146,14.15042468388161,0.4129666289592761
תפ_33772-09-24,weapon,Hybrid-Full,26,18.0,36.0,14.61864406779661,32.368173258003765,3.197863561965511,4.597400860764288,81.6923076923077,3.3813559322033893,3.6318267419962353,7.795264422729799,0.6719954199145637
תפ_49525-04-24,weapon,Hybrid-Full,3,16.0,32.0,15.666666666666666,36.0,3.2998316455372216,0.0,75.0,0.3333333333333339,4.0,3.2998316455372216,0.7868852459016392
תפ_45708-01-17,drugs,Hybrid-Full,3,0.0,14.0,8.672489082969433,22.11353711790393,0.4714045207910317,2.8284271247461903,76.33333333333333,8.672489082969433,8.113537117903931,3.299831645537222,0.2409162717219589
תפ_41728-10-23,weapon,Hybrid-Full,9,18.0,42.0,17.361344537815125,39.016806722689076,5.41602560309064,4.371625682868,66.11111111111111,0.6386554621848752,2.9831932773109244,9.78765128595864,0.8530013642564802
תפ_54568-08-24,weapon,Hybrid-Full,7,27.0,40.0,22.81236203090508,44.17880794701986,5.742786069211937,8.951114398754596,64.71428571428571,4.187637969094919,4.1788079470198625,14.693900467966532,0.6084306229982439
תפ_27619-07-22,weapon,Hybrid-Full,26,66.0,108.0,57.121593291404615,97.00628930817608,24.425832673117778,31.13247129976625,73.38461538461539,8.878406708595385,10.993710691823921,55.55830397288403,0.6094194239564873
תפ_17208-07-18,drugs,Hybrid-Full,10,0.0,12.0,4.102941176470588,16.138235294117646,5.878775382679628,6.986415389883427,68.0,4.102941176470588,4.138235294117646,12.865190772563054,0.4893384363039913
תפ_26494-03-13,drugs,Hybrid-Full,7,10.0,24.0,23.986784140969164,51.43171806167401,8.30539534499922,14.75237787820067,64.85714285714286,13.986784140969164,27.43171806167401,23.057773223199888,0.0003189792663476738
תפ_23416-08-24,weapon,Hybrid-Full,6,48.0,78.0,43.2970297029703,68.36633663366337,20.11356645539412,19.955506062794353,67.33333333333333,4.702970297029701,9.633663366336634,40.06907251818848,0.5868758915834522
תפ_802-12-22,drugs,Hybrid-Full,36,18.0,42.0,28.227064220183486,54.19036697247706,9.690702875551507,13.132603617629588,60.55555555555556,10.227064220183486,12.190366972477058,22.823306493181093,0.3805691108435263
תפ_56960-06-22,drugs,Hybrid-Full,4,0.0,12.0,0.0,7.392857142857143,0.0,2.598076211353316,70.0,0.0,4.607142857142857,2.598076211353316,0.6160714285714286
תפ_21052-05-20,drugs,Hybrid-Full,7,10.0,30.0,13.287356321839079,35.74712643678161,5.914354726995557,13.370695950625818,62.142857142857146,3.287356321839079,5.747126436781613,19.285050677621374,0.6491071428571429
תפ_45191-09-14,weapon,Hybrid-Full,3,42.0,96.0,43.02222222222222,74.75555555555555,3.7712361663282534,16.110727964792762,75.0,1.0222222222222186,21.244444444444454,19.881964131121016,0.5876543209876542
תפח_10037-11-22,weapon,Hybrid-Full,31,96.0,144.0,59.48523908523908,105.18752598752599,23.832051975286504,25.967721899411224,77.58064516129032,36.51476091476092,38.81247401247401,49.79977387469773,0.10870912829999309
תפ_72027-10-21,drugs,Hybrid-Full,12,14.0,24.0,8.16010498687664,19.59711286089239,3.3029868637677353,5.1065045666178435,63.5,5.8398950131233605,4.402887139107609,8.409491430385579,0.35335542667771347
תפ_4658-07-22,drugs,Hybrid-Full,36,30.0,58.0,25.152487961476726,48.98876404494383,6.609652033201142,9.61046882889233,86.52777777777777,4.8475120385232735,9.011235955056172,16.220120862093474,0.5780883502736515
תפ_13535-03-19,drugs,Hybrid-Full,15,0.0,8.0,1.5397316821465425,12.585139318885448,3.0287511177601463,4.813868852942853,64.6,1.5397316821465425,4.585139318885448,7.842619970702999,0.5133251332513326
תפ_5317-07-19,drugs,Hybrid-Full,5,0.0,10.0,2.3943661971830985,12.338028169014082,4.0,4.381780460041329,71.0,2.3943661971830985,2.3380281690140823,8.381780460041329,0.6164383561643837
תפ_10335-06-24,weapon,Hybrid-Full,12,15.0,30.0,15.131578947368421,33.98684210526316,2.4776781245530843,3.7416573867739413,63.333333333333336,0.13157894736842124,3.9868421052631575,6.219335511327026,0.7830907830907831
תפ_47445-08-17,weapon,Hybrid-Full,3,12.0,30.0,11.214285714285714,28.142857142857142,5.0990195135927845,7.483314773547883,70.0,0.7857142857142865,1.8571428571428577,12.582334287140668,0.8593155893536122
תפ_56588-03-21,drugs,Hybrid-Full,22,9.0,24.0,7.188918558077436,18.02269692923899,3.2793493609868647,4.215526201676938,68.0909090909091,1.811081441922564,5.97730307076101,7.494875562663802,0.5367112734781403
תפ_53124-07-19,drugs,Hybrid-Full,11,0.0,12.0,3.5185185185185186,13.71111111111111,3.1727142484754816,4.5942831885430095,61.36363636363637,3.5185185185185186,1.7111111111111104,7.766997437018491,0.6185845488924906
תפ_22804-10-19,drugs,Hybrid-Full,13,8.0,24.0,12.341121495327105,30.200934579439256,6.7385669117156235,12.04134887959969,82.3076923076923,4.341121495327105,6.200934579439256,18.779915791315315,0.5251525994527466
תפ_7486-05-18,drugs,Hybrid-Full,11,15.0,36.0,8.287589498806684,22.911694510739864,3.7128323375749344,7.042961435726024,76.18181818181819,6.712410501193316,13.088305489260136,10.755793773300958,0.28549283038367157
תפ_63584-03-18,drugs,Hybrid-Full,43,0.0,10.0,13.79490405787984,29.394778232148482,9.115507798413171,13.193078802370573,73.93023255813954,13.79490405787984,19.394778232148482,22.308586600783745,0.0
תפ_35326-09-23,weapon,Hybrid-Full,51,65.0,100.0,43.99495077000756,74.50340823024487,19.86136108063579,24.913059129429826,77.66666666666667,21.005049229992437,25.496591769755128,44.774420210065614,0.1696884184713028
תפ_9457-04-23,drugs,Hybrid-Full,3,24.0,48.0,15.150753768844218,31.0251256281407,4.4969125210773475,9.797958971132712,66.33333333333333,8.849246231155782,16.9748743718593,14.29487149221006,0.21385956860945374
תפ_55185-05-20,drugs,Hybrid-Full,18,15.0,32.0,12.88458298230834,27.91912384161752,10.76760688475816,13.366625103842281,65.94444444444444,2.1154170176916605,4.08087615838248,24.13423198860044,0.6758483913618332
תפ_15997-02-20,drugs,Hybrid-Full,13,0.0,10.0,2.57888198757764,15.515527950310561,3.3139475736212334,6.099762338953542,61.92307692307692,2.57888198757764,5.515527950310561,9.413709912574776,0.47830264211369083
תפ_30050-06-10,drugs,Hybrid-Full,5,0.0,12.0,13.647058823529411,27.705882352941178,3.2,4.8,68.0,13.647058823529411,15.705882352941178,8.0,0.0
תפ_64845-06-16,weapon,Hybrid-Full,25,12.0,36.0,13.078431372549021,35.86834733893558,3.996798718974975,5.894539846332366,71.4,1.078431372549021,0.13165266106442175,9.891338565307342,0.9495798319327733
תפ_50686-04-24,weapon,Hybrid-Full,13,30.0,42.0,28.91422121896162,49.916478555304735,13.654225346847223,20.613088276239047,68.15384615384616,1.0857787810383783,7.916478555304735,34.26731362308627,0.5713671539122959
תפ_60882-12-14,drugs,Hybrid-Full,7,0.0,15.0,10.063116370808679,23.39644970414201,4.105745103771404,8.533248298896046,72.42857142857143,10.063116370808679,8.396449704142011,12.638993402667449,0.21100994773225426
תפ_22609-10-16,drugs,Hybrid-Full,30,84.0,120.0,25.159224176815517,47.138024357239516,11.552585088291806,16.67879558667898,73.9,58.84077582318449,72.86197564276048,28.231380674970787,0.0
תפ_35683-04-18,weapon,Hybrid-Full,16,20.0,48.0,40.39191419141913,69.1996699669967,20.899966357628426,26.556543449779003,75.75,20.391914191419133,21.199669966996694,47.45650980740743,0.15463692772094603
תפ_54408-10-19,drugs,Hybrid-Full,12,24.0,40.0,15.414835164835166,36.271978021978036,5.312459150169743,9.826268648655782,60.666666666666664,8.585164835164834,3.728021978021964,15.138727798825524,0.49916191753268585
תפ_67437-05-24,weapon,Hybrid-Full,18,28.0,48.0,27.6092050209205,45.2276150627615,3.4502639011609415,6.635343079131461,66.38888888888889,0.39079497907950156,2.772384937238499,10.085606980292402,0.844872163171502
תפ_26550-11-19,drugs,Hybrid-Full,6,0.0,8.0,0.35135135135135137,9.891891891891893,0.74535599249993,1.632993161855452,61.666666666666664,0.35135135135135137,1.891891891891893,2.378349154355382,0.7732240437158469
תפ_20940-03-16,drugs,Hybrid-Full,3,0.0,12.0,0.0,10.514285714285716,0.0,1.8856180831641267,58.333333333333336,0.0,1.485714285714284,1.8856180831641267,0.8761904761904763
תפ_7833-06-21,drugs,Hybrid-Full,12,8.0,16.0,10.670557717250322,24.81322957198443,5.514501085521901,10.618053284644768,64.25,2.670557717250322,8.81322957198443,16.13255437016667,0.31697909434544497
תפ_37506-04-24,weapon,Hybrid-Full,5,9.0,24.0,5.920634920634922,19.206349206349206,3.1622776601683795,0.9797958971132713,63.0,3.079365079365078,4.793650793650794,4.142073557281651,0.5645302897278314
תפ_34079-05-20,drugs,Hybrid-Full,16,16.0,32.0,11.368421052631577,28.184210526315784,5.238081709939241,5.83329613083375,83.125,4.631578947368423,3.815789473684216,11.07137784077299,0.5905612244897955
תפ_8061-02-22,drugs,Hybrid-Full,13,0.0,6.0,7.078553615960099,18.67830423940149,3.762159772503841,6.0715653109757275,61.69230769230769,7.078553615960099,12.678304239401491,9.833725083479568,0.0
תפ_13534-04-17,drugs,Hybrid-Full,14,0.0,8.0,3.0728793309438465,12.835125448028675,4.8027415640040685,5.724989974146823,59.785714285714285,3.0728793309438465,4.835125448028675,10.527731538150892,0.38387787396444195
תפ_30169-09-16,drugs,Hybrid-Full,16,8.0,24.0,5.369261477045909,18.04491017964072,5.522680508593631,9.858173956164498,62.625,2.6307385229540907,5.95508982035928,15.380854464758128,0.5391579172916221
תפ_46221-08-23,drugs,Hybrid-Full,14,34.0,60.0,29.378947368421056,57.05052631578946,9.172941575244941,11.486682617319085,67.85714285714286,4.621052631578944,2.9494736842105382,20.659624192564024,0.7527672739773115
תפ_47586-11-16,weapon,Hybrid-Full,4,55.0,85.0,45.71134020618557,69.42955326460482,28.00446392988089,31.60992723813201,72.75,9.288659793814432,15.57044673539518,59.6143911680129,0.3672701828041636
תפ_44604-11-22,drugs,Hybrid-Full,7,6.0,24.0,12.66371681415929,25.469026548672566,3.3745748031479192,7.548482750641661,80.71428571428571,6.66371681415929,1.4690265486725664,10.92305755378958,0.5822727272727274
תפ_52963-12-20,drugs,Hybrid-Full,6,0.0,10.0,0.17105263157894737,9.315789473684212,0.37267799624996495,2.2110831935702664,63.333333333333336,0.17105263157894737,0.6842105263157876,2.5837611898202315,0.9144736842105265
תפ_1264-05-17,drugs,Hybrid-Full,5,4.0,12.0,12.476027397260273,23.493150684931507,6.11228271597445,7.26636084983398,58.4,8.476027397260273,11.493150684931507,13.37864356580843,0.0
תפ_30867-06-22,weapon,Hybrid-Full,32,12.0,32.0,12.942982456140351,30.118421052631586,3.2379584617471546,6.972882743170144,71.25,0.942982456140351,1.8815789473684141,10.2108412049173,0.8587719298245616
תפ_7520-02-24,weapon,Hybrid-Full,8,14.0,28.0,17.983050847457626,36.27118644067797,5.31360282670807,7.33143914930759,73.75,3.9830508474576263,8.271186440677972,12.64504197601566,0.4497716894977168
תפ_38471-05-24,weapon,Hybrid-Full,10,52.0,72.0,43.40997229916896,73.37950138504154,16.14806489954756,22.61327044016411,72.2,8.590027700831037,1.3795013850415359,38.76133533971167,0.6673444865514374
תפ_49845-03-24,weapon,Hybrid-Full,34,24.0,48.0,44.486444616576286,72.94616576297445,17.999615528381437,21.802431533231463,75.94117647058823,20.486444616576286,24.946165762974445,39.802047061612896,0.07178407805094224
תפ_39587-11-22,drugs,Hybrid-Full,13,0.0,12.0,2.7714631197097943,14.096735187424427,2.9911110915728587,6.859537479879371,63.61538461538461,2.7714631197097943,2.096735187424427,9.85064857145223,0.6546577457539886
תפ_49510-11-23,drugs,Hybrid-Full,12,30.0,60.0,20.360526315789475,41.51578947368421,9.647610527425373,17.226231612153473,63.333333333333336,9.639473684210525,18.484210526315792,26.873842139578848,0.2905131779857929
תפ_34366-04-24,weapon,Hybrid-Full,4,18.0,36.0,15.719999999999999,31.439999999999998,2.48746859276655,4.9749371855331,62.5,2.280000000000001,4.560000000000002,7.462405778299649,0.6627218934911241
תפ_24296-05-20,drugs,Hybrid-Full,3,0.0,12.0,6.906593406593406,22.59890109890109,1.4142135623730951,6.164414002968976,60.666666666666664,6.906593406593406,10.598901098901091,7.578627565342071,0.22538293216630206
תפ_47113-02-22,drugs,Hybrid-Full,17,8.0,20.0,14.36223506743738,33.041425818882466,10.307386406498594,14.909647140515139,61.05882352941177,6.36223506743738,13.041425818882466,25.217033547013735,0.22513753702920014
תפ_39829-08-21,drugs,Hybrid-Full,33,0.0,12.0,3.829044919319668,15.075883122546882,4.5444443321860515,7.105656769554927,69.48484848484848,3.829044919319668,3.075883122546882,11.65010110174098,0.5419884867945269
תפ_31135-10-23,weapon,Hybrid-Full,16,22.0,40.0,42.76148409893993,70.51943462897528,30.565950725439574,39.70831147253683,70.75,20.76148409893993,30.519434628975276,70.2742621979764,0.0
תפ_52337-07-18,weapon,Hybrid-Full,7,18.0,36.0,20.142857142857142,41.081632653061234,2.4907993963089563,4.624689730353899,70.0,2.1428571428571423,5.081632653061234,7.1154891266628555,0.6870026525198937
תפ_66127-07-23,weapon,Hybrid-Full,3,32.0,54.0,25.531914893617024,50.08510638297872,3.39934634239519,1.632993161855452,62.666666666666664,6.468085106382976,3.914893617021278,5.032339504250642,0.6352765321375187
תפ_51488-07-23,drugs,Hybrid-Full,9,15.0,36.0,13.214920071047956,35.30728241563055,5.769224438109853,11.92983602797293,62.55555555555556,1.7850799289520438,0.6927175843694471,17.699060466082784,0.8912535079513565
תפ_14398-01-17,drugs,Hybrid-Full,3,0.0,12.0,2.0,14.0,2.8284271247461903,2.8284271247461903,55.0,2.0,2.0,5.656854249492381,0.7142857142857143
תפ_43742-07-22,weapon,Hybrid-Full,6,30.0,42.0,26.219512195121954,47.46341463414635,6.046119049072351,7.630348761506398,68.33333333333333,3.780487804878046,5.463414634146353,13.67646781057875,0.5648679678530423
תפ_68319-11-22,weapon,Hybrid-Full,32,13.0,36.0,14.838641188959661,33.282377919320595,3.3679034186716224,5.9041828393097715,73.59375,1.8386411889596612,2.717622080679405,9.272086257981394,0.8019015969722144
תפ_11443-11-22,weapon,Hybrid-Full,7,60.0,108.0,38.52719665271967,66.84518828451883,7.591617288906528,15.773912847819727,68.28571428571429,21.472803347280333,41.15481171548117,23.365530136726257,0.09853047458443746
תפ_20538-12-22,drugs,Hybrid-Full,6,12.0,24.0,9.8717277486911,21.264397905759164,7.26674311886388,10.040196987886022,63.666666666666664,2.1282722513089,2.7356020942408357,17.306940106749902,0.6557346674078194
תפ_38700-04-24,drugs,Hybrid-Full,10,0.0,8.0,4.38288920056101,15.8288920056101,3.3481338085566414,4.995998398718719,71.3,4.38288920056101,7.828892005610101,8.34413220727536,0.22851320219741267
תפ_42692-01-20,drugs,Hybrid-Full,8,0.0,15.0,13.612962962962962,32.470370370370375,7.905694150420948,13.317633986560827,67.5,13.612962962962962,17.470370370370375,21.223328136981774,0.042717006957910364
תפ_52282-01-22,drugs,Hybrid-Full,8,10.0,24.0,8.150943396226415,21.047169811320753,5.656854249492381,9.453008780277315,66.25,1.849056603773585,2.952830188679247,15.109863029769695,0.6970238095238094
תפ_64995-06-19,drugs,Hybrid-Full,3,0.0,15.0,13.010989010989011,28.791208791208792,9.977753031397176,12.364824660660938,60.666666666666664,13.010989010989011,13.791208791208792,22.342577692058114,0.06908396946564885
תפ_40276-11-17,drugs,Hybrid-Full,6,9.0,18.0,6.077319587628866,20.40721649484536,5.259911279353167,8.117197107923946,64.66666666666667,2.9226804123711343,2.407216494845361,13.377108387277113,0.6280575539568345
תפ_43884-01-23,drugs,Hybrid-Full,7,12.0,24.0,8.437500000000002,17.366071428571434,3.398679215248663,4.928053803045811,64.0,3.5624999999999982,6.633928571428566,8.326733018294474,0.34480780263912836
תפ_16014-01-22,drugs,Hybrid-Full,6,9.0,24.0,17.243093922651934,39.58563535911602,5.022173057773122,12.297244497131144,60.333333333333336,8.243093922651934,15.585635359116019,17.319417554904266,0.2209176300578035
תפ_8330-12-21,drugs,Hybrid-Full,9,6.0,12.0,4.703703703703703,16.60185185185185,6.863753427324666,11.672485321483464,60.0,1.2962962962962967,4.601851851851851,18.53623874880813,0.5042801556420233
תפ_263-10-24,weapon,Hybrid-Full,4,22.0,40.0,14.052631578947366,32.21052631578947,4.380353866983808,7.794228634059948,71.25,7.947368421052634,7.789473684210527,12.174582501043755,0.39350912778904656
תפ_47813-03-19,drugs,Hybrid-Full,4,16.0,36.0,15.054794520547944,30.308219178082194,4.123105625617661,6.5383484153110105,73.0,0.9452054794520564,5.691780821917806,10.661454040928671,0.683126226291694
תפ_21530-01-20,drugs,Hybrid-Full,5,0.0,6.0,0.7272727272727272,9.454545454545453,1.6,2.939387691339814,66.0,0.7272727272727272,3.4545454545454533,4.5393876913398135,0.5576923076923077
תפ_48522-09-23,weapon,Hybrid-Full,15,18.0,36.0,63.24228250701591,100.6267539756782,21.669845920592564,27.25549893548497,71.26666666666667,45.24228250701591,64.6267539756782,48.92534485607753,0.0
תפ_2008-09-16,drugs,Hybrid-Full,5,18.0,36.0,13.258823529411766,33.129411764705885,4.874423042781577,7.959899496852959,85.0,4.741176470588234,2.8705882352941146,12.834322539634535,0.6652871184687016
תפ_24771-06-21,drugs,Hybrid-Full,9,6.0,18.0,8.037766830870279,18.832512315270936,3.281071791162978,4.666666666666667,67.66666666666667,2.0377668308702788,0.8325123152709359,7.9477384578296455,0.7763275751759438
תפ_53615-01-19,weapon,Hybrid-Full,26,20.0,50.0,19.993132593766507,43.54992076069731,8.504871559094022,13.428090313497883,72.8076923076923,0.006867406233492801,6.4500792393026884,21.932961872591903,0.7848177032903193
תפ_57084-03-22,drugs,Hybrid-Full,13,0.0,10.0,4.0269277845777225,15.059975520195835,3.8322826791018927,4.615384615384616,62.84615384615385,4.0269277845777225,5.0599755201958345,8.447667294486509,0.39661898569570886
תפ_40199-07-20,drugs,Hybrid-Full,5,3.0,12.0,2.3670886075949364,11.936708860759493,2.7129319932501077,1.6,79.0,0.6329113924050636,0.06329113924050667,4.312931993250108,0.9277266754270697
תפ_33429-03-15,drugs,Hybrid-Full,8,0.0,12.0,3.4612546125461257,15.752767527675276,3.570714214271425,4.175823272122517,67.75,3.4612546125461257,3.7527675276752763,7.746537486393942,0.5420473178730382
תפ_1387-01-22,drugs,Hybrid-Full,19,18.0,36.0,16.15268456375839,32.907718120805356,11.670926540587491,18.00830833185253,62.73684210526316,1.8473154362416118,3.092281879194644,29.67923487244002,0.751120128497759
תפ_65636-05-18,drugs,Hybrid-Full,12,10.0,24.0,5.650929899856938,20.051502145922747,2.722080495176846,4.546060565661952,58.25,4.349070100143062,3.948497854077253,7.268141060838797,0.5477935443630126
תפ_27402-11-21,drugs,Hybrid-Full,4,0.0,12.0,5.87037037037037,17.14814814814815,2.48746859276655,2.179449471770337,67.5,5.87037037037037,5.148148148148149,4.666918064536887,0.357451403887689
תפ_34581-05-24,drugs,Hybrid-Full,9,20.0,40.0,10.964686998394864,24.423756019261635,4.521553322083512,8.04309380926838,69.22222222222223,9.035313001605136,15.576243980738365,12.56464713135189,0.15235778650008286
תפ_34753-10-20,drugs,Hybrid-Full,6,24.0,48.0,17.457627118644062,41.08958837772396,6.377042156569663,14.560219778561036,68.83333333333333,6.542372881355938,6.910411622276037,20.9372619351307,0.5595370223561119
תפ_72237-05-24,weapon,Hybrid-Full,15,12.0,24.0,16.426724137931032,33.96551724137931,6.216823054333209,8.57489876843388,77.33333333333333,4.426724137931032,9.96551724137931,14.791721822767087,0.3447802197802199
תפ_7221-08-22,drugs,Hybrid-Full,3,0.0,12.0,0.0,8.166666666666668,0.0,2.8284271247461903,60.0,0.0,3.833333333333332,2.8284271247461903,0.6805555555555557
תפ_12376-10-18,weapon,Hybrid-Full,17,30.0,60.0,27.04553264604811,55.19931271477663,16.964036863695,20.387254312641133,68.47058823529412,2.954467353951891,4.800687285223368,37.35129117633613,0.7646706118511952
תפ_69925-03-23,weapon,Hybrid-Full,13,36.0,60.0,34.777777777777786,55.66457023060798,12.393928652998666,19.42303884230844,73.38461538461539,1.2222222222222143,4.335429769392022,31.816967495307104,0.7796525642091271
תפ_18410-04-24,weapon,Hybrid-Full,7,120.0,156.0,33.59782608695652,59.608695652173914,13.772199148565749,21.796835568869316,65.71428571428571,86.40217391304347,96.3913043478261,35.569034717435066,0.0
תפ_37091-02-18,weapon,Hybrid-Full,18,8.0,8.0,12.466403162055334,28.877470355731226,6.91415617089718,10.43971524137453,70.27777777777777,4.466403162055334,20.877470355731226,17.35387141227171,0.0
תפ_15208-11-20,drugs,Hybrid-Full,5,6.0,17.0,4.953125,17.8125,2.785677655436824,3.794733192202055,64.0,1.046875,0.8125,6.580410847638879,0.8554070473876063
תפ_19302-10-22,weapon,Hybrid-Full,3,20.0,50.0,39.47727272727272,56.454545454545446,34.179265969622904,39.59797974644666,73.33333333333333,19.47727272727272,6.454545454545446,73.77724571606956,0.2886533665835414
תפ_43841-11-19,drugs,Hybrid-Full,4,16.0,30.0,11.411764705882355,26.029411764705884,6.557438524302,7.794228634059948,85.0,4.588235294117645,3.970588235294116,14.351667158361948,0.5395569620253166
תפ_31271-01-23,drugs,Hybrid-Full,21,0.0,12.0,4.229124916499665,16.014028056112224,4.136009666782565,6.19779786800912,71.28571428571429,4.229124916499665,4.014028056112224,10.333807534791685,0.48525424435823644
תפ_53633-09-22,weapon,Hybrid-Full,10,16.0,32.0,29.530487804878046,46.448170731707314,9.35147047260483,9.167333309092673,65.6,13.530487804878046,14.448170731707314,18.518803781697503,0.08110543706818875
תפ_21719-01-15,drugs,Hybrid-Full,5,0.0,12.0,3.2400000000000007,18.240000000000002,4.4,7.95989949685296,75.0,3.2400000000000007,6.240000000000002,12.359899496852961,0.4802631578947368
תפ_66547-03-23,drugs,Hybrid-Full,3,0.0,8.0,2.4473684210526314,12.947368421052632,1.699673171197595,3.39934634239519,63.333333333333336,2.4473684210526314,4.947368421052632,5.0990195135927845,0.42886178861788615
תפ_49405-04-24,weapon,Hybrid-Full,4,24.0,40.0,24.48249027237354,42.552529182879375,6.224949798994366,3.570714214271425,64.25,0.48249027237353914,2.5525291828793755,9.795664013265792,0.8364093959731546
תפ_30964-11-18,drugs,Hybrid-Full,4,5.0,12.0,2.4081632653061225,8.938775510204081,2.598076211353316,3.0,61.25,2.5918367346938775,3.0612244897959187,5.598076211353316,0.41063829787234035
תפ_31993-05-22,drugs,Hybrid-Full,9,0.0,18.0,7.564102564102562,19.418803418803417,3.744955454745048,7.370277311900889,65.0,7.564102564102562,1.4188034188034173,11.115232766645937,0.5374119718309861
תפ_26298-07-23,drugs,Hybrid-Full,12,9.0,24.0,18.65740740740741,38.436213991769556,8.015176576692216,13.252882286087388,81.0,9.657407407407408,14.436213991769556,21.268058862779604,0.18149727387110295
תפ_29892-08-17,drugs,Hybrid-Full,3,0.0,12.0,6.111111111111111,21.833333333333336,9.428090415820632,13.695092389449425,60.0,6.111111111111111,9.833333333333336,23.123182805270055,0.26972010178117045
תפ_16231-03-21,drugs,Hybrid-Full,3,42.0,72.0,32.31794871794872,63.58974358974359,9.568466729604882,13.199326582148887,65.0,9.682051282051283,8.410256410256409,22.76779331175377,0.5440682346859654
תפ_33025-04-22,weapon,Hybrid-Full,9,18.0,36.0,15.264705882352944,33.64705882352941,2.8588178511708016,4.6930471293206395,75.55555555555556,2.735294117647056,2.352941176470587,7.551864980491441,0.7546099290780143
תפ_20330-11-23,drugs,Hybrid-Full,26,16.0,36.0,13.520858164481526,30.71275327771156,8.995478811783975,12.172393345735818,64.53846153846153,2.4791418355184742,5.28724672228844,21.167872157519795,0.6545068928950157
תפ_61065-07-18,drugs,Hybrid-Full,14,30.0,60.0,28.79041916167665,54.946107784431135,7.4220438353513885,8.883888190863003,59.642857142857146,1.209580838323351,5.053892215568865,16.305932026214393,0.7993092862624712
תפ_54873-07-15,drugs,Hybrid-Full,6,8.0,25.0,4.113695090439276,15.410852713178294,3.2871804872193366,4.536885862938733,64.5,3.8863049095607236,9.589147286821706,7.82406635015807,0.3548187554125943
תפ_15962-11-23,weapon,Hybrid-Full,12,28.0,42.0,26.762148337595907,47.47442455242967,5.120763831912405,8.077317348944238,65.16666666666667,1.2378516624040934,5.474424552429667,13.198081180856644,0.6759276409211582
תפ_41902-03-21,drugs,Hybrid-Full,22,0.0,12.0,4.006230529595015,15.803738317757007,4.149330325336889,6.122205889928702,72.95454545454545,4.006230529595015,3.8037383177570074,10.271536215265591,0.5058150995466194
תפ_25379-05-14,drugs,Hybrid-Full,6,0.0,25.0,3.2558139534883717,18.77906976744186,4.384315479321969,8.72576007513895,71.66666666666667,3.2558139534883717,6.220930232558139,13.11007555446092,0.6209302325581396
תפ_38311-03-20,drugs,Hybrid-Full,22,4.0,12.0,9.658085808580857,23.570957095709574,4.985308995952404,7.90700076875074,68.86363636363636,5.658085808580857,11.570957095709574,12.892309764703144,0.11966273187183814
תפ_38706-09-21,drugs,Hybrid-Full,12,10.0,20.0,19.17470664928292,40.77705345501956,7.722621892135396,13.069259946743564,63.916666666666664,9.174706649282921,20.777053455019562,20.79188183887896,0.026815216470388856
תפ_31982-02-13,weapon,Hybrid-Full,9,0.0,20.0,10.121951219512196,24.406504065040657,2.6152449546532934,7.60116950066092,68.33333333333333,10.121951219512196,4.406504065040657,10.216414455314213,0.4047301798800798
תפ_68051-09-16,drugs,Hybrid-Full,4,6.0,18.0,6.5555555555555545,20.22222222222222,0.8660254037844386,2.449489742783178,67.5,0.5555555555555545,2.2222222222222214,3.3155151465676163,0.8046875000000002
תפ_12819-08-15,drugs,Hybrid-Full,5,4.0,18.0,6.227272727272728,16.333333333333336,2.039607805437114,4.963869458396342,66.0,2.2272727272727284,1.6666666666666643,7.003477263833457,0.721861471861472
תפ_37259-10-15,drugs,Hybrid-Full,37,10.0,30.0,7.833333333333332,21.668859649122805,3.914722823459439,7.8717811142640315,73.94594594594595,2.166666666666668,8.331140350877195,11.78650393772347,0.5264147210130589
תפ_11145-05-20,drugs,Hybrid-Full,6,1.0,9.0,7.473404255319149,18.946808510638302,5.587684871413404,8.091490729292238,62.666666666666664,6.473404255319149,9.946808510638302,13.67917560070564,0.08506224066390038
תפ_16374-08-19,drugs,Hybrid-Full,3,1.0,6.0,0.0,9.902439024390246,0.0,1.632993161855452,68.33333333333333,1.0,3.9024390243902456,1.632993161855452,0.5049261083743841
תפ_63997-02-19,drugs,Hybrid-Full,20,24.0,40.0,19.615023474178404,42.367762128325516,10.159232254457027,15.16995385622514,63.9,4.384976525821596,2.3677621283255164,25.329186110682166,0.7032120503473414
תפ_66385-03-22,drugs,Hybrid-Full,3,20.0,45.0,17.400000000000002,36.68571428571429,5.0990195135927845,9.797958971132712,58.333333333333336,2.599999999999998,8.31428571428571,14.896978484725496,0.6045548654244308
תפ_29899-12-18,drugs,Hybrid-Full,9,4.0,12.0,0.5794947994056464,11.982169390787515,1.8856180831641267,1.8856180831641267,74.77777777777777,3.4205052005943535,0.017830609212484916,3.7712361663282534,0.6989331251626331
תפ_63652-05-24,drugs,Hybrid-Full,8,0.0,12.0,11.473903966597078,30.27557411273486,7.245688373094719,11.008519428151999,59.875,11.473903966597078,18.27557411273486,18.254207801246718,0.017376913529168373
תפ_51991-06-16,drugs,Hybrid-Full,3,9.0,24.0,9.686170212765957,23.585106382978722,3.559026084010437,4.898979485566356,62.666666666666664,0.6861702127659566,0.4148936170212778,8.458005569576793,0.926595744680851
תפ_11740-01-22,weapon,Hybrid-Full,21,18.0,38.0,14.358974358974363,32.237179487179496,3.2604271940235594,5.6728657568896885,74.28571428571429,3.641025641025637,5.762820512820504,8.933292950913248,0.6022234273318877
תפ_25131-04-23,weapon,Hybrid-Full,12,36.0,60.0,29.777233782129745,55.42227662178702,14.834269633371088,22.83941524840093,68.08333333333333,6.222766217870255,4.57772337821298,37.67368488177202,0.6426372914304227
תפ_36508-10-23,weapon,Hybrid-Full,4,12.0,36.0,28.160714285714285,49.07142857142858,7.224091638399945,7.280109889280518,70.0,16.160714285714285,13.071428571428577,14.504201527680463,0.21146435452793835
תפ_32162-05-23,weapon,Hybrid-Full,3,60.0,108.0,63.42489270386266,107.48497854077253,17.204650534085253,19.595917942265423,77.66666666666667,3.4248927038626604,0.5150214592274693,36.800568476350676,0.9179184549356223
תפ_15564-04-14,drugs,Hybrid-Full,6,0.0,15.0,5.26,18.464444444444446,3.253203549323856,10.807661891248983,75.0,5.26,3.464444444444446,14.06086544057284,0.5275003008785654
תפ_42032-10-17,drugs,Hybrid-Full,3,8.0,24.0,3.2085561497326203,20.037433155080212,4.714045207910316,14.383632673594278,62.333333333333336,4.791443850267379,3.962566844919788,19.097677881504595,0.578960905349794
תפ_45270-01-22,drugs,Hybrid-Full,3,12.0,28.0,6.577777777777778,19.51111111111111,0.9428090415820634,4.109609335312651,75.0,5.422222222222222,8.48888888888889,5.052418376894715,0.35062240663900407
תפ_43383-07-21,drugs,Hybrid-Full,38,18.0,36.0,24.935215946843847,48.68172757475083,12.068709111259098,15.80168387534692,79.21052631578948,6.935215946843847,12.68172757475083,27.87039298660602,0.36063106375606396
תפ_17543-02-13,drugs,Hybrid-Full,6,0.0,6.0,8.385572139303482,29.024875621890544,12.433154601038842,20.377002287437232,67.0,8.385572139303482,23.024875621890544,32.81015688847607,0.0
תפ_26019-02-18,drugs,Hybrid-Full,8,30.0,60.0,25.019230769230766,49.24999999999999,6.537153432496441,10.344080432788601,65.0,4.9807692307692335,10.750000000000007,16.881233865285044,0.5503023639362284
תפ_45610-04-14,drugs,Hybrid-Full,10,6.0,18.0,8.077562326869806,22.78116343490305,5.674504383644443,7.389181280764467,72.2,2.0775623268698062,4.78116343490305,13.06368566440891,0.5912842522284582
תפ_37567-12-14,drugs,Hybrid-Full,11,6.0,18.0,7.1103896103896105,21.181818181818176,4.431293675255978,7.500964125358643,70.0,1.1103896103896105,3.1818181818181763,11.932257800614622,0.7172797262617624
תפ_60028-09-23,drugs,Hybrid-Full,6,8.0,20.0,9.28985507246377,16.086956521739133,7.951240294584375,8.082903768654761,57.5,1.2898550724637694,3.9130434782608674,16.034144063239136,0.5664251207729469
תפ_19932-03-17,drugs,Hybrid-Full,23,6.0,18.0,7.365882352941176,19.656470588235283,6.010387982909586,10.538613848725646,73.91304347826087,1.3658823529411759,1.6564705882352833,16.54900183163523,0.7786871123363205
תפ_40920-10-20,drugs,Hybrid-Full,3,8.0,18.0,4.565217391304349,16.17391304347826,3.7416573867739413,8.993825042154695,76.66666666666667,3.4347826086956514,1.8260869565217384,12.735482428928636,0.6084142394822007
תפ_62924-03-22,drugs,Hybrid-Full,8,2.0,14.0,2.212765957446808,9.999999999999998,1.3919410907075054,1.7320508075688772,58.75,0.21276595744680815,4.000000000000002,3.1239918982763824,0.6489361702127658
תפ_6384-03-24,drugs,Hybrid-Full,8,3.0,10.0,2.095652173913044,10.452173913043477,1.3635890143294642,2.179449471770337,71.875,0.9043478260869562,0.4521739130434774,3.5430384860998014,0.8376690946930282
תפ_10283-03-16,drugs,Hybrid-Full,4,42.0,78.0,31.472727272727273,65.56363636363636,6.49519052838329,17.684739183827393,68.75,10.527272727272727,12.436363636363637,24.179929712210683,0.5064478311840562
תפ_880-02-22,drugs,Hybrid-Full,4,24.0,60.0,25.083333333333332,51.66666666666666,7.14142842854285,9.797958971132712,60.0,1.0833333333333321,8.333333333333343,16.93938739967556,0.7384259259259257
תפ_36220-12-15,drugs,Hybrid-Full,6,3.0,12.0,7.018276762402088,20.19321148825065,3.7416573867739413,5.656854249492381,63.833333333333336,4.018276762402088,8.19321148825065,9.398511636266322,0.28974943052391805
תפ_264-07-22,drugs,Hybrid-Full,8,5.0,8.0,1.8666666666666665,10.65,0.9270248108869579,1.984313483298443,75.0,3.1333333333333337,2.6500000000000004,2.911338294185401,0.3415559772296015
תפק_58050-02-20,drugs,Hybrid-Full,9,12.0,24.0,10.009174311926603,24.385321100917427,8.595146491472763,11.486975985173409,60.55555555555556,1.9908256880733965,0.38532110091742666,20.08212247664617,0.8347160178685388
תפ_10086-06-18,drugs,Hybrid-Full,3,16.0,36.0,10.585365853658537,24.804878048780488,4.109609335312651,8.602325267042627,68.33333333333333,5.414634146341463,11.195121951219512,12.711934602355278,0.34644913627639157
תפ_42808-01-24,drugs,Hybrid-Full,34,24.0,48.0,20.33184011026878,43.435906271536865,5.09052991442822,7.655199287057618,85.3529411764706,3.6681598897312213,4.564093728463135,12.745729201485839,0.7024647229521873
תפ_21672-07-15,drugs,Hybrid-Full,12,0.0,12.0,3.8128654970760234,15.713450292397662,3.24037034920393,5.808877305947816,71.25,3.8128654970760234,3.7134502923976616,9.049247655151746,0.5210271678451804
תפ_9620-04-14,drugs,Hybrid-Full,5,1.0,18.0,6.421052631578947,24.19736842105263,9.393614852653903,13.937001112147476,76.0,5.421052631578947,6.19736842105263,23.33061596480138,0.4991491775382871
תפ_59800-05-22,drugs,Hybrid-Full,10,12.0,30.0,16.314662273476113,33.31136738056013,6.8585712797928995,11.00727032465361,60.7,4.314662273476113,3.311367380560128,17.86584160444651,0.642161410018553
תפ_24243-07-20,drugs,Hybrid-Full,5,3.0,8.0,1.5014164305949012,11.229461756373938,2.3323807579381204,1.5999999999999999,70.6,1.4985835694050988,3.2294617563739383,3.9323807579381205,0.5139778683750728
תפ_47714-01-17,drugs,Hybrid-Full,19,30.0,60.0,26.923014586709886,52.34927066450567,6.281926764784539,7.989258717030349,64.94736842105263,3.0769854132901138,7.650729335494333,14.27118548181489,0.6756743513732021
תפ_26801-07-13,drugs,Hybrid-Full,6,36.0,84.0,12.527027027027028,32.351351351351354,6.525590650150631,12.35133820909927,61.666666666666664,23.472972972972972,51.648648648648646,18.8769288592499,0.0
תפ_10003-05-16,drugs,Hybrid-Full,20,0.0,15.0,5.466615502686109,18.445126630851878,4.306680856529771,6.652067347825035,65.15,5.466615502686109,3.4451266308518775,10.958748204354805,0.516851127569277
תפ_57164-07-22,drugs,Hybrid-Full,14,8.0,18.0,9.242203742203742,21.05405405405406,6.310017950102222,9.573826991611355,68.71428571428571,1.242203742203742,3.0540540540540597,15.883844941713576,0.670887083930562
תפ_8960-10-20,drugs,Hybrid-Full,4,24.0,48.0,22.440000000000005,54.0,2.598076211353316,7.3484692283495345,62.5,1.5599999999999952,6.0,9.94654543970285,0.7604562737642586
תפ_1746-01-23,drugs,Hybrid-Full,11,0.0,12.0,10.737226277372262,23.83941605839416,5.966850575062524,8.244206580912461,62.27272727272727,10.737226277372262,11.83941605839416,14.211057155974984,0.05296999387630133
תפ_33842-02-14,drugs,Hybrid-Full,5,6.0,24.0,19.491124260355026,45.650887573964496,5.71314274283428,9.465727652959385,67.6,13.491124260355026,21.650887573964496,15.178870395793666,0.11371437098940466
תפ_44357-06-12,drugs,Hybrid-Full,6,24.0,60.0,23.02631578947369,46.10526315789474,9.637888196533973,12.806248474865697,63.333333333333336,0.9736842105263115,13.89473684210526,22.44413667139967,0.5978647686832741
תפ_10469-04-19,drugs,Hybrid-Full,4,8.0,18.0,8.388663967611334,22.25101214574899,2.598076211353316,4.9749371855331,61.75,0.38866396761133437,4.251012145748991,7.573013396886416,0.6744318181818182
תפ_8468-10-15,drugs,Hybrid-Full,13,8.0,24.0,6.46458141674333,17.935602575896965,3.603088747270883,5.953468483350568,83.61538461538461,1.5354185832566696,6.064397424103035,9.55655723062145,0.5666019621216095
תפ_34656-04-13,drugs,Hybrid-Full,4,30.0,60.0,27.140000000000004,51.42,6.609652033201143,8.317902379807062,62.5,2.859999999999996,8.579999999999998,14.927554413008206,0.6518563603164943
תפ_31015-09-17,drugs,Hybrid-Full,4,16.0,40.0,17.308724832214764,40.20805369127517,8.12403840463596,10.897247358851684,74.5,1.3087248322147644,0.20805369127516826,19.021285763487647,0.9373440532298309
תפ_3507-03-14,drugs,Hybrid-Full,3,24.0,48.0,15.955555555555557,38.93333333333333,7.363574011458175,10.708252269472673,75.0,8.044444444444443,9.06666666666667,18.07182628093085,0.46601941747572806
תפ_63681-01-15,drugs,Hybrid-Full,23,0.0,15.0,4.608904109589041,16.359589041095887,4.103573987477189,5.319650058846186,63.47826086956522,4.608904109589041,1.3595890410958873,9.423224046323375,0.6351685158048986
תפ_51017-08-24,drugs,Hybrid-Full,4,4.0,10.0,4.218181818181819,11.70909090909091,2.5495097567963922,3.774917217635375,68.75,0.2181818181818187,1.7090909090909108,6.324426974431767,0.7499999999999998
תפ_18479-10-21,drugs,Hybrid-Full,4,18.0,36.0,24.691056910569106,48.894308943089435,7.361215932167728,8.52936105461599,61.5,6.691056910569106,12.894308943089435,15.890576986783717,0.3660526315789473
תפ_28766-04-22,drugs,Hybrid-Full,6,12.0,24.0,11.838926174496644,28.805369127516773,6.95221787153807,10.63014581273465,74.5,0.16107382550335636,4.805369127516773,17.58236368427272,0.7072784810126586
תפ_51474-08-18,drugs,Hybrid-Full,5,10.0,36.0,12.013333333333332,33.919999999999995,3.249615361854384,2.939387691339814,75.0,2.013333333333332,2.0800000000000054,6.189003053194198,0.8425641025641024
תפ_39058-09-18,drugs,Hybrid-Full,5,6.0,18.0,7.105263157894737,20.88157894736842,6.734983296193095,8.854377448471462,76.0,1.1052631578947372,2.8815789473684212,15.589360744664557,0.7320954907161804
תפ_34888-05-24,drugs,Hybrid-Full,5,16.0,36.0,17.312500000000004,37.71875000000001,4.308131845707603,7.631513611335565,64.0,1.3125000000000036,1.718750000000007,11.939645457043168,0.8604316546762586
תפ_41870-05-22,drugs,Hybrid-Full,12,22.0,44.0,21.622549019607842,46.76470588235294,2.099933861392359,2.852873794770615,85.0,0.3774509803921582,2.764705882352942,4.952807656162974,0.8750243712224605
תפ_36709-11-15,drugs,Hybrid-Full,6,8.0,24.0,8.813186813186814,25.2967032967033,9.568466729604882,20.02220989024161,75.83333333333333,0.8131868131868139,1.2967032967032992,29.59067661984649,0.8780177890724268
תפ_70576-01-23,drugs,Hybrid-Full,20,0.0,12.0,4.517099863201095,16.6812585499316,4.223742416388575,6.057020719792859,73.1,4.517099863201095,4.681258549931599,10.280763136181434,0.4485812694767919
תפ_59571-08-20,drugs,Hybrid-Full,19,12.0,48.0,12.198699421965317,29.644508670520224,9.870631331423864,12.58676260194749,72.84210526315789,0.1986994219653173,18.355491329479776,22.457393933371353,0.48460581245985856
תפ_35893-03-20,drugs,Hybrid-Full,4,6.0,18.0,5.762452107279692,16.314176245210724,3.278719262151,3.4641016151377544,65.25,0.23754789272030763,1.6858237547892756,6.742820877288755,0.842830306825297
תפ_34358-07-11,drugs,Hybrid-Full,4,14.0,30.0,10.87719298245614,36.35087719298245,1.0,8.660254037844387,71.25,3.1228070175438596,6.350877192982452,9.660254037844387,0.6280991735537191
תפ_21712-09-15,drugs,Hybrid-Full,19,0.0,8.0,5.76101083032491,19.338628158844763,7.087502167943896,13.693923678273192,72.89473684210526,5.76101083032491,11.338628158844763,20.78142584621709,0.11577807646356034
תפ_36546-08-21,drugs,Hybrid-Full,8,4.0,10.0,7.144329896907218,16.07216494845361,4.301162633521313,6.223694642252301,60.625,3.1443298969072178,6.0721649484536115,10.524857275773615,0.2365499573014516
תפ_12125-10-17,drugs,Hybrid-Full,5,10.0,32.0,16.166666666666668,39.43333333333333,6.764613810115105,10.150862032359617,60.0,6.166666666666668,7.43333333333333,16.915475842474724,0.5379388448471122
תפ_31103-09-17,drugs,Hybrid-Full,5,24.0,50.0,14.801089918256132,36.59945504087193,6.118823416311342,8.0,73.4,9.198910081743868,13.40054495912807,14.118823416311342,0.35795014708159145
תפ_33197-04-22,drugs,Hybrid-Full,16,7.0,24.0,16.09422750424448,36.13242784380305,8.521113483577132,13.345030676247994,73.625,9.09422750424448,12.13242784380305,21.866144159825126,0.27137362317151364
תפ_9850-08-22,drugs,Hybrid-Full,3,3.0,9.0,5.128205128205129,12.256410256410255,1.8856180831641267,3.7712361663282534,65.0,2.1282051282051286,3.2564102564102555,5.65685424949238,0.4182825484764543
תפ_45446-11-15,drugs,Hybrid-Full,3,24.0,60.0,33.13131313131313,61.131313131313135,18.856180831641264,24.729649321321876,66.0,9.131313131313128,1.131313131313135,43.58583015296314,0.7236126224156693
תפ_20257-03-23,drugs,Hybrid-Full,9,0.0,8.0,2.2529118136439266,11.41430948419301,1.314684396244359,2.948110924760355,66.77777777777777,2.2529118136439266,3.4143094841930104,4.262795321004714,0.5034985422740526
תפ_12352-03-20,drugs,Hybrid-Full,10,10.0,24.0,9.445966514459666,27.681887366818877,6.814690014960329,12.185647295076285,65.7,0.5540334855403337,3.681887366818877,19.000337310036613,0.7677155496202319
תפ_45117-01-18,drugs,Hybrid-Full,11,36.0,60.0,37.36988304093567,66.9766081871345,10.958222694766665,16.095274189639312,62.18181818181818,1.3698830409356688,6.976608187134502,27.053496884405977,0.7305550311497075
תפ_59284-06-21,drugs,Hybrid-Full,3,1.0,12.0,4.0227272727272725,15.954545454545451,3.8586123009300755,6.182412330330469,73.33333333333333,3.0227272727272725,3.9545454545454515,10.041024631260544,0.5334346504559272
תפ_10580-03-16,drugs,Hybrid-Full,3,6.0,12.0,0.0,10.742857142857144,0.0,1.8856180831641267,58.333333333333336,6.0,1.2571428571428562,1.8856180831641267,0.39523809523809533
תפ_50979-06-22,drugs,Hybrid-Full,11,12.0,24.0,5.671874999999998,18.585937499999993,4.519928325329474,5.449998104480677,58.18181818181818,6.328125000000002,5.414062500000007,9.969926429810151,0.359335038363171
תפ_41446-08-24,drugs,Hybrid-Full,3,32.0,48.0,27.333333333333332,46.666666666666664,3.39934634239519,4.988876515698588,85.0,4.666666666666668,1.3333333333333357,8.388222858093778,0.7096774193548385
תפ_62673-03-24,drugs,Hybrid-Full,3,24.0,40.0,30.085106382978722,49.27659574468085,2.8284271247461903,1.8856180831641267,78.33333333333333,6.085106382978722,9.276595744680847,4.714045207910317,0.39225589225589236
תפ_25154-10-16,drugs,Hybrid-Full,3,12.0,24.0,18.97142857142857,39.31428571428571,4.109609335312651,8.379870059984356,58.333333333333336,6.9714285714285715,15.31428571428571,12.489479395297007,0.18410041841004188
תפ_46894-03-19,drugs,Hybrid-Full,13,14.0,30.0,18.658227848101266,37.20253164556962,6.639490962166181,11.809132961474146,60.76923076923077,4.658227848101266,7.202531645569621,18.448623923640326,0.48881614839061643
תפ_17921-04-22,drugs,Hybrid-Full,8,1.0,8.0,2.441471571906354,10.642140468227424,1.3169567191065923,1.984313483298443,74.75,1.4414715719063542,2.6421404682274243,3.3012702024050355,0.5764828303850157
תפ_34196-02-24,drugs,Hybrid-Full,8,2.0,12.0,2.2903225806451615,10.129032258064516,1.3919410907075054,2.1065374432940898,77.5,0.2903225806451615,1.870967741935484,3.4984785340015954,0.7838709677419354
תפ_52876-12-23,drugs,Hybrid-Full,6,24.0,48.0,22.795518207282917,45.89355742296918,7.340905181848413,10.9188929027728,59.5,1.2044817927170826,2.106442577030819,18.259798084621213,0.8686374749944431
תפ_37166-02-20,drugs,Hybrid-Full,3,12.0,24.0,8.537234042553191,25.75531914893617,6.236095644623235,7.483314773547883,62.666666666666664,3.462765957446809,1.7553191489361701,13.719410418171119,0.6969416126042632
תפ_39629-08-18,drugs,Hybrid-Full,3,20.0,54.0,12.79326923076923,39.63461538461538,3.7416573867739413,7.483314773547883,69.33333333333333,7.20673076923077,14.36538461538462,11.224972160321824,0.47649049119122605
תפ_65573-01-18,drugs,Hybrid-Full,4,20.0,42.0,8.32,24.48,8.0,12.0,62.5,11.68,17.52,20.0,0.13301662707838482
תפ_11191-03-24,drugs,Hybrid-Full,21,8.0,18.0,8.972429210134127,20.0558867362146,5.887840577551898,10.396449769053547,63.904761904761905,0.972429210134127,2.0558867362145996,16.284290346605445,0.7488101860436372
תפ_24253-04-16,drugs,Hybrid-Full,11,36.0,60.0,36.44171779141105,63.72699386503068,9.384354836773774,12.604603645408735,59.27272727272727,0.44171779141105105,3.7269938650306784,21.98895848218251,0.8496515101228008
תפ_3201-02-19,drugs,Hybrid-Full,8,10.0,24.0,16.380782918149468,37.49110320284698,13.555441711725958,15.473768125443783,70.25,6.3807829181494675,13.491103202846979,29.02920983716974,0.27715210355987047
תפ_44964-02-14,drugs,Hybrid-Full,9,5.0,22.0,6.849162011173185,22.78957169459963,2.1829869671542776,3.541639433446495,59.666666666666664,1.8491620111731848,0.7895716945996298,5.724626400600773,0.8516696325761539
תפ_30702-07-20,drugs,Hybrid-Full,5,6.0,18.0,7.754098360655738,23.311475409836067,4.915282290977803,6.764613810115105,61.0,1.754098360655738,5.311475409836067,11.679896101092908,0.5918560606060604
תפ_13690-04-17,drugs,Hybrid-Full,7,60.0,84.0,25.857731958762884,52.96082474226804,9.538322275784914,8.666143364630344,69.28571428571429,34.14226804123712,31.039175257731962,18.204465640415258,0.0
תפ_54141-03-22,drugs,Hybrid-Full,6,5.0,10.0,7.247191011235956,18.719101123595507,2.8136571693556887,6.073622386096199,74.16666666666667,2.247191011235956,8.719101123595507,8.887279555451887,0.20065520065520057
תפ_4855-06-21,drugs,Hybrid-Full,18,0.0,12.0,3.947169811320755,16.162264150943393,4.053652521545489,6.126495786114926,73.61111111111111,3.947169811320755,4.162264150943393,10.180148307660415,0.49824889096427744
תפ_15616-09-14,drugs,Hybrid-Full,8,9.0,12.0,6.967479674796748,22.146341463414632,4.630064794363034,5.809475019311125,76.875,2.0325203252032518,10.146341463414632,10.439539813674159,0.19764327798607395
תפ_38201-09-22,drugs,Hybrid-Full,3,10.0,24.0,14.473684210526317,29.47368421052632,3.858612300930075,3.7712361663282534,63.333333333333336,4.473684210526317,5.473684210526319,7.629848467258329,0.4891891891891891
תפ_21923-08-22,drugs,Hybrid-Full,3,2.0,12.0,3.769230769230769,16.0,4.0276819911981905,6.182412330330469,65.0,1.7692307692307692,4.0,10.21009432152866,0.5879120879120878
תפ_17998-07-23,drugs,Hybrid-Full,7,0.0,18.0,4.644567219152854,19.885819521178636,3.806546455564065,5.627918743883488,77.57142857142857,4.644567219152854,1.885819521178636,9.434465199447553,0.6716058529357288
תפ_50680-03-22,drugs,Hybrid-Full,6,0.0,18.0,3.6107382550335574,19.100671140939596,3.547299442298794,4.123105625617661,74.5,3.6107382550335574,1.1006711409395962,7.670405067916454,0.753338018271258
תפ_68375-05-18,drugs,Hybrid-Full,5,10.0,24.0,8.229508196721312,20.065573770491806,1.1661903789690602,3.3466401061363023,61.0,1.7704918032786878,3.934426229508194,4.512830485105362,0.6382536382536385
תפ_57006-11-23,drugs,Hybrid-Full,6,18.0,36.0,19.641975308641975,40.46913580246913,8.132581932503902,13.349989596333856,67.5,1.6419753086419746,4.469135802469133,21.48257152883776,0.7280219780219782
תפ_48788-04-15,drugs,Hybrid-Full,14,0.0,12.0,8.89820359281437,23.952095808383234,7.4532556918546184,11.578481095972647,59.642857142857146,8.89820359281437,11.952095808383234,19.031736787827263,0.12950000000000003
תפ_25034-03-13,drugs,Hybrid-Full,4,18.0,42.0,22.452830188679243,46.94339622641509,17.455300054711177,29.912372022292047,66.25,4.452830188679243,4.943396226415089,47.36767207700322,0.6753585397653196
תפ_50913-11-21,drugs,Hybrid-Full,3,12.0,30.0,10.609625668449198,25.828877005347593,1.8856180831641267,5.656854249492381,62.333333333333336,1.3903743315508024,4.171122994652407,7.542472332656507,0.7131825703254274
תפ_8828-02-22,drugs,Hybrid-Full,3,12.0,30.0,7.2747252747252755,21.043956043956047,3.6817870057290873,8.379870059984356,60.666666666666664,4.7252747252747245,8.956043956043953,12.061657065713444,0.39796905222437157
תפ_59699-09-23,drugs,Hybrid-Full,5,7.0,24.0,4.357682619647355,20.418136020151135,3.6660605559646724,2.9393876913398134,79.4,2.6423173803526447,3.5818639798488654,6.605448247304485,0.6831238779174148
תפ_35481-05-14,drugs,Hybrid-Full,19,18.0,36.0,2.908692476260044,13.71073776479182,2.9604970758789966,5.5019513033145175,72.05263157894737,15.091307523739957,22.28926223520818,8.462448379193514,0.0
תפ_72418-01-20,drugs,Hybrid-Full,3,0.0,5.0,16.3419689119171,17.129533678756477,12.762793146051099,8.48528137423857,64.33333333333333,16.3419689119171,12.129533678756477,21.24807452028967,0.0
תפ_48984-02-17,drugs,Hybrid-Full,3,0.0,12.0,0.0,9.162162162162163,0.0,4.242640687119285,61.666666666666664,0.0,2.837837837837837,4.242640687119285,0.7635135135135136
תפ_39230-10-21,drugs,Hybrid-Full,4,18.0,48.0,24.493927125506072,45.829959514170035,7.361215932167728,10.136567466356647,61.75,6.493927125506072,2.170040485829965,17.497783398524376,0.7112010796221321
תפק_7171-03-21,drugs,Hybrid-Full,7,4.0,12.0,6.896017699115045,17.15929203539823,1.6035674514745464,3.1558174334820746,64.57142857142857,2.8960176991150446,5.159292035398231,4.759384884956621,0.3878614660390047
תפ_39668-07-14,drugs,Hybrid-Full,3,6.0,12.0,7.641509433962265,22.5,7.483314773547883,9.273618495495704,70.66666666666667,1.6415094339622653,10.5,16.756933269043586,0.26415094339622636
תפ_67009-02-23,drugs,Hybrid-Full,8,3.0,12.0,2.1376146788990824,10.238532110091743,1.3635890143294642,2.1065374432940898,68.125,0.8623853211009176,1.761467889908257,3.4701264576235538,0.733953488372093
תפ_27512-06-23,drugs,Hybrid-Full,7,16.0,36.0,11.99,26.940000000000005,5.851914042361154,8.989790127172727,71.42857142857143,4.01,9.059999999999995,14.84170416953388,0.45564348188254916
תפ_43778-07-16,drugs,Hybrid-Full,8,8.0,24.0,8.404761904761905,22.674603174603174,2.6896793489187516,6.9899481400079075,78.75,0.4047619047619051,1.325396825396826,9.67962748892666,0.8918650793650793
תפ_13927-04-13,drugs,Hybrid-Full,6,10.0,40.0,6.241379310344827,22.389162561576352,5.550275268448904,13.490737563232042,67.66666666666667,3.7586206896551726,17.610837438423648,19.041012831680945,0.3669925580037939
תפ_32305-12-23,drugs,Hybrid-Full,8,22.0,46.0,21.66923076923077,45.14615384615385,7.287617923574205,13.061752370949312,81.25,0.33076923076923137,0.853846153846149,20.349370294523517,0.9513120455263991
תפ_14555-12-18,drugs,Hybrid-Full,6,0.0,24.0,11.564102564102566,32.33333333333334,2.924988129130708,9.267625849638561,65.0,11.564102564102566,8.333333333333343,12.19261397876927,0.38461538461538447
תפ_44070-11-23,drugs,Hybrid-Full,8,2.0,10.0,2.336065573770492,10.40983606557377,1.3919410907075054,2.179449471770337,76.25,0.33606557377049207,0.4098360655737707,3.571390562477842,0.9113060428849902
תפ_17541-12-21,drugs,Hybrid-Full,4,6.0,18.0,6.078651685393258,14.134831460674159,1.7853571071357126,3.570714214271425,66.75,0.0786516853932584,3.8651685393258415,5.356071321407137,0.6713483146067416
תפ_14284-06-21,drugs,Hybrid-Full,4,40.0,55.0,29.95884773662552,47.71604938271605,17.963504669189696,23.04886114323222,60.75,10.041152263374482,7.283950617283949,41.01236581242192,0.30813475760065745
תפ_16387-08-16,drugs,Hybrid-Full,3,3.0,12.0,5.942196531791908,13.213872832369942,1.632993161855452,3.39934634239519,57.666666666666664,2.9421965317919083,1.2138728323699421,5.032339504250642,0.5930956423316355
תפ_15972-03-24,drugs,Hybrid-Full,8,9.0,18.0,10.376163873370578,24.25884543761639,7.122806679954188,11.29089788280808,67.125,1.3761638733705777,6.25884543761639,18.41370456276227,0.4996338784476445
תפ_20931-12-20,drugs,Hybrid-Full,9,10.0,20.0,10.528716216216218,25.4070945945946,6.751314458205917,11.383331977658399,65.77777777777777,0.5287162162162176,5.4070945945946,18.134646435864315,0.6147352264006136
תפ_67359-02-24,drugs,Hybrid-Full,3,13.0,26.0,11.03125,25.015625,2.160246899469287,1.4142135623730951,64.0,1.96875,0.984375,3.5744604618423823,0.802713987473904
תפ_76834-01-19,drugs,Hybrid-Full,14,8.0,24.0,11.505832449628844,29.915164369034997,5.253278859484827,9.869557399666215,67.35714285714286,3.505832449628844,5.915164369034997,15.122836259151043,0.5701151650053227
תפ_32841-01-17,drugs,Hybrid-Full,16,6.0,16.0,5.481887110362257,18.431339511373206,2.4206145913796355,5.4184292004233106,74.1875,0.5181128896377434,2.4313395113732064,7.839043791802946,0.7722334265825257
תפ_25307-08-16,drugs,Hybrid-Full,3,3.0,14.0,4.135135135135135,13.45945945945946,3.299831645537222,5.734883511361751,61.666666666666664,1.135135135135135,0.5405405405405403,9.034715156898972,0.8476658476658477
תפ_61430-01-19,drugs,Hybrid-Full,23,0.0,18.0,8.502714440825187,23.79913137893593,3.9202831578608177,6.114224636955459,80.08695652173913,8.502714440825187,5.799131378935929,10.034507794816276,0.3990601761029247
תפ_35998-11-21,drugs,Hybrid-Full,9,26.0,48.0,23.20394736842105,45.63157894736842,3.6750745352313836,2.910177967490843,84.44444444444444,2.7960526315789487,2.3684210526315823,6.585252502722227,0.7917219421597239
תפ_55324-11-21,drugs,Hybrid-Full,3,0.0,18.0,1.9999999999999996,17.999999999999996,2.8284271247461903,0.0,60.0,1.9999999999999996,3.552713678800501e-15,2.8284271247461903,0.8888888888888887
תפ_46701-08-22,drugs,Hybrid-Full,7,24.0,52.0,21.5656108597285,47.882352941176464,10.245954901166346,14.879104647190328,63.142857142857146,2.4343891402714988,4.117647058823536,25.125059548356674,0.7847160273565266
תפ_57884-02-15,drugs,Hybrid-Full,6,12.0,36.0,12.526041666666666,28.97916666666666,5.120763831912406,9.637888196533973,64.0,0.5260416666666661,7.020833333333339,14.75865202844638,0.6855468749999997
תפק_29591-10-20,drugs,Hybrid-Full,5,8.0,20.0,14.988304093567253,30.754385964912284,3.7094473981982814,6.6211781428987395,68.4,6.988304093567253,10.754385964912284,10.330625541097021,0.22025186327422247
תפ_62896-05-20,drugs,Hybrid-Full,9,9.0,24.0,15.381818181818183,29.781818181818185,8.337036214357365,13.741888741102494,61.111111111111114,6.381818181818183,5.781818181818185,22.07892495545986,0.4146981627296587
תפ_57360-05-13,drugs,Hybrid-Full,6,0.0,6.0,0.0,11.838235294117647,0.0,2.034425935955617,56.666666666666664,0.0,5.838235294117647,2.034425935955617,0.506832298136646
תפ_29523-10-15,drugs,Hybrid-Full,8,6.0,24.0,3.807050092764379,16.304267161410017,2.9047375096555625,6.036348233824818,67.375,2.192949907235621,7.695732838589983,8.94108574348038,0.5102903344358691
תפ_23015-03-15,drugs,Hybrid-Full,4,0.0,10.0,1.4195583596214512,12.858044164037855,2.598076211353316,6.557438524302,79.25,1.4195583596214512,2.858044164037855,9.155514735655316,0.6673209028459274
תפ_24959-03-23,drugs,Hybrid-Full,8,2.0,12.0,2.2691082802547773,10.117834394904461,1.3919410907075054,2.1065374432940898,78.5,0.2691082802547773,1.8821656050955387,3.4984785340015954,0.7848726114649685
תפ_57378-09-20,drugs,Hybrid-Full,5,20.0,40.0,11.515625,28.781249999999996,3.3105890714493698,11.757550765359255,64.0,8.484375,11.218750000000004,15.068139836808625,0.30828304991771793
תפ_30386-06-20,drugs,Hybrid-Full,4,0.0,12.0,4.886792452830187,14.71698113207547,3.5619517121937516,3.0,66.25,4.886792452830187,2.7169811320754693,6.561951712193752,0.4833333333333335
תפ_37287-04-15,drugs,Hybrid-Full,3,28.0,56.0,13.082474226804123,27.948453608247423,7.2571803523590805,16.21384867602041,64.66666666666667,14.917525773195877,28.051546391752577,23.47102902837949,0.0
תפ_46909-11-17,drugs,Hybrid-Full,3,1.0,10.0,3.9000000000000004,19.05,5.656854249492381,11.8133634311129,66.66666666666667,2.9000000000000004,9.05,17.47021768060528,0.3379501385041551
תפ_35676-08-21,drugs,Hybrid-Full,9,12.0,24.0,9.7,21.83076923076923,4.786813161897337,7.542472332656507,72.22222222222223,2.3000000000000007,2.1692307692307686,12.329285494553844,0.6874663797740721
תפ_58908-08-19,drugs,Hybrid-Full,6,10.0,30.0,10.358441558441559,31.314285714285713,5.291502622129181,9.706813185707357,64.16666666666667,0.3584415584415588,1.3142857142857132,14.998315807836539,0.9215208384109189
תפ_32587-07-18,drugs,Hybrid-Full,3,20.0,40.0,17.371428571428574,45.02857142857142,5.734883511361751,10.498677165349081,58.333333333333336,2.6285714285714263,5.028571428571418,16.23356067671083,0.723140495867769
תפ_66755-06-20,drugs,Hybrid-Full,6,12.0,24.0,15.723684210526317,25.368421052631582,10.188501143718616,15.94434765746853,63.333333333333336,3.723684210526317,1.3684210526315823,26.132848801187144,0.6190944881889762
תפ_10788-12-21,drugs,Hybrid-Full,6,8.0,20.0,0.9712793733681461,11.31592689295039,2.23606797749979,4.0722639076235385,63.833333333333336,7.028720626631854,8.68407310704961,6.308331885123328,0.1742590559824368
תפ_59947-08-20,drugs,Hybrid-Full,4,24.0,8.0,9.907407407407407,23.185185185185183,1.479019945774904,1.7320508075688772,67.5,14.092592592592593,15.185185185185183,3.2110707533437814,0.0
תפ_67160-08-21,drugs,Hybrid-Full,3,9.0,24.0,10.626262626262628,24.5959595959596,3.7712361663282534,8.055363982396383,66.0,1.626262626262628,0.5959595959595987,11.826600148724637,0.8575129533678754
תפ_28236-11-16,drugs,Hybrid-Full,3,16.0,30.0,9.666666666666666,30.000000000000004,0.4714045207910317,0.0,85.0,6.333333333333334,3.552713678800501e-15,0.4714045207910317,0.6885245901639343
תפ_27432-10-16,drugs,Hybrid-Full,3,6.0,18.0,11.999999999999998,29.846153846153843,0.0,4.898979485566356,65.0,5.999999999999998,11.846153846153843,4.898979485566356,0.25161290322580654
תפ_49471-08-16,drugs,Hybrid-Full,5,0.0,6.0,2.4578313253012043,16.97590361445783,2.9393876913398134,1.2649110640673518,83.0,2.4578313253012043,10.975903614457831,4.204298755407165,0.2086586231369766
תפ_54957-01-21,drugs,Hybrid-Full,3,6.0,18.0,5.131578947368421,16.263157894736842,1.4142135623730951,2.8284271247461903,63.333333333333336,0.8684210526315788,1.7368421052631575,4.242640687119286,0.7975460122699387
תפ_27114-03-13,drugs,Hybrid-Full,5,0.0,24.0,6.55,19.3,3.5552777669262356,6.997142273814361,60.0,6.55,4.699999999999999,10.552420040740596,0.53125
תפ_40234-09-12,weapon,Hybrid-Full,5,12.0,48.0,19.68580060422961,47.53474320241692,8.611620056644394,13.879481258317977,66.2,7.685800604229609,0.4652567975830806,22.49110131496237,0.7735817388385364
תפ_13312-12-22,weapon,Hybrid-Full,4,30.0,48.0,24.701754385964914,46.99999999999999,4.123105625617661,7.46240577829965,71.25,5.2982456140350855,1.000000000000007,11.58551140391731,0.7296686746987949
תפ_33774-05-23,weapon,Hybrid-Full,37,12.0,26.0,11.833009708737865,28.2485436893204,3.7857137934904057,7.884113160108909,69.5945945945946,0.1669902912621346,2.2485436893203996,11.669826953599316,0.8528507215519275
תפ_33605-10-21,weapon,Hybrid-Full,27,12.0,24.0,13.341645885286782,31.142144638403987,4.018475848894472,7.819640426901717,74.25925925925925,1.3416458852867823,7.1421446384039875,11.838116275796189,0.5568004168837938
תפ_35121-09-22,weapon,Hybrid-Full,27,15.0,40.0,14.442666666666668,33.978666666666676,3.8664254217349305,7.595392437693978,69.44444444444444,0.5573333333333323,6.021333333333324,11.461817859428908,0.7425918196994996
תפ_1579-04-23,weapon,Hybrid-Full,18,12.0,36.0,14.54192073170732,34.52743902439024,3.961231882216864,7.499794235860535,72.88888888888889,2.54192073170732,1.4725609756097597,11.461026118077399,0.8327299288617883
תפ_45441-11-15,weapon,Hybrid-Full,24,32.0,58.0,29.39462129527991,56.043907793633366,14.550677723811432,21.69865427214836,75.91666666666667,2.6053787047200885,1.956092206366634,36.24933199595979,0.8405379995778889
תפ_16506-10-14,weapon,Hybrid-Full,7,24.0,48.0,29.20985010706638,57.096359743040686,22.756026337958865,25.62842809324466,66.71428571428571,5.20985010706638,9.096359743040686,48.38445443120352,0.5677406832298136
תפ_1588-10-22,weapon,Hybrid-Full,26,20.0,28.0,36.459148446490225,62.52934407364788,15.72644288824271,22.391916599391013,66.84615384615384,16.459148446490225,34.52934407364788,38.118359487633725,0.0
תפ_35361-05-23,weapon,Hybrid-Full,16,18.0,36.0,14.044247787610617,33.7787610619469,2.4462982238476156,4.242640687119285,70.625,3.955752212389383,2.221238938053098,6.6889389109669,0.7186618299072953
תפ_50709-03-23,weapon,Hybrid-Full,17,84.0,120.0,69.4965034965035,113.92074592074592,46.78301528365975,61.2632868153406,75.70588235294117,14.503496503496507,6.079254079254085,108.04630209900034,0.5924489984307207
תפח_33100-10-18,weapon,Hybrid-Full,32,144.0,216.0,86.0093338990242,136.53882053457784,73.92045978617828,90.43780234918361,73.65625,57.9906661009758,79.46117946542216,164.35826213536188,0.0
תפ_5683-04-21,weapon,Hybrid-Full,11,30.0,60.0,40.554362416107374,68.97718120805368,16.228227626602557,19.868992412906405,67.72727272727273,10.554362416107374,8.977181208053679,36.09722003950896,0.4988979957297338
תפ_59533-10-15,weapon,Hybrid-Full,11,7.0,24.0,3.440251572327044,10.603773584905658,1.233150906022776,1.671343300986385,72.27272727272727,3.559748427672956,13.396226415094342,2.904494207009161,0.17528296115019873
תפ_3748-08-23,weapon,Hybrid-Full,27,14.0,36.0,12.633333333333333,31.24615384615385,3.0011429007233916,7.121134910550854,72.22222222222223,1.3666666666666671,4.753846153846151,10.122277811274245,0.7380664984088665
תפ_17002-01-24,weapon,Hybrid-Full,15,32.0,54.0,23.379346680716548,43.173867228661756,6.193186219996583,5.259488779550939,63.266666666666666,8.620653319283452,10.826132771338244,11.452674999547522,0.36491276368767017
תפ_55188-10-17,weapon,Hybrid-Full,50,72.0,108.0,50.86272439281942,88.65865892291447,26.591697952556544,36.15854532472234,75.76,21.137275607180577,19.34134107708553,62.750243277278884,0.291555009333013
תפ_35702-02-13,weapon,Hybrid-Full,11,36.0,72.0,40.0443864229765,75.15665796344648,35.586235615603634,50.34755240384433,69.63636363636364,4.044386422976501,3.1566579634464773,85.93378801944797,0.816096552643862
תפ_34594-07-13,weapon,Hybrid-Full,17,36.0,84.0,38.61182108626198,108.74920127795528,31.18645788975309,158.01694972813544,73.6470588235294,2.6118210862619833,24.74920127795528,189.20340761788853,0.6238993434487603
תפ_37919-02-23,weapon,Hybrid-Full,10,70.0,96.0,51.528967254408066,82.9949622166247,10.478549517943788,17.527121840165314,79.4,18.471032745591934,13.0050377833753,28.005671358109105,0.2922118380062309
תפ_8152-10-22,weapon,Hybrid-Full,18,12.0,36.0,13.962825278810408,33.13754646840148,2.8674417556808756,5.462554912569713,74.72222222222223,1.9628252788104081,2.8624535315985185,8.329996668250589,0.7989467162329614
תפ_23361-02-22,weapon,Hybrid-Full,26,12.0,36.0,13.997340425531915,33.46808510638298,3.8662934255008383,7.868745755411951,72.3076923076923,1.997340425531915,2.531914893617021,11.73503918091279,0.8112810283687942
תפ_40056-02-22,weapon,Hybrid-Full,14,10.0,60.0,43.260638297872326,73.02127659574467,21.354753808088766,28.59427657873555,67.14285714285714,33.260638297872326,13.021276595744666,49.94903038682432,0.26561444969615156
תפ_69643-05-18,weapon,Hybrid-Full,3,12.0,24.0,43.75247524752475,97.36633663366337,53.04714883949938,55.71355310873648,67.33333333333333,31.75247524752475,73.36633663366337,108.76070194823586,0.0
תפ_10174-01-23,weapon,Hybrid-Full,37,40.0,60.0,37.645625692137315,60.715023994093755,14.436885637496523,22.57305322549677,73.21621621621621,2.3543743078626846,0.7150239940937553,37.009938862993295,0.8669493559484759
תפ_19242-04-17,weapon,Hybrid-Full,12,20.0,40.0,18.55294117647059,36.92941176470589,2.8136571693556887,6.295942255841368,70.83333333333333,1.4470588235294102,3.0705882352941103,9.109599425197057,0.7893582007679653
תפ_14308-10-13,weapon,Hybrid-Full,12,18.0,42.0,24.684210526315784,51.263157894736835,9.331473028889322,16.318871148322593,71.25,6.684210526315784,9.263157894736835,25.650344177211913,0.5205696202531648
תפ_9910-03-22,weapon,Hybrid-Full,22,36.0,48.0,38.468316234158124,62.803862401931205,14.00450045727627,21.455941788151108,75.31818181818181,2.4683162341581237,14.803862401931205,35.46044224542738,0.3556085918854412
תפ_51183-08-20,weapon,Hybrid-Full,20,12.0,36.0,12.924290220820188,27.482649842271293,3.223352292257239,5.8,79.25,0.924290220820188,8.517350157728707,9.02335229225724,0.6065983175604627
תפ_54703-08-17,weapon,Hybrid-Full,10,9.0,22.0,10.51048951048951,27.048951048951043,2.794637722496424,3.4871191548325386,71.5,1.51048951048951,5.048951048951043,6.281756877328963,0.6365749709414957
תפ_65282-02-19,weapon,Hybrid-Full,5,10.0,30.0,10.91139240506329,25.240506329113924,2.6381811916545836,3.919183588453085,79.0,0.9113924050632907,4.759493670886076,6.557364780107669,0.7164556962025317
תפ_50334-03-20,weapon,Hybrid-Full,25,42.0,84.0,60.18248945147679,98.49894514767932,31.63147799265788,40.25916044827562,75.84,18.18248945147679,14.498945147679322,71.8906384409335,0.4215567297100503
תפח_35192-06-12,weapon,Hybrid-Full,7,120.0,168.0,76.77551020408164,120.9795918367347,47.321738543459176,67.56765317148465,70.0,43.22448979591836,47.0204081632653,114.88939171494383,0.010738255033557098
תפ_31487-07-12,weapon,Hybrid-Full,3,5.0,24.0,15.195121951219512,37.34146341463415,12.498888839501783,24.689178916188272,68.33333333333333,10.195121951219512,13.341463414634148,37.18806775569006,0.2722473604826546
תפ_3670-10-13,weapon,Hybrid-Full,5,30.0,60.0,47.42424242424243,80.27272727272728,30.838936427834213,38.995384342252606,66.0,17.42424242424243,20.27272727272728,69.83432077008682,0.2501506931886677
תפ_12104-01-19,weapon,Hybrid-Full,10,16.0,30.0,9.999999999999998,26.32214765100671,2.1908902300206643,3.6660605559646724,74.5,6.000000000000002,3.677852348993291,5.856950785985337,0.5161073825503355
תפ_20360-09-13,weapon,Hybrid-Full,8,9.0,24.0,10.664122137404577,26.25954198473282,3.07967124868873,3.799671038392666,81.875,1.6641221374045774,2.25954198473282,6.879342287081396,0.7726669615214511
תפ_6494-07-14,weapon,Hybrid-Full,4,9.0,18.0,8.928571428571429,22.92857142857143,1.7320508075688772,1.7320508075688772,70.0,0.07142857142857117,4.928571428571431,3.4641016151377544,0.6428571428571428
תפ_42995-04-18,weapon,Hybrid-Full,4,10.0,30.0,8.773584905660378,23.547169811320757,2.165063509461097,9.9498743710662,66.25,1.2264150943396217,6.452830188679243,12.114937880527297,0.6382222222222224
תפ_52009-02-15,weapon,Hybrid-Full,4,20.0,48.0,31.671755725190838,66.32061068702289,11.521718621802913,19.8997487421324,65.5,11.671755725190838,18.320610687022892,31.421467363935314,0.3525049439683587
תפ_28518-08-20,weapon,Hybrid-Full,15,24.0,48.0,20.94074844074844,42.16528066528067,6.438081149604196,10.52531340256537,64.13333333333334,3.0592515592515603,5.834719334719331,16.963394552169568,0.6713149706119628
תפ_3661-11-23,weapon,Hybrid-Full,23,18.0,36.0,14.138554216867467,35.355421686746986,3.202078719916864,6.149984246986756,72.17391304347827,3.861445783132533,0.6445783132530138,9.35206296690362,0.7938826122898869
תפ_10524-05-18,weapon,Hybrid-Full,9,15.0,36.0,17.4375,41.68256578947368,6.2499382713001035,8.31479419283098,67.55555555555556,2.4375,5.682565789473678,14.564732464131083,0.6956789742957531
תפ_56385-11-16,weapon,Hybrid-Full,14,9.0,30.0,11.548223350253808,27.035532994923855,3.220628662170142,8.370258328737286,70.35714285714286,2.5482233502538083,2.964467005076145,11.590886990907428,0.7374909354604784
תפ_9723-10-19,weapon,Hybrid-Full,4,12.0,30.0,11.784313725490195,29.49019607843137,2.680951323690902,4.9749371855331,63.75,0.21568627450980493,0.5098039215686292,7.655888509224002,0.9601722282023679
תפ_19269-08-24,weapon,Hybrid-Full,12,30.0,44.0,35.138412017167376,57.72639484978541,8.663460945578016,12.111461513789324,77.66666666666667,5.138412017167376,13.726394849785407,20.77492245936734,0.3196083742889209
תפ_8192-08-15,weapon,Hybrid-Full,8,10.0,30.0,13.055045871559633,35.48623853211009,4.846067993745032,5.782516753110189,68.125,3.055045871559633,5.486238532110093,10.628584746855221,0.6648668106551475
תפ_36323-09-15,weapon,Hybrid-Full,4,54.0,72.0,42.64516129032258,65.87096774193547,19.026297590440446,24.06241883103193,77.5,11.354838709677423,6.129032258064527,43.08871642147238,0.40439560439560396
תפ_40811-07-23,weapon,Hybrid-Full,11,54.0,90.0,36.94162436548223,62.92639593908629,16.39189479212312,24.234051584461625,71.63636363636364,17.058375634517773,27.07360406091371,40.62594637658475,0.16823726381248497
תפ_46833-10-10,weapon,Hybrid-Full,4,3.0,10.0,5.12280701754386,16.894736842105264,2.384848003542364,6.832825184358224,71.25,2.1228070175438596,6.894736842105264,9.217673187900589,0.351010101010101
תפ_53954-11-22,weapon,Hybrid-Full,16,30.0,54.0,33.15238954012624,56.2560865644725,14.317275404210118,21.426837727485594,69.3125,3.1523895401262365,2.256086564472497,35.74411313169571,0.794010577649564
תפ_4088-10-20,weapon,Hybrid-Full,20,34.0,60.0,31.66346153846154,56.15453296703297,13.872274507087871,22.66688112643643,72.8,2.33653846153846,3.8454670329670293,36.5391556335243,0.7818362499394058
תפ_40111-05-14,weapon,Hybrid-Full,12,84.0,156.0,33.64735516372796,72.088161209068,20.192648552271578,39.6512575112344,66.16666666666667,50.35264483627204,83.911838790932,59.843906063505976,0.0
תפ_15802-04-22,weapon,Hybrid-Full,18,30.0,54.0,47.38003355704698,86.32885906040268,24.966211734964155,37.02735058518264,66.22222222222223,17.38003355704698,32.32885906040268,61.99356232014679,0.11752353151435724
תפ_52626-07-15,weapon,Hybrid-Full,4,18.0,40.0,17.96363636363637,44.6909090909091,17.514279888136993,31.85514087239295,68.75,0.03636363636363171,4.690909090909102,49.36942076052995,0.8231292517006801
תפ_38886-12-22,weapon,Hybrid-Full,11,36.0,54.0,38.88051948051948,65.44415584415584,14.730639345839341,20.069301420431458,70.0,2.8805194805194816,11.444155844155844,34.7999407662708,0.5134968242766408
תפ_15943-12-16,weapon,Hybrid-Full,3,12.0,36.0,15.450000000000001,32.65,9.285592184789413,16.679994670929073,66.66666666666667,3.450000000000001,3.3500000000000014,25.965586855718485,0.7166666666666665
תפ_62301-07-22,weapon,Hybrid-Full,3,48.0,72.0,54.8,78.80000000000001,4.109609335312651,4.988876515698588,66.66666666666667,6.799999999999997,6.800000000000011,9.09848585101124,0.5584415584415583
תפ_50846-09-11,weapon,Hybrid-Full,7,3.0,8.0,3.6363636363636362,12.409090909090908,1.749635530559413,4.861342722049587,78.57142857142857,0.6363636363636362,4.409090909090908,6.610978252609,0.463768115942029
תפ_15772-11-19,weapon,Hybrid-Full,15,24.0,48.0,25.23260073260073,53.813186813186825,15.232421562793837,19.28315326911032,72.8,1.23260073260073,5.8131868131868245,34.51557483190415,0.7636687553753531
תפח_21279-09-15,weapon,Hybrid-Full,5,18.0,48.0,105.20547945205479,179.17808219178082,32.55518391900129,49.18536367660607,73.0,87.20547945205479,131.17808219178082,81.74054759560735,0.0
תפח_4283-02-18,weapon,Hybrid-Full,11,96.0,168.0,134.39844760672705,246.64812419146182,96.75631826380612,250.9864505249386,70.27272727272727,38.398447606727046,78.64812419146182,347.7427687887447,0.22304660329237186
תפ_57972-08-24,weapon,Hybrid-Full,11,36.0,66.0,66.57142857142858,105.71428571428572,22.59525292059052,28.530974903175316,76.36363636363636,30.571428571428584,39.71428571428572,51.12622782376584,0.0
תפ_58698-11-18,weapon,Hybrid-Full,15,14.0,30.0,13.774691358024691,34.87860082304527,4.265624872812371,6.523802572120037,64.8,0.22530864197530853,4.878600823045268,10.789427444932407,0.7581533661580461
תפ_7860-01-13,weapon,Hybrid-Full,6,120.0,168.0,100.08173076923076,162.69230769230768,50.3189825016365,62.12889826803627,69.33333333333333,19.91826923076924,5.307692307692321,112.44788076967276,0.6285835633892544
תפ_11799-09-13,weapon,Hybrid-Full,7,12.0,40.0,31.828571428571422,71.50476190476189,22.896394868170486,36.3318042491699,75.0,19.828571428571422,31.504761904761892,59.22819911734038,0.13732394366197198
תפח_12968-10-12,weapon,Hybrid-Full,7,72.0,120.0,65.0217391304348,113.56521739130437,75.52456013558418,92.39953175956984,65.71428571428571,6.978260869565204,6.4347826086956275,167.92409189515402,0.7560300514037175
תפ_24517-02-24,weapon,Hybrid-Full,4,33.0,45.0,30.000000000000004,49.22222222222223,1.4142135623730951,6.5383484153110105,67.5,2.9999999999999964,4.2222222222222285,7.952561977684105,0.6242774566473988
תפ_30242-04-16,weapon,Hybrid-Full,7,16.0,36.0,32.73589164785553,67.43115124153499,11.820079767678632,24.657656011875904,63.285714285714285,16.73589164785553,31.43115124153499,36.477735779554536,0.06346558988764042
תפ_2510-07-19,weapon,Hybrid-Full,9,10.0,22.0,10.604477611940299,27.029850746268654,2.9481109247603556,3.5416394334464947,74.44444444444444,0.6044776119402986,5.029850746268654,6.48975035820685,0.6691498685363717
תפ_31972-04-12,weapon,Hybrid-Full,7,15.0,48.0,27.01704545454545,59.98863636363635,14.149349159330724,19.179070224958185,75.42857142857143,12.01704545454545,11.988636363636353,33.32841938428891,0.4664056579944433
תפח_25581-12-12,weapon,Hybrid-Full,5,120.0,192.0,105.97402597402596,160.67532467532465,19.2,9.6,77.0,14.025974025974037,31.324675324675354,28.799999999999997,0.47282608695652134
תפ_23542-06-21,weapon,Hybrid-Full,5,48.0,96.0,57.96782841823056,97.2117962466488,15.74293492332354,16.904437287292353,74.6,9.96782841823056,1.2117962466488024,32.64737221061589,0.7728263238178251
תפ_10942-08-11,weapon,Hybrid-Full,7,4.0,8.0,3.411214953271028,12.532710280373834,1.761261143705422,4.861342722049587,76.42857142857143,0.5887850467289719,4.532710280373834,6.622603865755009,0.4385245901639343
תפ_978-02-24,weapon,Hybrid-Full,11,24.0,42.0,28.366096866096864,47.32763532763533,6.84056930596804,4.67806557464313,63.81818181818182,4.366096866096864,5.327635327635328,11.51863488061117,0.5844528578407426
תפ_2009-07-21,weapon,Hybrid-Full,4,48.0,96.0,34.5,64.5,12.05197079319395,17.051392904979934,65.0,13.5,31.5,29.103363698173887,0.2682926829268293
תפ_33690-08-13,weapon,Hybrid-Full,3,5.0,20.0,8.468468468468467,21.16216216216216,1.8856180831641267,7.483314773547883,74.0,3.4684684684684672,1.1621621621621614,9.368932856712009,0.7134894091415832
תפ_50145-08-20,weapon,Hybrid-Full,10,10.0,30.0,10.462585034013607,26.13605442176871,2.8354893757515653,3.6660605559646724,73.5,0.46258503401360684,3.8639455782312915,6.501549931716237,0.7836734693877551
תפ_52041-04-24,weapon,Hybrid-Full,7,33.0,50.0,36.42342342342342,58.153153153153156,10.263865683820605,14.93796696819407,79.28571428571429,3.423423423423422,8.153153153153156,25.201832652014673,0.539756446991404
תפ_55262-07-18,weapon,Hybrid-Full,4,3.0,15.0,6.883333333333333,19.7,2.5860201081971503,4.9749371855331,75.0,3.883333333333333,4.699999999999999,7.56095729373025,0.4860279441117765
תפ_59369-03-18,weapon,Hybrid-Full,3,8.0,20.0,13.5,28.2,4.988876515698588,5.656854249492381,66.66666666666667,5.5,8.2,10.645730765190969,0.3217821782178218
תפח_20615-12-22,weapon,Hybrid-Full,22,72.0,120.0,57.39999999999999,102.99999999999999,25.23623919277675,27.439490152601426,77.27272727272727,14.600000000000009,17.000000000000014,52.67572934537817,0.4952076677316291
תפ_23071-12-22,weapon,Hybrid-Full,15,60.0,96.0,58.39130434782608,92.20869565217392,23.138616111504067,30.3566943010745,76.66666666666667,1.608695652173921,3.7913043478260846,53.49531041257857,0.8564161849710982
תפ_312-12-17,weapon,Hybrid-Full,8,32.0,60.0,42.353322528363044,74.33387358184766,16.55294535724685,16.703293088490067,77.125,10.353322528363044,14.333873581847655,33.25623844573691,0.41684532924961715
תפ_11098-06-18,weapon,Hybrid-Full,8,20.0,40.0,19.50877192982456,39.70175438596491,2.9553976043842223,5.894913061275798,71.25,0.49122807017543835,0.2982456140350891,8.85031066566002,0.961472602739726
תפ_28675-02-12,weapon,Hybrid-Full,5,12.0,36.0,10.867647058823529,25.558823529411764,2.6832815729997477,8.67179335547152,68.0,1.132352941176471,10.441176470588236,11.355074928471268,0.5394967817437097
תפ_41407-10-15,weapon,Hybrid-Full,4,7.0,18.0,6.915254237288135,18.559322033898304,1.8708286933869707,3.960744879438715,73.75,0.08474576271186507,0.5593220338983045,5.831573572825685,0.9446870451237264
תפ_56073-05-18,weapon,Hybrid-Full,29,12.0,40.0,30.448155533399802,58.08075772681955,16.207556846417212,23.669745184490093,69.17241379310344,18.448155533399802,18.08075772681955,39.8773020309073,0.20728488284039023
תפ_1802-01-21,weapon,Hybrid-Full,4,24.0,48.0,14.703703703703704,32.51851851851851,2.947456530637899,6.06217782649107,67.5,9.296296296296296,15.481481481481488,9.00963435712897,0.2558398220244714
תפ_61660-05-23,weapon,Hybrid-Full,4,20.0,54.0,30.76515151515152,48.189393939393945,11.818946653572814,8.602325267042627,66.0,10.76515151515152,5.810606060606055,20.42127192061544,0.5124777183600714
תפ_25300-02-13,weapon,Hybrid-Full,8,10.0,30.0,10.491228070175438,25.49122807017544,3.122498999199199,3.570714214271425,71.25,0.49122807017543835,4.508771929824562,6.693213213470624,0.75
תפ_30974-03-14,weapon,Hybrid-Full,20,30.0,60.0,36.3030303030303,68.92929292929291,28.356833391618324,40.21989557420556,69.3,6.303030303030297,8.929292929292913,68.57672896582389,0.6087182148417233
תפ_25075-07-24,weapon,Hybrid-Full,5,26.0,38.0,28.455384615384617,42.818461538461534,2.3323807579381204,2.7129319932501077,65.0,2.4553846153846166,4.818461538461534,5.045312751188228,0.5675082327113063
תפח_16193-01-15,weapon,Hybrid-Full,6,72.0,144.0,158.02173913043478,240.1304347826087,77.64663547121665,68.49817515817483,76.66666666666667,86.02173913043478,96.13043478260869,146.1448106293915,0.0
תפח_35646-03-11,weapon,Hybrid-Full,5,120.0,216.0,70.4,124.47999999999999,35.678564993564414,46.537726631196755,75.0,49.599999999999994,91.52000000000001,82.21629162476117,0.0307692307692307
תפ_32731-05-18,weapon,Hybrid-Full,4,12.0,36.0,35.57142857142858,65.21428571428572,7.3484692283495345,12.569805089976535,70.0,23.571428571428577,29.214285714285722,19.91827431832607,0.008053691275167689
תפ_39731-01-15,weapon,Hybrid-Full,9,30.0,48.0,35.072072072072075,62.85285285285286,11.792443699041423,14.497339049155636,74.0,5.072072072072075,14.852852852852862,26.28978274819706,0.39351005484460677
תפ_30744-08-24,weapon,Hybrid-Full,13,19.0,36.0,36.04330312185297,58.753272910372615,7.591649102446356,10.767032742721657,76.38461538461539,17.043303121852972,22.753272910372615,18.358681845168014,0.0
תפ_10189-01-24,weapon,Hybrid-Full,3,32.0,48.0,35.826086956521735,58.13526570048309,9.797958971132712,9.568466729604882,69.0,3.826086956521735,10.135265700483089,19.366425700737594,0.4658040665434383
תפ_54640-06-24,weapon,Hybrid-Full,4,26.0,40.0,20.575875486381324,35.587548638132304,8.645808232895291,9.836157786453,64.25,5.4241245136186755,4.412451361867696,18.48196601934829,0.49358974358974406
תפ_30406-04-16,weapon,Hybrid-Full,7,24.0,48.0,17.714285714285715,36.28571428571429,1.9059520091609048,4.462999814803803,65.0,6.285714285714285,11.714285714285708,6.368951823964708,0.40566037735849075
תפ_17378-04-24,weapon,Hybrid-Full,5,14.0,42.0,26.84848484848485,42.78787878787879,5.1536394906900505,2.7129319932501073,66.0,12.848484848484851,0.787878787878789,7.866571483940158,0.5263157894736841
תפ_45138-08-24,weapon,Hybrid-Full,3,28.0,42.0,27.333333333333332,41.33333333333333,1.8856180831641267,4.714045207910317,65.0,0.6666666666666679,0.6666666666666714,6.599663291074444,0.9090909090909087
תפ_17393-10-17,weapon,Hybrid-Full,8,16.0,36.0,22.513513513513512,47.4054054054054,15.471243485899898,21.517434791350013,69.375,6.513513513513512,11.405405405405403,36.98867827724991,0.42943201376936324
תפ_9693-11-14,weapon,Hybrid-Full,6,48.0,108.0,63.766816143497756,107.86547085201795,26.30589287593181,30.528675044947494,74.33333333333333,15.766816143497756,0.1345291479820503,56.83456792087931,0.7349775784753365
תפח_5511-02-20,weapon,Hybrid-Full,14,90.0,144.0,64.06515837104072,106.92488687782804,23.139329537144576,25.066849398668158,78.92857142857143,25.934841628959276,37.075113122171956,48.20617893581273,0.21173353862874728
תפ_47346-03-19,weapon,Hybrid-Full,3,4.0,15.0,5.272727272727273,13.636363636363635,0.9428090415820634,2.8284271247461903,73.33333333333333,1.2727272727272734,1.363636363636365,3.7712361663282534,0.7603305785123965
תפ_58206-07-18,weapon,Hybrid-Full,3,50.0,80.0,54.51063829787233,76.34042553191487,4.898979485566356,5.656854249492381,78.33333333333333,4.510638297872333,3.6595744680851254,10.555833735058737,0.7276595744680847
תפ_57000-05-22,weapon,Hybrid-Full,5,14.0,20.0,38.82388059701493,65.62985074626866,8.352245207128439,15.969971822141703,67.0,24.823880597014927,45.62985074626866,24.322217029270142,0.0
תפ_1818-06-22,weapon,Hybrid-Full,8,15.0,30.0,9.809917355371901,25.471074380165287,2.6190408549696205,3.570714214271425,75.625,5.190082644628099,4.5289256198347125,6.189755069241046,0.5186246418338109
תפע_10438-03-22,weapon,Hybrid-Full,13,108.0,156.0,61.908163265306115,103.91836734693875,48.494494288850575,61.750787552173044,75.38461538461539,46.091836734693885,52.08163265306125,110.24528184102363,0.0
תפ_35711-05-22,weapon,Hybrid-Full,3,8.0,24.0,9.247706422018348,24.0,1.8856180831641267,0.0,72.66666666666667,1.2477064220183482,0.0,1.8856180831641267,0.9220183486238532
תפ_29352-02-20,weapon,Hybrid-Full,9,9.0,22.0,10.564285714285713,26.914285714285715,2.9101779674908435,3.5416394334464947,77.77777777777777,1.5642857142857132,4.914285714285715,6.451817400937339,0.6383572567783095
תפ_17997-06-24,weapon,Hybrid-Full,6,36.0,66.0,40.82428940568476,65.0387596899225,12.94110591186944,15.652475842498529,64.5,4.824289405684759,0.9612403100774998,28.593581754367968,0.8071490094745913
תפ_26622-12-23,weapon,Hybrid-Full,5,12.0,30.0,12.417910447761196,33.671641791044784,1.3564659966250536,4.8,67.0,0.4179104477611961,3.6716417910447845,6.1564659966250534,0.8112947658402201
תפ_10860-08-20,weapon,Hybrid-Full,3,8.0,24.0,11.325581395348838,25.813953488372093,2.8674417556808756,2.8284271247461903,71.66666666666667,3.325581395348838,1.8139534883720927,5.695868880427065,0.7114882506527415
תפ_23218-06-19,weapon,Hybrid-Full,3,8.0,24.0,9.27659574468085,27.829787234042556,0.9428090415820634,2.8284271247461903,78.33333333333333,1.2765957446808507,3.8297872340425556,3.7712361663282534,0.742489270386266
תפ_25587-07-17,weapon,Hybrid-Full,5,8.0,24.0,7.617283950617285,22.38271604938272,2.65329983228432,8.059776671843954,81.0,0.3827160493827151,1.6172839506172814,10.713076504128274,0.8779201205727206
תפח_18482-11-11,weapon,Hybrid-Full,3,72.0,132.0,109.09090909090908,160.36363636363635,90.50966799187809,113.13708498984761,73.33333333333333,37.09090909090908,28.363636363636346,203.64675298172568,0.25925925925925947
תפ_8641-08-12,weapon,Hybrid-Full,4,15.0,48.0,26.136363636363633,58.454545454545446,14.289419162443238,16.08570794214541,82.5,11.136363636363633,10.454545454545446,30.37512710458865,0.5031380753138077
תפח_30634-12-11,weapon,Hybrid-Full,4,168.0,216.0,113.85665529010241,174.14334470989763,26.153393661244042,26.153393661244042,73.25,54.14334470989759,41.85665529010237,52.306787322488084,0.06014434643143567
תפ_39340-08-17,weapon,Hybrid-Full,3,10.0,20.0,6.69047619047619,16.452380952380953,0.4714045207910317,2.3570226039551585,70.0,3.30952380952381,3.5476190476190474,2.8284271247461903,0.4847942754919499
תפ_12603-05-23,weapon,Hybrid-Full,3,12.0,24.0,9.949541284403669,26.339449541284402,2.357022603955158,2.8284271247461903,72.66666666666667,2.0504587155963314,2.3394495412844023,5.185449728701348,0.7321578505457599
תפ_27135-05-15,weapon,Hybrid-Full,6,48.0,96.0,36.02510460251045,70.95815899581588,18.65475810617763,19.139836293274122,79.66666666666667,11.974895397489547,25.04184100418412,37.79459439945175,0.3827961490163244
תפ_57404-07-24,weapon,Hybrid-Full,5,38.0,65.0,42.77941176470588,62.970588235294116,21.13764414498456,25.92296279363144,68.0,4.779411764705877,2.029411764705884,47.060606938616004,0.7478213507625274
תפח_72185-03-23,weapon,Hybrid-Full,5,36.0,72.0,61.184210526315795,103.26315789473684,7.959899496852959,12.237646832622683,76.0,25.184210526315795,31.263157894736835,20.197546329475642,0.16079812206572763
תפ_19235-03-13,weapon,Hybrid-Full,4,42.0,66.0,37.110320284697515,70.0355871886121,16.97056274847714,17.74823934929885,70.25,4.889679715302485,4.035587188612098,34.71880209777599,0.7289234760051883
תפ_58621-06-19,weapon,Hybrid-Full,4,6.0,18.0,5.932203389830508,18.762711864406775,3.082207001484488,5.356071321407137,73.75,0.06779661016949223,0.762711864406775,8.438278322891625,0.9352708058124178
תפ_38293-02-20,weapon,Hybrid-Full,8,6.0,24.0,11.025,26.316666666666663,2.6457513110645907,3.799671038392666,75.0,5.025,2.316666666666663,6.445422349457257,0.6386382280557835
תפ_35163-03-18,weapon,Hybrid-Full,3,24.0,72.0,20.96428571428571,56.82539682539682,4.242640687119285,13.199326582148887,84.0,3.0357142857142883,15.174603174603178,17.441967269268172,0.6431848223310783
תפ_29454-01-13,weapon,Hybrid-Full,7,6.0,13.0,9.978947368421048,25.34736842105263,6.411087334947679,9.797958971132712,67.85714285714286,3.978947368421048,12.347368421052629,16.20904630608039,0.15614798694232887
תפ_47548-07-15,weapon,Hybrid-Full,4,10.0,24.0,14.822299651567944,35.89547038327526,5.385164807134504,7.3484692283495345,71.75,4.822299651567944,11.89547038327526,12.733634035484037,0.35441334768568356
תפ_50975-07-19,weapon,Hybrid-Full,3,9.0,24.0,8.232558139534886,21.27906976744186,1.632993161855452,4.242640687119285,71.66666666666667,0.7674418604651141,2.720930232558139,5.875633848974736,0.7787610619469028
תפ_13842-12-12,weapon,Hybrid-Full,4,5.0,24.0,6.267857142857143,18.05357142857143,0.82915619758885,3.897114317029974,70.0,1.2678571428571432,5.946428571428569,4.7262705146188235,0.6203007518796994
תפח_1161-08,weapon,Hybrid-Full,4,60.0,120.0,63.12074303405573,120.37151702786376,66.5432190384565,78.40280607223188,80.75,3.120743034055728,0.37151702786376006,144.94602511068837,0.9421538461538465
תפ_10115-02-21,weapon,Hybrid-Full,3,60.0,84.0,50.833333333333336,74.83333333333333,2.494438257849294,3.7712361663282534,80.0,9.166666666666664,9.166666666666671,6.265674424177547,0.4472361809045225
