"verdict_1","verdict_2","similarity_scale","similarity_binary_0","similarity_binary_1","feature_vector_1","feature_vector_2","score","response","status","last_error"
"ME-16-07-11608-225","ME-22-12-47987-640",1,0,0,"{""מספר טיסות לחו\""ל"": ""מספר פעמים"", ""יעדי טיסה"": ""אוקראינה, ברלין"", ""שיטת הסתרת הסמים"": ""מזוודה עם דופן כפולה"", ""שימוש בטכנולוגיה"": ""אפליקציית הצפנת מסרים 'ויקר'"", ""שינוי בתוכנית טיסה"": ""כרטיס טיסה עדכני מגרמניה לישראל דרך איסטנבול"", ""תשלום עבור שירותים"": ""2,000 ₪ עבור הוצאות נסיעה"", ""תקשורת עם המעביר"": ""הודעות טקסט והנחיות"", ""מקום קבלת הסמים"": ""ברלין"", ""מקום נחיתה בישראל"": ""בטיסת המשך דרך טורקיה"", ""מכירה לסוכן"": ""לא"", ""מעבדה"": ""לא"", ""סוג הסם, כמות"": ""MDMA: 1301.44 גרם, 13189 טבליות"", ""עבירה"": ""יבוא/סחר, 19"", ""עבירות נלוות כן/לא"": ""לא"", ""תפקיד"": ""לא בעל הסמים""}","{""מכירה לסוכן"": ""לא"", ""מעבדה"": ""לא"", ""סוג הסם, כמות"": ""קטמין: 700 גרם"", ""עבירה"": ""יבוא/סחר"", ""עבירות נלוות כן/לא"": ""לא"", ""תפקיד"": ""בעל הסמים"", ""מיקום העבירה"": ""הודו וישראל"", ""שיטת ההברחה"": ""חבילה בדואר בינלאומי"", ""משקל נטו של הסם"": ""700 גרם"", ""סוג האריזה"": ""ארבעה כדים בעלי דופן כפולה"", ""כתובת המשלוח"": ""בית הסב בקרית גת"", ""מספר טלפון על החבילה"": ""מספר הטלפון הנייד של עמית"", ""פעולות המשטרה"": ""איתור ותפיסת החבילה, פעולת סמכות מוסווה"", ""סוג הרכב במסירה"": ""הונדה"", ""מקום המסירה"": ""תחנת דלק"", ""זמן המסירה"": ""5.12.22 בשעה 14:06"", ""סוג הרכב במעצר"": ""טנדר סובארו"", ""מיקום המעצר"": ""שטח עפר"", ""יחידת משטרה"": ""ימ\""ר לכיש""}",40.0,"1. **סוג העבירה וחומרתה** — שני התיקים עוסקים בעבירות של יבוא/סחר בסמים, אך תיק 1 כולל גם עבירות נוספות (19 כאלה) בנוסף ליבוא/סחר, בעוד שתיק 2 מתמקד ביבוא/סחר בלבד. חומרת העבירה בשני התיקים נחשבת לחמורה בשל היותן עבירות סמים.

2. **סוג הסם וכמותו** — תיק 1 כולל MDMA בכמות משמעותית (1301.44 גרם ו-13189 טבליות), בעוד שתיק 2 כולל קטמין בכמות של 700 גרם. שני הסמים נחשבים לסמים מסוכנים, אך הכמויות והסוג שונים.

3. **שיטת הביצוע (MO)** — שני התיקים כוללים הברחת סמים, אך בשיטות שונות: תיק 1 כולל הסתרת סמים במזוודה עם דופן כפולה, בעוד שתיק 2 כולל הסתרת סמים באריזה בדואר בינלאומי (ארבעה כדים בעלי דופן כפולה).

4. **נסיבות הליבה** — בשני התיקים לא מדובר במעבדה, ושניהם כוללים יבוא סמים. עם זאת, הנסיבות שונות: תיק 1 כולל טיסות ומסלול מורכב, בעוד שתיק 2 כולל משלוח בדואר.

5. **ישימות כתקדים** — בית המשפט עשוי לראות את שני התיקים כרלוונטיים זה לזה מבחינת העיסוק בעבירות סמים חמורות, אך ההבדלים בשיטת הביצוע, סוג הסם וכמותו עשויים להפחית מהרלוונטיות.

SIMILARITY_SCORE: 40","ok",""
"ME-16-11-63255-338","ME-18-01-73652-357",1,0,0,"{""מעבדה"": ""לא"", ""סוג הסם, כמות"": ""LSD: 154 בולים, 1.75 מיליליטר, חשיש: 689.77 גרם, קנבוס: 1255.48 גרם, MDMA: 1651 טבליות, 30.11 גרם, קוקאין: 52.616 גרם"", ""עבירה"": ""החזקה שלא לצריכה עצמית, יבוא/סחר"", ""עבירות נלוות כן/לא"": ""כן"", ""תפקיד"": ""לא בעל הסמים"", ""סוגי סמים נוספים"": ""קוקאין, אקסטזי"", ""כמות סמים נוספת"": ""52.616-גרם-קוקאין, 1,651-טבליות-MDMA, 30.11-גרם-MDMAאבקה, 154-בולים-LSD, 1.75-מל-LSDנוזל"", ""מעורבים נוספים"": ""מאהר שחאדה, יותם בצר, עמיר רחמים, חנן כהן"", ""תאריכים רלוונטיים"": ""17.10.16-תחילת הקשר, 13.11.16-מכירת סמים לעמיר רחמים, 14.11.16-מכירת סמים לחנן כהן והחזקת סמים בדירה"", ""סכומי כסף"": ""4,500 ₪-לשכר דירה, 1,400 ₪-מכירה לעמיר רחמים, 100 ₪-מכירה לחנן כהן"", ""מיקום העבירות"": ""בדירה שנשכרה"", ""כלים לשימוש בסמים"": ""משקל אלקטרוני"", ""מכירה לסוכן"": ""לא""}","{""מכירה לסוכן"": ""כן"", ""מעבדה"": ""לא"", ""סוג הסם, כמות"": ""קוקאין: 69.09 גרם"", ""עבירה"": ""יבוא/סחר, 19"", ""עבירות נלוות כן/לא"": ""לא"", ""תפקיד"": ""בעל הסמים"", ""היכרות עם הסוכן"": ""כן"", ""תקשורת דיגיטלית"": ""הודעות ווטסאפ, שיחות טלפוניות"", ""מקום העסקה הראשונה"": ""בית הנאשם"", ""מחיר עבור 20.09 גרם קוקאין"": ""9,000 ₪"", ""מחיר עבור 49 גרם קוקאין"": ""22,500 ₪"", ""שימוש בתמונות להצגת הסם"": ""כן"", ""נקודת מפגש לעסקה השנייה"": ""נקודה שנקבעה מראש""}",40.0,"1. **סוג העבירה וחומרתה**: שני התיקים עוסקים בעבירות סחר בסמים, אך תיק 1 כולל מגוון רחב יותר של עבירות (החזקה שלא לצריכה עצמית, יבוא/סחר) וסמים (LSD, חשיש, קנבוס, MDMA, קוקאין), בעוד שתיק 2 מתמקד ביבוא/סחר בקוקאין בלבד. חומרת העבירות בשני התיקים גבוהה בשל מעורבות בסחר בסמים, אך תיק 1 כולל מגוון סמים וכמויות גדולות יותר, מה שיכול להצביע על חומרה גבוהה יותר.

2. **סוג הסם וכמותו**: תיק 1 כולל מגוון סמים (LSD, חשיש, קנבוס, MDMA, קוקאין) בכמויות משמעותיות (למשל, 1651 טבליות MDMA, 689.77 גרם חשיש), בעוד שתיק 2 מתמקד בקוקאין בלבד בכמות של 69.09 גרם. שני התיקים כוללים קוקאין, אך הכמויות והמגוון של הסמים שונים.

3. **שיטת הביצוע (MO)**: תיק 1 מתאר סחר בסמים בדירה שנשכרה, עם שימוש במשקל אלקטרוני, ומעורבות של מספר אנשים. תיק 2 מתאר עסקאות סמים עם סוכן, כולל תקשורת דיגיטלית ושימוש בתמונות להצגת הסם. שתי השיטות כוללות סחר בסמים, אך הן שונות באופן הביצוע והמעורבים.

4. **נסיבות הליבה**: שני התיקים אינם כוללים מעבדה, אך תיק 1 כולל החזקה וסחר בדירה שנשכרה עם מעורבים נוספים, בעוד שתיק 2 מתמקד בעסקאות עם סוכן בבית הנאשם ונקודה שנקבעה מראש. הנסיבות שונות, אך שתיהן כוללות סחר בסמים.

5. **ישימות כתקדים**: בית משפט עשוי לראות את שני התיקים כרלוונטיים זה לזה במידה מסוימת בשל העיסוק בסחר בסמים, אך ההבדלים בסוג הסם, הכמות, ושיטת הביצוע עשויים להפחית מהרלוונטיות.

SIMILARITY_SCORE: 40","ok",""
"ME-16-12-26620-433","ME-16-06-6788-21",3,1,1,"{""מכירה לסוכן"": ""לא"", ""מעבדה"": ""לא"", ""סוג הסם, כמות"": ""MDMA: 1820 גרם, קוקאין: 888 גרם"", ""עבירה"": ""החזקה שלא לצריכה עצמית, יבוא/סחר, 19"", ""עבירות נלוות כן/לא"": ""לא"", ""תפקיד"": ""בעל הסמים"", ""מספר נאשמים"": 2, ""תאריך העבירה"": ""2.12.2016"", ""מיקום העבירה"": ""וינה, אוסטריה"", ""שיטת הברחה"": ""מזוודה עם דופן מוסתרת"", ""זהות המציע"": ""לא ידועה"", ""סכום התמורה המוצעת"": ""54000 ₪ לנאשם 1, 10000-25000 ₪ לנאשם 2"", ""אופן התשלום לטיסה"": ""כרטיס אשראי של נאשם 1"", ""מקום המפגש לקבלת הסם"": ""מלון בוינה"", ""תאריך המעצר"": ""5.12.2016"", ""מיקום המעצר"": ""שדה התעופה בישראל""}","{""מקור הסם"": ""הולנד"", ""שיטת השילוח"": ""דואר רשום"", ""מספר פעמים שהנאשמת פנתה לסניף הדואר"": ""3"", ""התקשרות עם שי במהלך קבלת החבילה"": ""כן"", ""הוראות משי"": ""הנחיות להעברת החבילה, הזהיר משוטרים, הנחיות לתגובה במקרה של עצירה"", ""מיקום העצירה"": ""ביציאה מסניף הדואר"", ""מכירה לסוכן"": ""לא"", ""מעבדה"": ""לא"", ""סוג הסם, כמות"": ""קוקאין: 2565 גרם"", ""עבירה"": ""יבוא/סחר, 19"", ""עבירות נלוות כן/לא"": ""כן"", ""תפקיד"": ""לא בעל הסמים""}",40.0,"1. **סוג העבירה וחומרתה** — שני התיקים עוסקים בעבירות של יבוא/סחר בסמים, לפי סעיף 19, ומהווים עבירות חמורות. עם זאת, בתיק 1 ישנה גם עבירה של החזקה שלא לצריכה עצמית, שלא מופיעה בתיק 2. חומרת העבירות דומה בשני התיקים.

2. **סוג הסם וכמותו** — שני התיקים כוללים סחר בכמויות גדולות של סמים מסוכנים. תיק 1 כולל MDMA וקוקאין בסך הכל 2708 גרם, ותיק 2 כולל קוקאין בלבד, בכמות של 2565 גרם. הכמויות דומות בסדר הגודל, אך סוג הסם בתיק 1 משולב (MDMA וקוקאין), ואילו בתיק 2 מדובר בקוקאין בלבד.

3. **שיטת הביצוע (MO)** — שיטת הביצוע שונה: תיק 1 כולל הברחה באמצעות מזוודה עם דופן מוסתרת, ואילו תיק 2 כולל שילוח בדואר רשום. אמצעי הביצוע שונים.

4. **נסיבות הליבה** — בשני התיקים אין מעבדה, אך הם כוללים היבטים שונים של סחר בסמים. בתיק 1 הנאשמים הם בעלי הסמים, ואילו בתיק 2 הנאשמת לא הייתה בעלת הסם. נסיבות אחרות, כמו מיקום העבירה והמעצר, שונות.

5. **ישימות כתקדים** — בית המשפט עשוי לראות את שני התיקים כרלוונטיים זה לזה מבחינת חומרת העבירה וסוג הסם, אך ישנם הבדלים משמעותיים בשיטת הביצוע, נסיבות הליבה, ותפקיד הנאשם/ת.

SIMILARITY_SCORE: 40","ok",""
"ME-17-01-59971-328","ME-14-01-16958-980",3,1,1,"{""מיקום המעבדה"": ""רח' נחלת יעקב 3, כפר חסידים, חלקה 11 בגוש 1113"", ""תאריך התחלת שכירות המחסן"": ""01.10.16"", ""תאריך תפיסת הסם"": ""18.01.17"", ""ציוד לגידול"": ""מנורות, מזגנים, שרוולי אוורור, מאווררים, דליים שחורים מפלסטיק, ארגזים כמנבטות, משקל דיגיטלי"", ""מספר עציצים"": ""מאות"", ""מספר יחידות במנבטות"": ""77 יחידות בכל אחד משלושת הארגזים"", ""מכירה לסוכן"": ""לא"", ""מעבדה"": ""כן"", ""סוג הסם, כמות"": ""קנבוס בשתילים: 170000 גרם, קנבוס: 10.2 גרם"", ""עבירה"": ""ייצור, החזקה שלא לצריכה עצמית"", ""עבירות נלוות כן/לא"": ""לא"", ""תפקיד"": ""בעל הסמים, בעל המעבדה""}","{""מיקום המעבדה"": ""קרית ים, אזור התעשייה"", ""ציוד נוסף במעבדה"": ""חומרי דישון, משקלים אלקטרוניים, מדי טמפרטורה, מערכת תאורה, גופי חימום"", ""מכירה לסוכן"": ""לא"", ""מעבדה"": ""כן"", ""סוג הסם, כמות"": ""קנבוס בשתילים: 60000 גרם"", ""עבירה"": ""ייצור, החזקה שלא לצריכה עצמית"", ""עבירות נלוות כן/לא"": ""לא"", ""תפקיד"": ""בעל הסמים, בעל המעבדה""}",85.0,"1. **סוג העבירה וחומרתה** — שני התיקים עוסקים בעבירות של ייצור והחזקה שלא לצריכה עצמית של סמים מסוג קנבוס, ומהווים עבירות חמורות לפי החוק. חומרת העבירות דומה בשני התיקים.

2. **סוג הסם וכמותו** — בשני התיקים מדובר בקנבוס, שהוא סם מסוג דומה. הכמות בתיק 1 היא 170,000 גרם (כולל 10.2 גרם שלא בשתילים), ובתיק 2 - 60,000 גרם. הכמויות שונות אך בסדר גודל דומה.

3. **שיטת הביצוע (MO)** — שני התיקים כוללים מעבדות לגידול קנבוס, עם ציוד דומה (למשל, מערכות תאורה, משקלים). הדמיון בשיטת הביצוע מצביע על דפוס פעולה דומה.

4. **נסיבות הליבה** — בשני התיקים מדובר במעבדות לגידול קנבוס, כאשר הנאשמים מוגדרים כבעלי הסמים ובעלי המעבדה. לא צוינו נסיבות מחמירות או מקלות מיוחדות בשני התיקים.

5. **ישימות כתקדים** — בהתחשב בדמיון בסוג העבירה, סוג הסם, שיטת הביצוע והנסיבות, בית משפט עשוי לראות את שני התיקים כרלוונטיים זה לזה לצורכי ענישה.

SIMILARITY_SCORE: 85","ok",""
"ME-17-01-620-279","ME-16-12-19902-389",3,1,1,"{""מקום היציאה"": ""ישראל"", ""יעד הטיסה"": ""פריז"", ""תאריך היציאה"": ""14.12.2016"", ""תאריך החזרה"": ""20.12.2016"", ""שעת הגעה"": ""17:42"", ""אופן ההחזקה"": ""במזוודה"", ""מכירה לסוכן"": ""לא"", ""מעבדה"": ""לא"", ""סוג הסם, כמות"": ""קוקאין: 4922 גרם"", ""עבירה"": ""החזקה שלא לצריכה עצמית, יבוא/סחר, 19"", ""עבירות נלוות כן/לא"": ""לא"", ""תפקיד"": ""לא בעל הסמים""}","{""מכירה לסוכן"": ""לא"", ""מעבדה"": ""לא"", ""סוג הסם, כמות"": ""קוקאין: 6175.95 גרם"", ""עבירה"": ""יבוא/סחר, 19"", ""עבירות נלוות כן/לא"": ""לא"", ""תפקיד"": ""לא בעל הסמים"", ""מקור הסם"": ""חו\""ל"", ""מדינת המקור"": ""גרמניה"", ""שיטת הסתרה"": ""תחתית כפולה עשויה מעץ"", ""מספר חבילות"": ""7"", ""שווי הסם"": ""2.4 מיליון ₪"", ""סעיף העבירה"": ""סעיף 13 יחד עם סעיף 19א"", ""חוק העבירה"": ""פקודת הסמים המסוכנים [נוסח חדש], השתל\""ג – 1973""}",80.0,"1. **סוג העבירה וחומרתה**: שני התיקים עוסקים בעבירות סמים חמורות, סחר ויבוא, תחת סעיף 19 לפקודת הסמים המסוכנים. חומרת העבירות דומה, והן נחשבות לעבירות חמורות. 
2. **סוג הסם וכמותו**: בשני התיקים מדובר בקוקאין בכמויות גדולות מאוד (4922 גרם ו-6175.95 גרם). סדר הגודל דומה והחומר הוא אותו סוג סם.
3. **שיטת הביצוע (MO)**: תיק 1 מציין החזקה במזוודה, ותיק 2 מתאר הסתרה בתחתית כפולה עשויה מעץ. אמנם השיטות שונות, אך שתיהן כוללות הברחה מוסתרת.
4. **נסיבות הליבה**: בשני התיקים לא הייתה מעבדה, והנאשם לא היה בעל הסמים. העבירות כוללות יבוא/סחר ללא עבירות נלוות.
5. **ישימות כתקדים**: בהינתן הדמיון בסוג העבירה, סוג הסם וכמותו, ונסיבות הליבה, בית משפט עשוי לראות בתיקים אלו תקדימים רלוונטיים לצורכי ענישה.

SIMILARITY_SCORE: 80","ok",""
"ME-17-03-30876-747","SH-23-02-41988-839",1,0,0,"{""מכירה לסוכן"": ""לא"", ""מעבדה"": ""כן"", ""סוג הסם, כמות"": ""קנבוס: 140000 גרם"", ""עבירה"": ""ייצור, החזקה שלא לצריכה עצמית"", ""עבירות נלוות כן/לא"": ""כן"", ""תפקיד"": ""בעל הסמים, בעל המעבדה"", ""סוג הסם"": ""קנביס"", ""כמות הסם"": ""140 ק\""ג"", ""שווי הסם"": ""70,000 ₪ לקילוגרם"", ""סך שווי הסם"": ""9,800,000 ₪"", ""גניבת חשמל"": ""כן"", ""שווי גניבת החשמל"": ""42,578 ₪"", ""סוג העבירות"": ""קשירת קשר לפשע, ייצור סמים, החזקת סם מסוכן, גניבה בנסיבות מיוחדות, החזקת חצרים להכנת סמים"", ""מיקום המעבדה"": ""מתחם בן ארבעה דונמים"", ""מספר החדרים במעבדה"": ""7"", ""פרטי הציוד"": ""80 שנאים, 77 בתי מנורות, 77 נורות, 5 מפוחי אוויר, מייבש, 2 משאבות מים, מזגן מיני מרכזי, 1,246 שתילים של קנאביס, 59 שקים של חומרי גידול, חומרי דישון, חומרי הדברה, שעונים דיגיטאליים, מזמרה, משאבה חשמלית למים, טרמומטרים דיגיטאליים, חבילת צינור השקיה בטפטוף, מדחום, מזרקים גדולים, קנקן מדידה, מכשיר אלקטרוני עם אלקטרודות, מרסס נייד, אדניות לגידול"", ""שווי הציוד"": ""עשרות אלפי שקלים"", ""חיבור לא מוסדר לרשת החשמל"": ""כן""}","{""מעבדה"": ""לא"", ""סוג הסם, כמות"": ""קטמין: 2.8 גרם, MDMA: 6.9 גרם, קוקאין: 14.85 גרם"", ""עבירה"": ""החזקה שלא לצריכה עצמית, יבוא/סחר, 19"", ""עבירות נלוות כן/לא"": ""כן"", ""תאריך העבירה"": ""2.2.2023"", ""אמצעי תקשורת לתיאום העסקה"": ""טלגרם"", ""סכום העסקה"": ""350 ש״ח"", ""כמות כסף מזומן שנתפסה"": ""5950 ש״ח"", ""מספר טלפונים ניידים שנתפסו"": ""3"", ""האם השימוש ברכב לביצוע העבירה"": ""כן"", ""סוגי סמים נוספים שנתפסו"": ""קטמין, קוקאין, MDMA במצב נוזלי"", ""מכירה לסוכן"": ""לא"", ""תפקיד"": ""בעל הסמים""}",20.0,"1. **סוג העבירה וחומרתה** — שני התיקים עוסקים בעבירות סמים חמורות, אך סוג העבירה שונה: תיק 1 מתמקד בייצור והחזקה של קנבוס, בעוד תיק 2 עוסק בהחזקה, יבוא וסחר בסמים מסוגים שונים (קטמין, MDMA, קוקאין). חומרת העבירות דומה בשל היותן עבירות סמים חמורות.

2. **סוג הסם וכמותו** — סוג הסם שונה: תיק 1 עוסק בקנבוס בכמות גדולה מאוד (140 ק""ג), בעוד תיק 2 עוסק בכמויות קטנות יותר של סמים שונים (סה""כ כ-24.65 גרם). הכמויות והסוגים שונים משמעותית.

3. **שיטת הביצוע (MO)** — שיטת הביצוע שונה: תיק 1 כולל הפעלת מעבדה לייצור קנבוס, בעוד תיק 2 מתמקד בהחזקה וסחר בסמים שונים ללא מעבדה.

4. **נסיבות הליבה** — נסיבות הליבה שונות: תיק 1 כולל מעבדה, גניבת חשמל, ותכנון נרחב, בעוד תיק 2 מתמקד בעסקת סמים קטנה יחסית ללא מעבדה.

5. **ישימות כתקדים** — בית משפט עשוי לראות את שני התיקים כלא רלוונטיים זה לזה לצורכי ענישה בשל ההבדלים המשמעותיים בסוג העבירה, סוג הסם, כמותו, ושיטת הביצוע.

SIMILARITY_SCORE: 20","ok",""
"ME-17-03-30876-747","ME-17-01-59971-328",3,1,1,"{""מכירה לסוכן"": ""לא"", ""מעבדה"": ""כן"", ""סוג הסם, כמות"": ""קנבוס: 140000 גרם"", ""עבירה"": ""ייצור, החזקה שלא לצריכה עצמית"", ""עבירות נלוות כן/לא"": ""כן"", ""תפקיד"": ""בעל הסמים, בעל המעבדה"", ""סוג הסם"": ""קנביס"", ""כמות הסם"": ""140 ק\""ג"", ""שווי הסם"": ""70,000 ₪ לקילוגרם"", ""סך שווי הסם"": ""9,800,000 ₪"", ""גניבת חשמל"": ""כן"", ""שווי גניבת החשמל"": ""42,578 ₪"", ""סוג העבירות"": ""קשירת קשר לפשע, ייצור סמים, החזקת סם מסוכן, גניבה בנסיבות מיוחדות, החזקת חצרים להכנת סמים"", ""מיקום המעבדה"": ""מתחם בן ארבעה דונמים"", ""מספר החדרים במעבדה"": ""7"", ""פרטי הציוד"": ""80 שנאים, 77 בתי מנורות, 77 נורות, 5 מפוחי אוויר, מייבש, 2 משאבות מים, מזגן מיני מרכזי, 1,246 שתילים של קנאביס, 59 שקים של חומרי גידול, חומרי דישון, חומרי הדברה, שעונים דיגיטאליים, מזמרה, משאבה חשמלית למים, טרמומטרים דיגיטאליים, חבילת צינור השקיה בטפטוף, מדחום, מזרקים גדולים, קנקן מדידה, מכשיר אלקטרוני עם אלקטרודות, מרסס נייד, אדניות לגידול"", ""שווי הציוד"": ""עשרות אלפי שקלים"", ""חיבור לא מוסדר לרשת החשמל"": ""כן""}","{""מיקום המעבדה"": ""רח' נחלת יעקב 3, כפר חסידים, חלקה 11 בגוש 1113"", ""תאריך התחלת שכירות המחסן"": ""01.10.16"", ""תאריך תפיסת הסם"": ""18.01.17"", ""ציוד לגידול"": ""מנורות, מזגנים, שרוולי אוורור, מאווררים, דליים שחורים מפלסטיק, ארגזים כמנבטות, משקל דיגיטלי"", ""מספר עציצים"": ""מאות"", ""מספר יחידות במנבטות"": ""77 יחידות בכל אחד משלושת הארגזים"", ""מכירה לסוכן"": ""לא"", ""מעבדה"": ""כן"", ""סוג הסם, כמות"": ""קנבוס בשתילים: 170000 גרם, קנבוס: 10.2 גרם"", ""עבירה"": ""ייצור, החזקה שלא לצריכה עצמית"", ""עבירות נלוות כן/לא"": ""לא"", ""תפקיד"": ""בעל הסמים, בעל המעבדה""}",70.0,"1. **סוג העבירה וחומרתה** — שני התיקים עוסקים בעבירות של ייצור והחזקה שלא לצריכה עצמית של סמים מסוכנים. סוג העבירה דומה, אך יש לבחון את חומרת העבירה בהתאם לכמות הסם ולנסיבות נוספות. 
2. **סוג הסם וכמותו** — בשני התיקים מדובר בקנבוס, אך הכמות שונה משמעותית: 140 ק""ג בתיק 1 לעומת 170 ק""ג (שתילים) + 10.2 גרם בתיק 2. הכמויות בסדר גודל דומה אך לא זהה.
3. **שיטת הביצוע (MO)** — שני התיקים כוללים הפעלת מעבדה לגידול קנבוס, ציוד דומה (כגון מנורות, מזגנים, אמצעי אוורור), ודפוס פעולה דומה של גידול קנבוס במעבדה.
4. **נסיבות הליבה** — שני התיקים כוללים מעבדה, אך בתיק 1 מצוין כי מדובר במתחם גדול יותר (ארבעה דונמים) עם ציוד נרחב וגניבת חשמל, מה שיכול להיחשב לנסיבות מחמירות. בתיק 2, המעבדה קטנה יותר וממוקמת במחסן שכור.
5. **ישימות כתקדים** — בית המשפט עשוי לראות את שני התיקים כרלוונטיים זה לזה בשל הדמיון בסוג העבירה, סוג הסם, ושיטת הביצוע. עם זאת, ההבדלים בכמות הסם ובנסיבות (כגון גניבת חשמל וגודל המעבדה) עשויים להשפיע על מידת הדמיון.

SIMILARITY_SCORE: 70","ok",""
"ME-17-04-17677-800","ME-14-01-16958-980",3,1,1,"{""משך זמן הפעילות"": ""מ-19.1.16 עד 4.4.17"", ""מיקום המעבדה"": ""בית בן 5 חדרים, ממ\""ד ומרתף"", ""עלות שכירות הבית"": ""6000 ₪ לחודש"", ""פרטי התשתית לגידול"": ""26 בתי מנורה ומנורות, 3 מדי טמפרטורה, 2 משקלים, מסור חשמלי, מברגה קונגו, דליים, סלים, צינורות מים, מכלי מים, טפטפות, מאווררים, מפזר חום, מד לחות, שואב אבק, שנאי חשמל"", ""כמות חשמל שנגנבה"": ""18,838 ₪"", ""סוגי עבירות"": ""יצור סם, גניבת חשמל"", ""סוג הסם במעבדה ביום המעצר"": ""עציצי ושתילי קנבוס בשלבי צמיחה שונים, עלי קנבוס מיובשים"", ""שווי הסם"": ""מליוני ₪"", ""מכירה לסוכן"": ""לא"", ""מעבדה"": ""כן"", ""סוג הסם, כמות"": ""קנבוס בשתילים: 72800 גרם"", ""עבירה"": ""ייצור"", ""עבירות נלוות כן/לא"": ""כן"", ""תפקיד"": ""בעל הסמים, בעל המעבדה""}","{""מיקום המעבדה"": ""קרית ים, אזור התעשייה"", ""ציוד נוסף במעבדה"": ""חומרי דישון, משקלים אלקטרוניים, מדי טמפרטורה, מערכת תאורה, גופי חימום"", ""מכירה לסוכן"": ""לא"", ""מעבדה"": ""כן"", ""סוג הסם, כמות"": ""קנבוס בשתילים: 60000 גרם"", ""עבירה"": ""ייצור, החזקה שלא לצריכה עצמית"", ""עבירות נלוות כן/לא"": ""לא"", ""תפקיד"": ""בעל הסמים, בעל המעבדה""}",85.0,"1. **סוג העבירה וחומרתה** — שני התיקים עוסקים בעבירת ייצור סם מסוכן (קנבוס), שהוא עבירה חמורה. חומרת העבירה דומה בשני התיקים, אך בתיק 1 ישנה עבירה נוספת של גניבת חשמל, שלא מופיעה בתיק 2. 
2. **סוג הסם וכמותו** — שני התיקים כוללים קנבוס בשתילים בכמויות דומות מאוד (72,800 גרם בתיק 1 לעומת 60,000 גרם בתיק 2), מה שמצביע על דמיון רב.
3. **שיטת הביצוע (MO)** — שני התיקים כוללים הפעלת מעבדה לגידול קנבוס עם ציוד דומה (מדי טמפרטורה, תאורה מיוחדת, משקלים). הדמיון בשיטת הביצוע גבוה.
4. **נסיבות הליבה** — שני התיקים כוללים מעבדה לגידול סם, כאשר הנאשם משמש כבעל הסם ובעל המעבדה. בתיק 1 מוזכרת גניבת חשמל, אך שאר הנסיבות דומות.
5. **ישימות כתקדים** — בית המשפט יראה את שני התיקים כרלוונטיים זה לזה לצורכי ענישה בשל הדמיון בעבירה, בכמות הסם ובשיטת הביצוע.

SIMILARITY_SCORE: 85","ok",""
"ME-18-02-5680-55","ME-22-04-7867-732",1,0,0,"{""מכירה לסוכן"": ""לא"", ""מעבדה"": ""לא"", ""סוג הסם, כמות"": ""MDMA: 8363 טבליות"", ""עבירה"": ""החזקה שלא לצריכה עצמית"", ""עבירות נלוות כן/לא"": ""לא"", ""תפקיד"": ""לא בעל הסמים"", ""תאריך העבירה"": ""7.1.18-12.1.18"", ""מיקום העבירה"": ""דימונה ושדרות"", ""שיטת הסתרה"": ""חבילה מוחבאת בתחתית מתקן חשמלי לחימום אוכל"", ""שיטת תשלום"": ""4000 שקלים"", ""מעורבות צדדים נוספים"": ""אלי והאחר"", ""שימוש בשם בדוי"": ""כן"", ""מספר רישוי של הרכב"": ""77-131-56"", ""סוג הרכב"": ""מזדה"", ""מקום איסוף הסם"": ""חנות סלקשיין בדימונה"", ""מקום העברת הסם"": ""פיצוציה בשדרות"", ""מקום מעצר הנאשם"": ""שדרות"", ""מקום מעצר אלי"": ""שדרות"", ""כמות הסם"": ""8363 כדורים""}","{""מעבדה"": ""כן"", ""סוג הסם, כמות"": ""קנבוס: 110000 גרם"", ""עבירה"": ""ייצור"", ""עבירות נלוות כן/לא"": ""כן"", ""תפקיד"": ""בעל הסמים, בעל המעבדה"", ""תקופת הפעילות"": ""1.8.21 עד 23.3.22"", ""מיקום המעבדה"": ""דירה בעיר רחובות"", ""פרטי הציוד במעבדה"": ""מזגנים, מאווררים, אדניות, מנורות, שנאים, רפלקטורים, מפוחים, מסננים, בריכה"", ""סוג החיבור החשמלי"": ""חיבור פיראטי ללוח החשמל"", ""סוג הסם"": ""קנבוס"", ""כמות הסם המפוזר"": ""110 ק\""ג נטו"", ""מכירה לסוכן"": ""לא""}",20.0,"להלן הניתוח לפי הממדים השונים:

1. **סוג העבירה וחומרתה**: 
תיק 1 עוסק בהחזקה שלא לצריכה עצמית של MDMA, בעוד שתיק 2 עוסק בייצור קנבוס. שני התיקים עוסקים בעבירות סמים, אך סוג העבירה שונה (החזקה לעומת ייצור) וגם סוג הסם שונה (MDMA לעומת קנבוס). חומרת העבירה בשני המקרים גבוהה, אך יש הבדל מהותי בין החזקה לייצור.

2. **סוג הסם וכמותו**: 
תיק 1 כולל 8363 טבליות MDMA, ואילו תיק 2 כולל 110,000 גרם קנבוס. סוג הסם שונה (MDMA לעומת קנבוס), אך הכמות בשני התיקים גדולה. עם זאת, כמות הקנבוס בתיק 2 גדולה בהרבה.

3. **שיטת הביצוע (MO)**: 
בשני התיקים יש מעורבות עם צדדים נוספים, אך שיטות הביצוע שונות. בתיק 1 מדובר בהחזקה והעברה של סם, ואילו בתיק 2 מדובר בייצור במעבדה. אמצעי ההסתרה והביצוע שונים.

4. **נסיבות הליבה**: 
תיק 1 כולל החזקה שלא לצריכה עצמית, ואילו תיק 2 כולל ייצור במעבדה. נסיבות הליבה שונות מאוד, כאשר תיק 2 כולל גם עבירות נלוות.

5. **ישימות כתקדים**: 
בית המשפט יראה את שני התיקים כעבירות סמים חמורות, אך ההבדלים בסוג העבירה, סוג הסם ושיטת הביצוע מקטינים את הרלוונטיות של תיק אחד כתקדים לשני.

SIMILARITY_SCORE: 20","ok",""
"ME-18-02-5680-55","ME-15-11-31122-886",2,0,1,"{""מכירה לסוכן"": ""לא"", ""מעבדה"": ""לא"", ""סוג הסם, כמות"": ""MDMA: 8363 טבליות"", ""עבירה"": ""החזקה שלא לצריכה עצמית"", ""עבירות נלוות כן/לא"": ""לא"", ""תפקיד"": ""לא בעל הסמים"", ""תאריך העבירה"": ""7.1.18-12.1.18"", ""מיקום העבירה"": ""דימונה ושדרות"", ""שיטת הסתרה"": ""חבילה מוחבאת בתחתית מתקן חשמלי לחימום אוכל"", ""שיטת תשלום"": ""4000 שקלים"", ""מעורבות צדדים נוספים"": ""אלי והאחר"", ""שימוש בשם בדוי"": ""כן"", ""מספר רישוי של הרכב"": ""77-131-56"", ""סוג הרכב"": ""מזדה"", ""מקום איסוף הסם"": ""חנות סלקשיין בדימונה"", ""מקום העברת הסם"": ""פיצוציה בשדרות"", ""מקום מעצר הנאשם"": ""שדרות"", ""מקום מעצר אלי"": ""שדרות"", ""כמות הסם"": ""8363 כדורים""}","{""מכירה לסוכן"": ""לא"", ""מעבדה"": ""לא"", ""סוג הסם, כמות"": ""MDMA: 199.33 גרם"", ""עבירה"": ""החזקה שלא לצריכה עצמית"", ""עבירות נלוות כן/לא"": ""לא"", ""תפקיד"": ""בעל הסמים"", ""מיקום האירוע"": ""בית בבאר יעקב"", ""תאריך האירוע"": ""2.11.15"", ""התנהלות הנאשם בעת המעצר"": ""ניסה להשליך את הקופסה מהחלון"", ""שווי הסם"": ""60000 שקלים"", ""סוג הסם"": ""MDMA"", ""כמות הסם"": ""199.33 גרם"", ""מעורבות שוטרים"": ""כוח משטרתי ביצע מעצר וחיפוש בבית"", ""מיקום השוטרים בעת המעצר"": ""שני שוטרים הוצבו בחצר האחורית""}",60.0,"להלן הניתוח לפי הממדים השונים:

1. **סוג העבירה וחומרתה**: שני התיקים עוסקים בעבירת ""החזקה שלא לצריכה עצמית"" של סם מסוג MDMA, מה שמצביע על דמיון בסוג העבירה. חומרת העבירה בשני המקרים תלויה בכמות הסם ובנסיבות נוספות, אך העבירה היא אותה עבירה. 
2. **סוג הסם וכמותו**: שני התיקים כוללים MDMA, אך הכמויות שונות: 8363 טבליות (תיק 1) לעומת 199.33 גרם (תיק 2). ללא מידע על משקל הטבליות בתיק 1, קשה להשוות ישירות, אך מדובר בסדר גודל דומה של כמות גדולה.
3. **שיטת הביצוע (MO)**: בתיק 1, הסם הוחבא במתקן חשמלי והועבר ממקום למקום. בתיק 2, הנאשם ניסה להשליך את הקופסה מהחלון בעת המעצר. שיטות ההחזקה וההסתרה שונות.
4. **נסיבות הליבה**: בשני התיקים אין מעבדה או עבירות נלוות. הנסיבות שונות: בתיק 1 מדובר בהעברה ממקום למקום, ואילו בתיק 2 הסם נתפס בביתו של הנאשם.
5. **ישימות כתקדים**: הדמיון בעבירה (החזקה שלא לצריכה עצמית) ובסוג הסם (MDMA) עשוי להפוך את התיקים לרלוונטיים זה לזה, אך ההבדלים בכמות המדויקת, בשיטת הביצוע ובנסיבות מחייבים זהירות בהתייחסות.

SIMILARITY_SCORE: 60","ok",""
"ME-18-04-16826-842","ME-16-12-19902-389",3,1,1,"{""מכירה לסוכן"": ""לא"", ""מעבדה"": ""לא"", ""סוג הסם, כמות"": ""קוקאין: 7935 גרם"", ""עבירה"": ""יבוא/סחר"", ""עבירות נלוות כן/לא"": ""כן"", ""תפקיד"": ""לא בעל הסמים"", ""שיטת ההברחה"": ""מזוודה בבטן מטוס"", ""מיקום העבירה"": ""ברלין, גרמניה ונתב\""ג, ישראל"", ""שיטת תקשורת בין הנאשם לשותף"": ""WhatsApp"", ""זמן העבירה"": ""25.3.18 - 28.3.18"", ""שווי הסם"": ""2,777,250 ₪ - 4,761,000 ₪"", ""זהות המסר"": ""לא ידועה"", ""מקום קבלת הסם"": ""בקרבת בית מלון בברלין"", ""זמן קבלת הסם"": ""27.3.18 בשעה 17:00"", ""זמן נחיתה בישראל"": ""28.3.18 בשעה 2:00"", ""זמן העצירה"": ""28.3.18 בשעה 3:20""}","{""מכירה לסוכן"": ""לא"", ""מעבדה"": ""לא"", ""סוג הסם, כמות"": ""קוקאין: 6175.95 גרם"", ""עבירה"": ""יבוא/סחר, 19"", ""עבירות נלוות כן/לא"": ""לא"", ""תפקיד"": ""לא בעל הסמים"", ""מקור הסם"": ""חו\""ל"", ""מדינת המקור"": ""גרמניה"", ""שיטת הסתרה"": ""תחתית כפולה עשויה מעץ"", ""מספר חבילות"": ""7"", ""שווי הסם"": ""2.4 מיליון ₪"", ""סעיף העבירה"": ""סעיף 13 יחד עם סעיף 19א"", ""חוק העבירה"": ""פקודת הסמים המסוכנים [נוסח חדש], השתל\""ג – 1973""}",70.0,"להלן הניתוח של כל ממד:

1. **סוג העבירה וחומרתה**: שני התיקים עוסקים ביבוא/סחר בסמים מסוכנים, והעבירות נחשבות חמורות. סוג העבירה דומה, אך יש הבדל בסעיפי החוק הספציפיים המואשמים. 
2. **סוג הסם וכמותו**: בשני התיקים מדובר בקוקאין בכמויות גדולות מאוד. הכמות בתיק 1 היא 7935 גרם, ובתיק 2 - 6175.95 גרם. הכמויות דומות בסדר גודל, אך לא זהות.
3. **שיטת הביצוע (MO)**: בתיק 1 הוברח הסם במזוודה בבטן מטוס, ואילו בתיק 2 - בתחתית כפולה עשויה מעץ (כנראה במזוודה או במכולה, אך לא מפורט). אמצעי ההסתרה שונים.
4. **נסיבות הליבה**: בשני התיקים אין מעבדה, והנאשם אינו בעל הסמים. הנסיבות דומות בכך שמדובר ביבוא סמים מחו""ל, אך שונות בפרטי הביצוע.
5. **ישימות כתקדים**: בהתחשב בדמיון בסוג העבירה, סוג הסם והכמות, בית משפט עשוי לראות את שני התיקים כרלוונטיים זה לזה לצורכי ענישה, למרות ההבדלים בשיטת הביצוע.

SIMILARITY_SCORE: 70","ok",""
"ME-18-04-46786-521","ME-16-06-6788-21",2,0,1,"{""מכירה לסוכן"": ""לא"", ""מעבדה"": ""לא"", ""סוג הסם, כמות"": ""קנבוס: 0.9 גרם, MDMA: 31243 טבליות"", ""עבירה"": ""החזקה שלא לצריכה עצמית, יבוא/סחר, 19"", ""עבירות נלוות כן/לא"": ""כן"", ""תפקיד"": ""לא בעל הסמים"", ""שיטת הסתרת הסמים"": ""מזוודה בעלת תחתית כפולה"", ""שיטת תקשורת"": ""טלגרם מוצפן"", ""מקור הסמים"": ""אירופה"", ""שווי כולל של הסמים"": ""2499440"", ""מספר חבילות"": ""3"", ""סוג עבירה נוספת"": ""קשירת קשר לפשע"", ""מספר נאשמים מעורבים"": ""4"", ""סכום כספי מועבר"": ""8000"", ""סכום כספי מועבר לרכישת כרטיס טיסה"": ""2000"", ""סכום כספי צפוי לתשלום לנאשם"": ""60000"", ""מספר טיסות"": ""2"", ""מספר מלונות"": ""1"", ""מספר ערים בינלאומיות"": ""2"", ""מספר ימים בחו\""ל"": ""4"", ""מספר שיחות והודעות"": ""עשרות"", ""סוג כרטיס טיסה"": ""כרטיס אשראי נטען חד פעמי""}","{""מקור הסם"": ""הולנד"", ""שיטת השילוח"": ""דואר רשום"", ""מספר פעמים שהנאשמת פנתה לסניף הדואר"": ""3"", ""התקשרות עם שי במהלך קבלת החבילה"": ""כן"", ""הוראות משי"": ""הנחיות להעברת החבילה, הזהיר משוטרים, הנחיות לתגובה במקרה של עצירה"", ""מיקום העצירה"": ""ביציאה מסניף הדואר"", ""מכירה לסוכן"": ""לא"", ""מעבדה"": ""לא"", ""סוג הסם, כמות"": ""קוקאין: 2565 גרם"", ""עבירה"": ""יבוא/סחר, 19"", ""עבירות נלוות כן/לא"": ""כן"", ""תפקיד"": ""לא בעל הסמים""}",60.0,"1. **סוג העבירה וחומרתה** — שני התיקים עוסקים בעבירות סמים חמורות (סחר/יבוא) לפי סעיף 19, עם עבירות נלוות. חומרת העבירות דומה בשני התיקים.

2. **סוג הסם וכמותו** — תיק 1 כולל כמויות גדולות של MDMA (31243 טבליות) ושל קנבוס (0.9 גרם), בעוד תיק 2 כולל כמות גדולה של קוקאין (2565 גרם). שני הסמים (MDMA וקוקאין) נחשבים לסמים מסוכנים, אך שונים בסוגם. הכמויות בסדר גודל דומה.

3. **שיטת הביצוע (MO)** — תיק 1 כולל הברחת סמים באמצעות מזוודה בעלת תחתית כפולה, ותקשורת מוצפנת דרך טלגרם. תיק 2 כולל שילוח דואר רשום והנחיות מפורטות מקושר בשם ""שי"". שתי השיטות כוללות היבט של הברחה, אך שונות באופן ביצוען.

4. **נסיבות הליבה** — בשני התיקים אין מעבדה, והנאשמים לא היו בעלי הסמים. שני התיקים כוללים יבוא סמים ממדינות זרות (אירופה/הולנד). 

5. **ישימות כתקדים** — בית המשפט עשוי לראות את שני התיקים כרלוונטיים זה לזה בשל הדמיון בעבירות (סחר/יבוא לפי סעיף 19), חומרת העבירות, והעובדה ששניהם אינם בעלי הסמים. עם זאת, ההבדלים בסוג הסם ובשיטת הביצוע עשויים להשפיע על מידת הרלוונטיות.

SIMILARITY_SCORE: 60","ok",""
"ME-18-04-46786-521","ME-16-12-26620-433",1,0,0,"{""מכירה לסוכן"": ""לא"", ""מעבדה"": ""לא"", ""סוג הסם, כמות"": ""קנבוס: 0.9 גרם, MDMA: 31243 טבליות"", ""עבירה"": ""החזקה שלא לצריכה עצמית, יבוא/סחר, 19"", ""עבירות נלוות כן/לא"": ""כן"", ""תפקיד"": ""לא בעל הסמים"", ""שיטת הסתרת הסמים"": ""מזוודה בעלת תחתית כפולה"", ""שיטת תקשורת"": ""טלגרם מוצפן"", ""מקור הסמים"": ""אירופה"", ""שווי כולל של הסמים"": ""2499440"", ""מספר חבילות"": ""3"", ""סוג עבירה נוספת"": ""קשירת קשר לפשע"", ""מספר נאשמים מעורבים"": ""4"", ""סכום כספי מועבר"": ""8000"", ""סכום כספי מועבר לרכישת כרטיס טיסה"": ""2000"", ""סכום כספי צפוי לתשלום לנאשם"": ""60000"", ""מספר טיסות"": ""2"", ""מספר מלונות"": ""1"", ""מספר ערים בינלאומיות"": ""2"", ""מספר ימים בחו\""ל"": ""4"", ""מספר שיחות והודעות"": ""עשרות"", ""סוג כרטיס טיסה"": ""כרטיס אשראי נטען חד פעמי""}","{""מכירה לסוכן"": ""לא"", ""מעבדה"": ""לא"", ""סוג הסם, כמות"": ""MDMA: 1820 גרם, קוקאין: 888 גרם"", ""עבירה"": ""החזקה שלא לצריכה עצמית, יבוא/סחר, 19"", ""עבירות נלוות כן/לא"": ""לא"", ""תפקיד"": ""בעל הסמים"", ""מספר נאשמים"": 2, ""תאריך העבירה"": ""2.12.2016"", ""מיקום העבירה"": ""וינה, אוסטריה"", ""שיטת הברחה"": ""מזוודה עם דופן מוסתרת"", ""זהות המציע"": ""לא ידועה"", ""סכום התמורה המוצעת"": ""54000 ₪ לנאשם 1, 10000-25000 ₪ לנאשם 2"", ""אופן התשלום לטיסה"": ""כרטיס אשראי של נאשם 1"", ""מקום המפגש לקבלת הסם"": ""מלון בוינה"", ""תאריך המעצר"": ""5.12.2016"", ""מיקום המעצר"": ""שדה התעופה בישראל""}",60.0,"1. **סוג העבירה וחומרתה** — שני התיקים עוסקים בעבירות סמים חמורות הכוללות יבוא/סחר והחזקה שלא לצריכה עצמית לפי סעיף 19, מה שמצביע על חומרה דומה. עם זאת, קיימת עבירה נוספת של קשירת קשר לפשע בתיק 1, שאינה מופיעה בתיק 2. 
2. **סוג הסם וכמותו** — שני התיקים כוללים סמים מסוג MDMA, אך הכמויות שונות מאוד (31243 טבליות בתיק 1 לעומת 1820 גרם בתיק 2). כמו כן, סוגי הסמים הנוספים שונים (קנבוס בתיק 1 לעומת קוקאין בתיק 2).
3. **שיטת הביצוע (MO)** — שני התיקים כוללים הברחת סמים באמצעות מזוודה מוסתרת (תחתית כפולה/דופן מוסתרת), אך פרטי הביצוע שונים (למשל, מספר חבילות, מספר טיסות).
4. **נסיבות הליבה** — שני התיקים אינם כוללים מעבדה או ייצור סמים. הם כוללים היבוא והסחר בסמים, עם תכנון ונסיבות חמורות בשני המקרים.
5. **ישימות כתקדים** — בית משפט עשוי לראות את שני התיקים כרלוונטיים זה לזה בשל הדמיון בעבירות (יבוא/סחר והחזקה שלא לצריכה עצמית) ובחומרתן, אך ההבדלים בכמויות הסם, בסוגי הסם הנוסף ובנסיבות מסוימות עשויים להפחית מהרלוונטיות.

SIMILARITY_SCORE: 60","ok",""
"ME-18-08-58591-978","ME-16-06-6788-21",1,0,0,"{""מקום האירוע"": ""בית הנאשם 1"", ""תאריך האירוע"": ""13-15.8.18"", ""שיטת הכנת הסם"": ""ייבוש והמרה של נוזל לאבקה"", ""כלים להכנת הסם"": ""תנור ייבוש, תבניות זכוכית, צלחת, כף, כפית"", ""שווי הסם"": ""617,400 ₪"", ""מקור הסם"": ""רכישה מאדם שזהותו אינה ידועה"", ""התערבות נוספת"": ""הנאשם 3 סייע בהכנת הסם"", ""מכירה לסוכן"": ""לא"", ""מעבדה"": ""לא"", ""סוג הסם, כמות"": ""קוקאין: 1029.44 גרם"", ""עבירה"": ""החזקה שלא לצריכה עצמית"", ""עבירות נלוות כן/לא"": ""לא"", ""תפקיד"": ""בעל הסמים""}","{""מקור הסם"": ""הולנד"", ""שיטת השילוח"": ""דואר רשום"", ""מספר פעמים שהנאשמת פנתה לסניף הדואר"": ""3"", ""התקשרות עם שי במהלך קבלת החבילה"": ""כן"", ""הוראות משי"": ""הנחיות להעברת החבילה, הזהיר משוטרים, הנחיות לתגובה במקרה של עצירה"", ""מיקום העצירה"": ""ביציאה מסניף הדואר"", ""מכירה לסוכן"": ""לא"", ""מעבדה"": ""לא"", ""סוג הסם, כמות"": ""קוקאין: 2565 גרם"", ""עבירה"": ""יבוא/סחר, 19"", ""עבירות נלוות כן/לא"": ""כן"", ""תפקיד"": ""לא בעל הסמים""}",20.0,"להלן הניתוח לפי הממדים השונים:

1. **סוג העבירה וחומרתה**: שני התיקים עוסקים בעבירות סמים חמורות, אך סוג העבירה שונה - תיק 1 מתייחס להחזקה שלא לצריכה עצמית, בעוד שתיק 2 מתייחס ליבוא/סחר. חומרת העבירה ביבוא/סחר לרוב גבוהה יותר.

2. **סוג הסם וכמותו**: בשני התיקים מדובר בקוקאין, אך הכמות שונה - 1029.44 גרם בתיק 1 לעומת 2565 גרם בתיק 2. הכמות בתיק 2 גדולה יותר, אך שתיהן כמויות גדולות בסדר גודל דומה.

3. **שיטת הביצוע (MO)**: שיטת הביצוע שונה - תיק 1 כולל הכנת סם, בעוד שתיק 2 כולל יבוא דרך הדואר. אמצעי הביצוע שונים לחלוטין.

4. **נסיבות הליבה**: בשני התיקים אין מעבדה. בתיק 1 יש הכנת סם בבית הנאשם, ובתיק 2 יש יבוא והנחיות מקוונות. נסיבות הליבה שונות.

5. **ישימות כתקדים**: בהתחשב בהבדלים בסוג העבירה, שיטת הביצוע ונסיבות הליבה, סביר שיהיה קשה לבית המשפט לראות את שני התיקים כרלוונטיים זה לזה לצורכי ענישה.

SIMILARITY_SCORE: 20","ok",""
"ME-19-01-68942-383","ME-16-06-6788-21",3,1,1,"{""מכירה לסוכן"": ""לא"", ""מעבדה"": ""לא"", ""סוג הסם, כמות"": ""METHAMPHETAMINE: 1865 גרם"", ""עבירה"": ""יבוא/סחר, 19"", ""עבירות נלוות כן/לא"": ""כן"", ""תפקיד"": ""בעל הסמים"", ""מקור הסם"": ""מקסיקו"", ""שיטת ההברחה"": ""פסלונים בחבילת דואר"", ""כתובת למשלוח"": ""כתובת בית אמו של מיכאל"", ""מספר טלפון למשלוח"": ""מספר הטלפון של מיכאל"", ""תאריך ייבוא הסם"": ""21.12.18"", ""תאריך תפיסת הסם"": ""7.1.19"", ""שווי כולל של הסם בשוק"": ""466250000 ש\""ח"", ""קשר משפחתי בין הנאשם למיכאל"": ""קרובי משפחה""}","{""מקור הסם"": ""הולנד"", ""שיטת השילוח"": ""דואר רשום"", ""מספר פעמים שהנאשמת פנתה לסניף הדואר"": ""3"", ""התקשרות עם שי במהלך קבלת החבילה"": ""כן"", ""הוראות משי"": ""הנחיות להעברת החבילה, הזהיר משוטרים, הנחיות לתגובה במקרה של עצירה"", ""מיקום העצירה"": ""ביציאה מסניף הדואר"", ""מכירה לסוכן"": ""לא"", ""מעבדה"": ""לא"", ""סוג הסם, כמות"": ""קוקאין: 2565 גרם"", ""עבירה"": ""יבוא/סחר, 19"", ""עבירות נלוות כן/לא"": ""כן"", ""תפקיד"": ""לא בעל הסמים""}",75.0,"1. **סוג העבירה וחומרתה**: שני התיקים עוסקים בעבירות של יבוא/סחר בסמים, לפי סעיף 19, וכוללים עבירות נלוות. חומרת העבירה דומה בשני התיקים.

2. **סוג הסם וכמותו**: שני התיקים כוללים סמים מסוג שונה (מתאמפטמין וקוקאין), אך הכמויות דומות בסדר גודל (1865 גרם ו-2565 גרם). שני הסמים נחשבים לסמים מסוכנים ובעלי שווי שוק גבוה.

3. **שיטת הביצוע (MO)**: שני התיקים כוללים הברחה באמצעות דואר (חבילת דואר/דואר רשום), כאשר בשניהם היה שימוש בזהות שאינה שייכת לנאשם/ת. 

4. **נסיבות הליבה**: בשני התיקים לא מדובר במעבדה, והנאשמים לא היו בעלי הסמים (באחד התיקים הנאשם הוא בעל הסמים, ובשני לא). בשניהם היו הוראות/קשר עם אדם אחר (מיכאל/שי).

5. **ישימות כתקדים**: בהתחשב בדמיון בעבירה, בשיטת ההברחה ובנסיבות, בית משפט עשוי לראות את שני התיקים כרלוונטיים זה לזה לצורכי ענישה.

SIMILARITY_SCORE: 75","ok",""
"ME-19-01-68958-71","ME-16-06-6788-21",3,1,1,"{""מכירה לסוכן"": ""לא"", ""מעבדה"": ""לא"", ""סוג הסם, כמות"": ""METHAMPHETAMINE: 1865 גרם"", ""עבירה"": ""יבוא/סחר, 19"", ""עבירות נלוות כן/לא"": ""כן"", ""תפקיד"": ""לא בעל הסמים"", ""סוג פסלונים"": ""19 פסלונים"", ""מקור הסם"": ""מקסיקו"", ""שיטת השילוח"": ""משלוח דואר"", ""כתובת למשלוח"": ""כתובת בית אמו של הנאשם"", ""מחיר ק\""ג בישראל"": ""250,000 ₪"", ""תאריך יציאת החבילה ממקסיקו"": ""21.12.18"", ""תאריך נכנסת החבילה לישראל"": ""28.12.18"", ""תאריך תפיסת החבילה"": ""7.1.19"", ""קרוב משפחה מעורב"": ""עמרם""}","{""מקור הסם"": ""הולנד"", ""שיטת השילוח"": ""דואר רשום"", ""מספר פעמים שהנאשמת פנתה לסניף הדואר"": ""3"", ""התקשרות עם שי במהלך קבלת החבילה"": ""כן"", ""הוראות משי"": ""הנחיות להעברת החבילה, הזהיר משוטרים, הנחיות לתגובה במקרה של עצירה"", ""מיקום העצירה"": ""ביציאה מסניף הדואר"", ""מכירה לסוכן"": ""לא"", ""מעבדה"": ""לא"", ""סוג הסם, כמות"": ""קוקאין: 2565 גרם"", ""עבירה"": ""יבוא/סחר, 19"", ""עבירות נלוות כן/לא"": ""כן"", ""תפקיד"": ""לא בעל הסמים""}",80.0,"1. **סוג העבירה וחומרתה** — שני התיקים עוסקים בעבירות של יבוא/סחר בסמים בהיקף גדול לפי סעיף 19, וכוללים עבירות נלוות. חומרת העבירה בשני התיקים דומה.

2. **סוג הסם וכמותו** — שני התיקים כוללים סמים מסוכנים בכמויות גדולות (1865 גרם מתאמפטמין ו-2565 גרם קוקאין). אף כי סוג הסם שונה, הכמויות בסדר גודל דומה והסמים הם מסמים מסוכנים.

3. **שיטת הביצוע (MO)** — בשני התיקים נעשה שימוש בדואר (משלוח דואר/דואר רשום) לשם הברחת הסמים. 

4. **נסיבות הליבה** — בשני התיקים לא מדובר במעבדה, הנאשמים לא היו בעלי הסמים, והם היו מעורבים ביבוא/סחר. 

5. **ישימות כתקדים** — בית משפט עשוי לראות את שני התיקים כרלוונטיים זה לזה לצורכי ענישה בשל הדמיון בעבירות, בכמויות הסם הגדולות, ובשיטת הביצוע.

SIMILARITY_SCORE: 80","ok",""
"ME-19-02-45480-398","ME-17-03-30876-747",3,1,1,"{""מיקום המעבדה"": ""נתניה"", ""תאריך התחלת שכירות"": ""1.1.19"", ""עלות שכירות חודשית"": ""2600 שקלים"", ""תקופת הפעילות"": ""6.2.19 עד 9.2.19"", ""שיטות הפעלה"": ""איטום חלונות ופתחים, מתיחת חבלים לייבוש הסם, התקנת מפוח ומאוורר"", ""שווי הסם"": ""מאות אלפי שקלים"", ""מכירה לסוכן"": ""לא"", ""מעבדה"": ""כן"", ""סוג הסם, כמות"": ""קנבוס: 79900 גרם"", ""עבירה"": ""ייצור, החזקה שלא לצריכה עצמית"", ""עבירות נלוות כן/לא"": ""לא"", ""תפקיד"": ""בעל הסמים, בעל המעבדה""}","{""מכירה לסוכן"": ""לא"", ""מעבדה"": ""כן"", ""סוג הסם, כמות"": ""קנבוס: 140000 גרם"", ""עבירה"": ""ייצור, החזקה שלא לצריכה עצמית"", ""עבירות נלוות כן/לא"": ""כן"", ""תפקיד"": ""בעל הסמים, בעל המעבדה"", ""סוג הסם"": ""קנביס"", ""כמות הסם"": ""140 ק\""ג"", ""שווי הסם"": ""70,000 ₪ לקילוגרם"", ""סך שווי הסם"": ""9,800,000 ₪"", ""גניבת חשמל"": ""כן"", ""שווי גניבת החשמל"": ""42,578 ₪"", ""סוג העבירות"": ""קשירת קשר לפשע, ייצור סמים, החזקת סם מסוכן, גניבה בנסיבות מיוחדות, החזקת חצרים להכנת סמים"", ""מיקום המעבדה"": ""מתחם בן ארבעה דונמים"", ""מספר החדרים במעבדה"": ""7"", ""פרטי הציוד"": ""80 שנאים, 77 בתי מנורות, 77 נורות, 5 מפוחי אוויר, מייבש, 2 משאבות מים, מזגן מיני מרכזי, 1,246 שתילים של קנאביס, 59 שקים של חומרי גידול, חומרי דישון, חומרי הדברה, שעונים דיגיטאליים, מזמרה, משאבה חשמלית למים, טרמומטרים דיגיטאליים, חבילת צינור השקיה בטפטוף, מדחום, מזרקים גדולים, קנקן מדידה, מכשיר אלקטרוני עם אלקטרודות, מרסס נייד, אדניות לגידול"", ""שווי הציוד"": ""עשרות אלפי שקלים"", ""חיבור לא מוסדר לרשת החשמל"": ""כן""}",70.0,"1. **סוג העבירה וחומרתה**: שני התיקים עוסקים בעבירות של ייצור והחזקה של סמים שלא לצריכה עצמית, מה שמצביע על דמיון בסוג העבירה. חומרת העבירה בשני המקרים גבוהה בשל מעורבות בייצור סמים. עם זאת, תיק 2 כולל עבירות נלוות נוספות כמו קשירת קשר לפשע וגניבת חשמל, מה שיכול להעיד על חומרה גבוהה יותר.

2. **סוג הסם וכמותו**: בשני התיקים מדובר בקנבוס (קנאביס), מה שמצביע על דמיון בסוג הסם. הכמות בשני התיקים גדולה, אך יש הבדל משמעותי בכמות: 79.9 ק""ג בתיק 1 לעומת 140 ק""ג בתיק 2. למרות הבדל זה, סדר הגודל דומה.

3. **שיטת הביצוע (MO)**: שני התיקים כוללים הפעלת מעבדה לייצור סמים, מה שמצביע על דמיון בשיטת הביצוע. בתיק 1 מוזכרות שיטות כמו איטום חלונות, מתיחת חבלים לייבוש הסם והתקנת מפוח ומאוורר. בתיק 2 מתוארת מעבדה גדולה יותר עם ציוד נרחב כולל שנאים, בתי מנורות, מפוחי אוויר, וציוד לגידול. שני התיקים מראים תכנון ושימוש באמצעים דומים (כגון מפוחי אוויר) אך ההיקף והפרטים שונים.

4. **נסיבות הליבה**: שני התיקים כוללים מעבדה לייצור סמים, תכנון מראש, והחזקת כמויות גדולות של סם. בתיק 2 יש נסיבות מחמירות נוספות כמו גניבת חשמל והיקף גדול יותר של פעילות.

5. **ישימות כתקדים**: בית משפט עשוי לראות את שני התיקים כרלוונטיים זה לזה בשל הדמיון בעבירות (ייצור והחזקה של סמים), סוג הסם, ושיטת הביצוע הכוללת מעבדה. עם זאת, ההבדלים בכמות הסם, היקף הציוד, ונוכחות עבירות נלוות בתיק 2 עשויים להשפיע על מידת הדמיון.

SIMILARITY_SCORE: 70","ok",""
"ME-19-02-45480-398","ME-17-04-17677-800",3,1,1,"{""מיקום המעבדה"": ""נתניה"", ""תאריך התחלת שכירות"": ""1.1.19"", ""עלות שכירות חודשית"": ""2600 שקלים"", ""תקופת הפעילות"": ""6.2.19 עד 9.2.19"", ""שיטות הפעלה"": ""איטום חלונות ופתחים, מתיחת חבלים לייבוש הסם, התקנת מפוח ומאוורר"", ""שווי הסם"": ""מאות אלפי שקלים"", ""מכירה לסוכן"": ""לא"", ""מעבדה"": ""כן"", ""סוג הסם, כמות"": ""קנבוס: 79900 גרם"", ""עבירה"": ""ייצור, החזקה שלא לצריכה עצמית"", ""עבירות נלוות כן/לא"": ""לא"", ""תפקיד"": ""בעל הסמים, בעל המעבדה""}","{""משך זמן הפעילות"": ""מ-19.1.16 עד 4.4.17"", ""מיקום המעבדה"": ""בית בן 5 חדרים, ממ\""ד ומרתף"", ""עלות שכירות הבית"": ""6000 ₪ לחודש"", ""פרטי התשתית לגידול"": ""26 בתי מנורה ומנורות, 3 מדי טמפרטורה, 2 משקלים, מסור חשמלי, מברגה קונגו, דליים, סלים, צינורות מים, מכלי מים, טפטפות, מאווררים, מפזר חום, מד לחות, שואב אבק, שנאי חשמל"", ""כמות חשמל שנגנבה"": ""18,838 ₪"", ""סוגי עבירות"": ""יצור סם, גניבת חשמל"", ""סוג הסם במעבדה ביום המעצר"": ""עציצי ושתילי קנבוס בשלבי צמיחה שונים, עלי קנבוס מיובשים"", ""שווי הסם"": ""מליוני ₪"", ""מכירה לסוכן"": ""לא"", ""מעבדה"": ""כן"", ""סוג הסם, כמות"": ""קנבוס בשתילים: 72800 גרם"", ""עבירה"": ""ייצור"", ""עבירות נלוות כן/לא"": ""כן"", ""תפקיד"": ""בעל הסמים, בעל המעבדה""}",85.0,"להלן הניתוח הממצה של הדמיון בין שני התיקים הנ""ל:

1.  **סוג העבירה וחומרתה**: בשני התיקים מדובר בעבירות של ייצור והחזקה של סם מסוג קנבוס. חומרת העבירה בשני המקרים דומה, שכן מדובר בייצור סם מסוכן. הדבר מצביע על דמיון מהותי בין שני התיקים.
2.  **סוג הסם וכמותו**: בשני התיקים מדובר בקנבוס, כאשר הכמות דומה בסדר גודל (שניהם עשרות אלפי גרמים). הדבר מעיד על דמיון בין שני המקרים.
3.  **שיטת הביצוע (MO)**: בשני התיקים מדובר במעבדות לגידול קנבוס, עם שימוש באמצעים דומים כמו מאווררים והתקנות מיוחדות. הדבר מצביע על דפוס פעולה דומה.
4.  **נסיבות הליבה**: בשני המקרים מדובר במעבדה לגידול קנבוס, עם תשתית נרחבת. בשני המקרים הנאשם הוא בעל המעבדה והסמים. הדבר מעיד על דמיון בנסיבות הליבה של העבירות.
5.  **ישימות כתקדים**: בהתחשב בדמיון בין שני התיקים בסוג העבירה, שיטת הביצוע ונסיבות הליבה, סביר ששני התיקים יראו זה לזה כתקדים ענייני לצורכי ענישה.

SIMILARITY_SCORE: 85","ok",""
"ME-19-02-45480-398","ME-19-04-14578-148",3,1,1,"{""מיקום המעבדה"": ""נתניה"", ""תאריך התחלת שכירות"": ""1.1.19"", ""עלות שכירות חודשית"": ""2600 שקלים"", ""תקופת הפעילות"": ""6.2.19 עד 9.2.19"", ""שיטות הפעלה"": ""איטום חלונות ופתחים, מתיחת חבלים לייבוש הסם, התקנת מפוח ומאוורר"", ""שווי הסם"": ""מאות אלפי שקלים"", ""מכירה לסוכן"": ""לא"", ""מעבדה"": ""כן"", ""סוג הסם, כמות"": ""קנבוס: 79900 גרם"", ""עבירה"": ""ייצור, החזקה שלא לצריכה עצמית"", ""עבירות נלוות כן/לא"": ""לא"", ""תפקיד"": ""בעל הסמים, בעל המעבדה""}","{""מיקום המעבדה"": ""הוד השרון"", ""תקופת הפעילות"": ""מ-15.11.18 עד 27.3.19"", ""ציוד במעבדה"": ""נורות, מאווררים, מזגנים, שנאים, מסנני פחם, מדי טמפרטורה, דשנים, צינורות השקיה"", ""מכירה לסוכן"": ""לא"", ""מעבדה"": ""כן"", ""סוג הסם, כמות"": ""קנבוס בשתילים: 80000 גרם"", ""עבירה"": ""ייצור, החזקה שלא לצריכה עצמית"", ""עבירות נלוות כן/לא"": ""לא"", ""תפקיד"": ""בעל הסמים, בעל המעבדה""}",90.0,"1. **סוג העבירה וחומרתה**: שני התיקים עוסקים באותן עבירות - ייצור והחזקה שלא לצריכה עצמית של סמים מסוג קנבוס. חומרת העבירות דומה בשני התיקים, כיוון שמדובר באותו סוג עבירה.

2. **סוג הסם וכמותו**: שני התיקים כוללים קנבוס בכמויות דומות מאוד - 79,900 גרם ו-80,000 גרם. סדר הגודל זהה, והחומר הוא אותו סוג.

3. **שיטת הביצוע (MO)**: שני התיקים כוללים הפעלת מעבדה עם ציוד דומה (למשל, מאווררים, אמצעים לשליטה בסביבה). תיק 1 מפרט אמצעים כמו איטום חלונות, מתיחת חבלים לייבוש, והתקנת מפוח ומאוורר. תיק 2 מתאר ציוד כמו נורות, מאווררים, מזגנים, שנאים, ומסנני פחם. שני התיקים מראים דפוס פעולה דומה הכולל שימוש במעבדה לצורך ייצור הסם.

4. **נסיבות הליבה**: בשני התיקים מדובר במעבדה לייצור סם מסוג קנבוס, כאשר הנאשם הוא בעל המעבדה ובעל הסמים. שני התיקים אינם כוללים עבירות נלוות. תקופת הפעילות בשני התיקים היא של מספר חודשים.

5. **ישימות כתקדים**: בהינתן הדמיון הרב בין שני התיקים מבחינת סוג העבירה, כמות הסם, ושיטת הביצוע, סביר שדין בית המשפט יתייחס אליהם כרלוונטיים זה לזה לצורכי ענישה.

SIMILARITY_SCORE: 90","ok",""
"ME-19-04-14488-104","ME-19-04-14578-148",3,1,1,"{""מכירה לסוכן"": ""לא"", ""מעבדה"": ""כן"", ""סוג הסם, כמות"": ""קנבוס: 51150 גרם"", ""עבירה"": ""ייצור, החזקה שלא לצריכה עצמית"", ""עבירות נלוות כן/לא"": ""כן"", ""תפקיד"": ""בעל הסמים, בעל המעבדה"", ""תאריך התחלת הפעילות"": ""13.1.19"", ""תאריך סיום הפעילות"": ""27.3.19"", ""מיקום המעבדה"": ""פתח תקווה"", ""סוג הסם"": ""קנאביס"", ""שווי הסם"": ""663,000 ₪"", ""כמות הסם"": ""51.15 ק\""ג"", ""ציוד לגידול"": ""מדי לחות וטמפרטורה, משאבות מים, שנאים, מזגנים, אדניות, מפוחים, מנורות, מאווררים, דשנים, מיכל ריסוס חשמלי"", ""הפרת חוק חשמל"": ""נטילת חשמל ללא תשלום בשווי 14,283 ₪"", ""נשק בלתי חוקי"": ""אקדח חצי אוטומטי חסר נוקר""}","{""מיקום המעבדה"": ""הוד השרון"", ""תקופת הפעילות"": ""מ-15.11.18 עד 27.3.19"", ""ציוד במעבדה"": ""נורות, מאווררים, מזגנים, שנאים, מסנני פחם, מדי טמפרטורה, דשנים, צינורות השקיה"", ""מכירה לסוכן"": ""לא"", ""מעבדה"": ""כן"", ""סוג הסם, כמות"": ""קנבוס בשתילים: 80000 גרם"", ""עבירה"": ""ייצור, החזקה שלא לצריכה עצמית"", ""עבירות נלוות כן/לא"": ""לא"", ""תפקיד"": ""בעל הסמים, בעל המעבדה""}",70.0,"1. **סוג העבירה וחומרתה** — שני התיקים עוסקים בעבירות של ייצור והחזקה שלא לצריכה עצמית של סמים, ומהווים עבירות חמורות. סוג העבירה דומה, אך ישנו הבדל בנוגע לעבירות נלוות. תיק 1 כולל עבירות נלוות כמו החזקת נשק בלתי חוקי והפרת חוק החשמל, שלא מופיעות בתיק 2. חומרת העבירה בתיק 1 עשויה להיחשב גבוהה יותר בשל העבירות הנלוות.

2. **סוג הסם וכמותו** — שני התיקים עוסקים בקנאביס (קנבוס). הכמות בתיק 1 היא 51.15 ק""ג, ובתיק 2 - 80 ק""ג. סדר הגודל דומה, אך הכמות בתיק 2 גדולה בכ-56%. סוג הסם זהה, אך יש הבדל משמעותי בכמות.

3. **שיטת הביצוע (MO)** — שני התיקים כוללים הפעלת מעבדה לגידול קנבוס. הציוד המשמש בשני התיקים דומה (נורות, מאווררים, מזגנים, שנאים, מדי טמפרטורה, דשנים). הדמיון בשיטת הביצוע גבוה.

4. **נסיבות הליבה** — שני התיקים כוללים מעבדה, תכנון מראש, והחזקה שלא לצריכה עצמית. בתיק 1 קיימות נסיבות מחמירות כמו החזקת נשק והפרת חוק החשמל, שאינן קיימות בתיק 2. 

5. **ישימות כתקדים** — בית המשפט עשוי לראות את שני התיקים כרלוונטיים זה לזה בשל הדמיון בסוג העבירה, סוג הסם ושיטת הביצוע. עם זאת, ההבדלים בכמות הסם והעבירות הנלוות בתיק 1 עשויים להשפיע על מידת הדמיון.

SIMILARITY_SCORE: 70","ok",""
"ME-19-04-14488-104","ME-21-03-10139-230",1,0,0,"{""מכירה לסוכן"": ""לא"", ""מעבדה"": ""כן"", ""סוג הסם, כמות"": ""קנבוס: 51150 גרם"", ""עבירה"": ""ייצור, החזקה שלא לצריכה עצמית"", ""עבירות נלוות כן/לא"": ""כן"", ""תפקיד"": ""בעל הסמים, בעל המעבדה"", ""תאריך התחלת הפעילות"": ""13.1.19"", ""תאריך סיום הפעילות"": ""27.3.19"", ""מיקום המעבדה"": ""פתח תקווה"", ""סוג הסם"": ""קנאביס"", ""שווי הסם"": ""663,000 ₪"", ""כמות הסם"": ""51.15 ק\""ג"", ""ציוד לגידול"": ""מדי לחות וטמפרטורה, משאבות מים, שנאים, מזגנים, אדניות, מפוחים, מנורות, מאווררים, דשנים, מיכל ריסוס חשמלי"", ""הפרת חוק חשמל"": ""נטילת חשמל ללא תשלום בשווי 14,283 ₪"", ""נשק בלתי חוקי"": ""אקדח חצי אוטומטי חסר נוקר""}","{""מכירה לסוכן"": ""כן"", ""מעבדה"": ""לא"", ""סוג הסם, כמות"": ""קוקאין: 71.52 גרם"", ""עבירה"": ""יבוא/סחר, 19"", ""עבירות נלוות כן/לא"": ""לא"", ""תפקיד"": ""בעל הסמים"", ""מספר עבירות"": 4, ""מחיר לגרם"": ""360 ₪"", ""מקומות העבירה"": ""צומת האלה, תחנת הדלק, כניסה למושב זכריה, תחנת אוטובוס קרובה לבית נאשם 2"", ""שיטת העברה"": ""מסירה יד ביד"", ""השתתפות קטין"": ""כן"", ""מקום מגורי הנאשם"": ""רח' ביאליק, בית שמש"", ""מקום מגורי נאשם 2"": ""רח' הרימון, מושב זכריה"", ""זמן העבירה הראשונה"": ""21.9.20"", ""זמן העבירה האחרונה"": ""15.12.20"", ""כלי תחבורה"": ""קטנוע"", ""סוג הסם"": ""קוקאין""}",20.0,"1. **סוג העבירה וחומרתה**: שני התיקים עוסקים בעבירות סמים, אך סוג העבירה שונה - תיק 1 מתייחס לייצור והחזקה שלא לצריכה עצמית של קנאביס, בעוד תיק 2 עוסק ביבוא/סחר בקוקאין. חומרת העבירות דומה משום ששתיהן נחשבות לעבירות סמים חמורות, אך סוג הסם והעבירה שונים.

2. **סוג הסם וכמותו**: סוג הסם שונה - קנאביס בתיק 1 וקוקאין בתיק 2. כמות הסם בתיק 1 (51.15 ק""ג) גדולה בהרבה מזו שבתיק 2 (71.52 גרם). ההבדל בכמות הוא משמעותי (בפקטור של כ-715).

3. **שיטת הביצוע (MO)**: שיטת הביצוע שונה - תיק 1 כולל ייצור במעבדה, בעוד תיק 2 כולל מכירה/סחר יד ביד באמצעות קטנוע. אין דפוס או אמצעים דומים.

4. **נסיבות הליבה**: נסיבות הליבה שונות - תיק 1 כולל מעבדה וציוד לגידול, עם עבירות נלוות (הפרת חוק חשמל ונשק בלתי חוקי), בעוד תיק 2 מתמקד במכירה/סחר ללא מעבדה, אך עם השתתפות קטין.

5. **ישימות כתקדים**: בהתחשב בהבדלים בסוג הסם, כמותו, שיטת הביצוע ונסיבות הליבה, סביר שבית משפט לא יראה את שני התיקים כדומים מספיק כדי שישמשו כתקדים זה לזה לצורכי ענישה.

SIMILARITY_SCORE: 20","ok",""
"ME-19-04-14488-104","ME-14-01-16958-980",3,1,1,"{""מכירה לסוכן"": ""לא"", ""מעבדה"": ""כן"", ""סוג הסם, כמות"": ""קנבוס: 51150 גרם"", ""עבירה"": ""ייצור, החזקה שלא לצריכה עצמית"", ""עבירות נלוות כן/לא"": ""כן"", ""תפקיד"": ""בעל הסמים, בעל המעבדה"", ""תאריך התחלת הפעילות"": ""13.1.19"", ""תאריך סיום הפעילות"": ""27.3.19"", ""מיקום המעבדה"": ""פתח תקווה"", ""סוג הסם"": ""קנאביס"", ""שווי הסם"": ""663,000 ₪"", ""כמות הסם"": ""51.15 ק\""ג"", ""ציוד לגידול"": ""מדי לחות וטמפרטורה, משאבות מים, שנאים, מזגנים, אדניות, מפוחים, מנורות, מאווררים, דשנים, מיכל ריסוס חשמלי"", ""הפרת חוק חשמל"": ""נטילת חשמל ללא תשלום בשווי 14,283 ₪"", ""נשק בלתי חוקי"": ""אקדח חצי אוטומטי חסר נוקר""}","{""מיקום המעבדה"": ""קרית ים, אזור התעשייה"", ""ציוד נוסף במעבדה"": ""חומרי דישון, משקלים אלקטרוניים, מדי טמפרטורה, מערכת תאורה, גופי חימום"", ""מכירה לסוכן"": ""לא"", ""מעבדה"": ""כן"", ""סוג הסם, כמות"": ""קנבוס בשתילים: 60000 גרם"", ""עבירה"": ""ייצור, החזקה שלא לצריכה עצמית"", ""עבירות נלוות כן/לא"": ""לא"", ""תפקיד"": ""בעל הסמים, בעל המעבדה""}",70.0,"1. **סוג העבירה וחומרתה**: שני התיקים עוסקים בעבירות של ייצור והחזקה שלא לצריכה עצמית של סמים מסוג קנאביס, דבר המעיד על דמיון בסוג העבירה. חומרת העבירה דומה בשני המקרים, אך בתיק 1 קיימות עבירות נלוות (כולל החזקת נשק בלתי חוקי) שלא מופיעות בתיק 2, מה שעשוי להשפיע על חומרת הענישה. 
2. **סוג הסם וכמותו**: שני התיקים כוללים סם מסוג קנאביס בכמויות דומות מאוד (51.15 ק""ג בתיק 1 ו-60 ק""ג בתיק 2), דבר המעיד על דמיון רב.
3. **שיטת הביצוע (MO)**: שני התיקים כוללים הפעלת מעבדה לגידול קנאביס, עם ציוד דומה (מדי טמפרטורה, תאורה מיוחדת, ציוד לגידול). הדבר מעיד על דמיון בשיטת הביצוע.
4. **נסיבות הליבה**: שני התיקים כוללים מעבדה וגידול קנאביס, אך בתיק 1 קיימות נסיבות מחמירות נוספות כמו החזקת נשק בלתי חוקי והפרת חוק החשמל שלא קיימות בתיק 2.
5. **ישימות כתקדים**: בית המשפט עשוי לראות את שני התיקים כרלוונטיים זה לזה מבחינת עבירת ייצור והחזקה של קנאביס, אך יצטרך להתחשב בהבדלים בנוגע לעבירות הנלוות.

SIMILARITY_SCORE: 70","ok",""
"ME-19-04-14578-148","ME-17-03-30876-747",3,1,1,"{""מיקום המעבדה"": ""הוד השרון"", ""תקופת הפעילות"": ""מ-15.11.18 עד 27.3.19"", ""ציוד במעבדה"": ""נורות, מאווררים, מזגנים, שנאים, מסנני פחם, מדי טמפרטורה, דשנים, צינורות השקיה"", ""מכירה לסוכן"": ""לא"", ""מעבדה"": ""כן"", ""סוג הסם, כמות"": ""קנבוס בשתילים: 80000 גרם"", ""עבירה"": ""ייצור, החזקה שלא לצריכה עצמית"", ""עבירות נלוות כן/לא"": ""לא"", ""תפקיד"": ""בעל הסמים, בעל המעבדה""}","{""מכירה לסוכן"": ""לא"", ""מעבדה"": ""כן"", ""סוג הסם, כמות"": ""קנבוס: 140000 גרם"", ""עבירה"": ""ייצור, החזקה שלא לצריכה עצמית"", ""עבירות נלוות כן/לא"": ""כן"", ""תפקיד"": ""בעל הסמים, בעל המעבדה"", ""סוג הסם"": ""קנביס"", ""כמות הסם"": ""140 ק\""ג"", ""שווי הסם"": ""70,000 ₪ לקילוגרם"", ""סך שווי הסם"": ""9,800,000 ₪"", ""גניבת חשמל"": ""כן"", ""שווי גניבת החשמל"": ""42,578 ₪"", ""סוג העבירות"": ""קשירת קשר לפשע, ייצור סמים, החזקת סם מסוכן, גניבה בנסיבות מיוחדות, החזקת חצרים להכנת סמים"", ""מיקום המעבדה"": ""מתחם בן ארבעה דונמים"", ""מספר החדרים במעבדה"": ""7"", ""פרטי הציוד"": ""80 שנאים, 77 בתי מנורות, 77 נורות, 5 מפוחי אוויר, מייבש, 2 משאבות מים, מזגן מיני מרכזי, 1,246 שתילים של קנאביס, 59 שקים של חומרי גידול, חומרי דישון, חומרי הדברה, שעונים דיגיטאליים, מזמרה, משאבה חשמלית למים, טרמומטרים דיגיטאליים, חבילת צינור השקיה בטפטוף, מדחום, מזרקים גדולים, קנקן מדידה, מכשיר אלקטרוני עם אלקטרודות, מרסס נייד, אדניות לגידול"", ""שווי הציוד"": ""עשרות אלפי שקלים"", ""חיבור לא מוסדר לרשת החשמל"": ""כן""}",70.0,"1. **סוג העבירה וחומרתה**: שני התיקים עוסקים בעבירות של ייצור והחזקה שלא לצריכה עצמית של סמים מסוכנים. סוג העבירה דומה, אך בתיק 2 ישנן עבירות נלוות נוספות כמו קשירת קשר לפשע וגניבה בנסיבות מיוחדות, מה שמעיד על חומרה גבוהה יותר. 
2. **סוג הסם וכמותו**: בשני התיקים מדובר בקנבוס, אך הכמות בתיק 2 (140 ק""ג) גדולה מזו שבתיק 1 (80 ק""ג). סדר הגודל דומה, אך הכמות בתיק 2 כמעט כפולה.
3. **שיטת הביצוע (MO)**: שני התיקים כוללים הפעלת מעבדה לגידול קנבוס עם ציוד דומה (נורות, מאווררים, מזגנים, שנאים וכו'). הדמיון בשיטת הביצוע גבוה.
4. **נסיבות הליבה**: שני התיקים כוללים מעבדה, תכנון וציוד נרחב. בתיק 2 יש נסיבות מחמירות כמו גניבת חשמל ועבירות נלוות, שלא קיימות בתיק 1.
5. **ישימות כתקדים**: בית המשפט עשוי לראות את שני התיקים כרלוונטיים זה לזה בשל הדמיון בעבירות העיקריות (ייצור והחזקה של קנבוס) ושיטת הביצוע. עם זאת, הנסיבות המחמירות והכמות הגדולה יותר בתיק 2 עשויות להפחית מהרלוונטיות.

SIMILARITY_SCORE: 70","ok",""
"ME-19-04-14578-148","ME-17-04-17677-800",3,1,1,"{""מיקום המעבדה"": ""הוד השרון"", ""תקופת הפעילות"": ""מ-15.11.18 עד 27.3.19"", ""ציוד במעבדה"": ""נורות, מאווררים, מזגנים, שנאים, מסנני פחם, מדי טמפרטורה, דשנים, צינורות השקיה"", ""מכירה לסוכן"": ""לא"", ""מעבדה"": ""כן"", ""סוג הסם, כמות"": ""קנבוס בשתילים: 80000 גרם"", ""עבירה"": ""ייצור, החזקה שלא לצריכה עצמית"", ""עבירות נלוות כן/לא"": ""לא"", ""תפקיד"": ""בעל הסמים, בעל המעבדה""}","{""משך זמן הפעילות"": ""מ-19.1.16 עד 4.4.17"", ""מיקום המעבדה"": ""בית בן 5 חדרים, ממ\""ד ומרתף"", ""עלות שכירות הבית"": ""6000 ₪ לחודש"", ""פרטי התשתית לגידול"": ""26 בתי מנורה ומנורות, 3 מדי טמפרטורה, 2 משקלים, מסור חשמלי, מברגה קונגו, דליים, סלים, צינורות מים, מכלי מים, טפטפות, מאווררים, מפזר חום, מד לחות, שואב אבק, שנאי חשמל"", ""כמות חשמל שנגנבה"": ""18,838 ₪"", ""סוגי עבירות"": ""יצור סם, גניבת חשמל"", ""סוג הסם במעבדה ביום המעצר"": ""עציצי ושתילי קנבוס בשלבי צמיחה שונים, עלי קנבוס מיובשים"", ""שווי הסם"": ""מליוני ₪"", ""מכירה לסוכן"": ""לא"", ""מעבדה"": ""כן"", ""סוג הסם, כמות"": ""קנבוס בשתילים: 72800 גרם"", ""עבירה"": ""ייצור"", ""עבירות נלוות כן/לא"": ""כן"", ""תפקיד"": ""בעל הסמים, בעל המעבדה""}",85.0,"1. **סוג העבירה וחומרתה** — שני התיקים עוסקים בעבירות של ייצור סם מסוכן (קנבוס), כאשר בשני המקרים מדובר בעבירה חמורה. תיק 1 כולל גם החזקה שלא לצריכה עצמית, בעוד שתיק 2 כולל בנוסף גניבת חשמל. הדמיון קיים בעבירת הייצור, אך יש הבדל בעבירות הנלוות.

2. **סוג הסם וכמותו** — בשני התיקים מדובר בקנבוס, כאשר הכמות דומה בסדר גודל (80,000 גרם ב-תיק 1 ו-72,800 גרם ב-תיק 2). הדבר מצביע על דמיון משמעותי.

3. **שיטת הביצוע (MO)** — שני התיקים כוללים הפעלת מעבדה לגידול קנבוס עם ציוד דומה (נורות, מאווררים, מדי טמפרטורה, ציוד להשקיה). הדבר מעיד על דפוס פעולה דומה.

4. **נסיבות הליבה** — בשני התיקים מדובר במעבדה עם תכנון וציוד מתאים, ללא מכירה לסוכן. ב-תיק 2 ישנה עבירת גניבת חשמל נוספת, אך עיקר העבירה דומה.

5. **ישימות כתקדים** — בית משפט סביר יראה את שני התיקים כרלוונטיים זה לזה לצורכי ענישה בשל הדמיון בעבירת ייצור הסם והיקף הפעילות.

SIMILARITY_SCORE: 85","ok",""
"ME-19-07-4435-107","ME-14-01-16958-980",3,1,1,"{""מכירה לסוכן"": ""לא"", ""מעבדה"": ""כן"", ""סוג הסם, כמות"": ""קנבוס: 54000 גרם"", ""עבירה"": ""ייצור, החזקה שלא לצריכה עצמית"", ""עבירות נלוות כן/לא"": ""כן"", ""תפקיד"": ""בעל הסמים, בעל המעבדה"", ""תקופת הפעילות"": ""1.1.19-23.6.19"", ""מיקום המעבדה"": ""יהוד"", ""שכר דירה"": ""11,000 ₪ לחודש"", ""פרטי הציוד במעבדה"": ""אדניות, מסננים, מאיידים, מנועים, מנורות, שנאים, משאבת מים"", ""סך הכל חשמל נגנב"": ""36,818 ש\""ח""}","{""מיקום המעבדה"": ""קרית ים, אזור התעשייה"", ""ציוד נוסף במעבדה"": ""חומרי דישון, משקלים אלקטרוניים, מדי טמפרטורה, מערכת תאורה, גופי חימום"", ""מכירה לסוכן"": ""לא"", ""מעבדה"": ""כן"", ""סוג הסם, כמות"": ""קנבוס בשתילים: 60000 גרם"", ""עבירה"": ""ייצור, החזקה שלא לצריכה עצמית"", ""עבירות נלוות כן/לא"": ""לא"", ""תפקיד"": ""בעל הסמים, בעל המעבדה""}",85.0,"1. **סוג העבירה וחומרתה**: שני התיקים עוסקים בעבירות של ייצור והחזקה שלא לצריכה עצמית של סמים, ומהווים עבירות חמורות בדין הפלילי. סוג העבירה זהה בשני התיקים, אך חומרת העבירה עשויה להשתנות בהתאם לנסיבות נוספות. 
2. **סוג הסם וכמותו**: בשני התיקים מדובר בקנבוס בכמויות גדולות (54 ק""ג ו-60 ק""ג). סוג הסם זהה, וכמויות הסם דומות בסדר גודל.
3. **שיטת הביצוע (MO)**: שני התיקים כוללים הפעלת מעבדה לגידול קנבוס, עם ציוד דומה (למשל, מערכות תאורה, ציוד לגידול). הדמיון בשיטת הביצוע מצביע על דפוס פעולה דומה.
4. **נסיבות הליבה**: שני התיקים כוללים מעבדה, תכנון מראש (ניתן להסיק מהציוד והכמויות), והחזקה שלא לצריכה עצמית. בשניהם הנאשם הוא בעל הסמים ובעל המעבדה. 
5. **ישימות כתקדים**: בהינתן הדמיון בסוג העבירה, סוג הסם וכמותו, ושיטת הביצוע, בית משפט עשוי לראות את שני התיקים כרלוונטיים זה לזה לצורכי ענישה, במיוחד בהקשר של עבירות סמים חמורות הכוללות ייצור והחזקה בכמויות גדולות.

SIMILARITY_SCORE: 85","ok",""
"ME-19-07-4435-107","ME-19-04-14488-104",3,1,1,"{""מכירה לסוכן"": ""לא"", ""מעבדה"": ""כן"", ""סוג הסם, כמות"": ""קנבוס: 54000 גרם"", ""עבירה"": ""ייצור, החזקה שלא לצריכה עצמית"", ""עבירות נלוות כן/לא"": ""כן"", ""תפקיד"": ""בעל הסמים, בעל המעבדה"", ""תקופת הפעילות"": ""1.1.19-23.6.19"", ""מיקום המעבדה"": ""יהוד"", ""שכר דירה"": ""11,000 ₪ לחודש"", ""פרטי הציוד במעבדה"": ""אדניות, מסננים, מאיידים, מנועים, מנורות, שנאים, משאבת מים"", ""סך הכל חשמל נגנב"": ""36,818 ש\""ח""}","{""מכירה לסוכן"": ""לא"", ""מעבדה"": ""כן"", ""סוג הסם, כמות"": ""קנבוס: 51150 גרם"", ""עבירה"": ""ייצור, החזקה שלא לצריכה עצמית"", ""עבירות נלוות כן/לא"": ""כן"", ""תפקיד"": ""בעל הסמים, בעל המעבדה"", ""תאריך התחלת הפעילות"": ""13.1.19"", ""תאריך סיום הפעילות"": ""27.3.19"", ""מיקום המעבדה"": ""פתח תקווה"", ""סוג הסם"": ""קנאביס"", ""שווי הסם"": ""663,000 ₪"", ""כמות הסם"": ""51.15 ק\""ג"", ""ציוד לגידול"": ""מדי לחות וטמפרטורה, משאבות מים, שנאים, מזגנים, אדניות, מפוחים, מנורות, מאווררים, דשנים, מיכל ריסוס חשמלי"", ""הפרת חוק חשמל"": ""נטילת חשמל ללא תשלום בשווי 14,283 ₪"", ""נשק בלתי חוקי"": ""אקדח חצי אוטומטי חסר נוקר""}",80.0,"1. **סוג העבירה וחומרתה** — שני התיקים עוסקים בעבירות של ייצור והחזקה שלא לצריכה עצמית של סמים מסוג קנבוס, וכן בעבירות נלוות. חומרת העבירות דומה בשני התיקים, אך בתיק 2 קיימת עבירה נוספת של החזקת נשק בלתי חוקי, שלא מופיעה בתיק 1.

2. **סוג הסם וכמותו** — שני התיקים כוללים סם מסוג קנבוס בכמויות דומות מאוד (54 ק""ג בתיק 1 ו-51.15 ק""ג בתיק 2), כך שסדר הגודל דומה.

3. **שיטת הביצוע (MO)** — שני התיקים כוללים הפעלת מעבדה לגידול קנבוס עם ציוד דומה (אדניות, מנורות, שנאים, משאבות מים וכו'). הדמיון בשיטת הביצוע גבוה.

4. **נסיבות הליבה** — שני התיקים כוללים מעבדה, תכנון מראש (מעבדה מושכרת עם ציוד מתאים), והפרת חוק החשמל (גניבת חשמל). הנסיבות דומות, למעט העובדה שבתיק 2 נמצא גם נשק בלתי חוקי.

5. **ישימות כתקדים** — בית המשפט עשוי לראות את שני התיקים כרלוונטיים זה לזה לצורכי ענישה בשל הדמיון בעבירות העיקריות (ייצור והחזקה של קנבוס) ושיטת הביצוע. עם זאת, נוכחות הנשק בתיק 2 עשויה להשפיע על חומרת הענישה וליצור הבדל מסוים.

SIMILARITY_SCORE: 80","ok",""
"ME-21-03-10139-230","ME-15-09-24514-351",1,0,0,"{""מכירה לסוכן"": ""כן"", ""מעבדה"": ""לא"", ""סוג הסם, כמות"": ""קוקאין: 71.52 גרם"", ""עבירה"": ""יבוא/סחר, 19"", ""עבירות נלוות כן/לא"": ""לא"", ""תפקיד"": ""בעל הסמים"", ""מספר עבירות"": 4, ""מחיר לגרם"": ""360 ₪"", ""מקומות העבירה"": ""צומת האלה, תחנת הדלק, כניסה למושב זכריה, תחנת אוטובוס קרובה לבית נאשם 2"", ""שיטת העברה"": ""מסירה יד ביד"", ""השתתפות קטין"": ""כן"", ""מקום מגורי הנאשם"": ""רח' ביאליק, בית שמש"", ""מקום מגורי נאשם 2"": ""רח' הרימון, מושב זכריה"", ""זמן העבירה הראשונה"": ""21.9.20"", ""זמן העבירה האחרונה"": ""15.12.20"", ""כלי תחבורה"": ""קטנוע"", ""סוג הסם"": ""קוקאין""}","{""מכירה לסוכן"": ""לא"", ""מעבדה"": ""לא"", ""סוג הסם, כמות"": ""קנבוס: 117 גרם, MDMA: 902.49 גרם, קוקאין: 0.85 גרם"", ""עבירה"": ""החזקה שלא לצריכה עצמית"", ""עבירות נלוות כן/לא"": ""לא"", ""תפקיד"": ""בעל הסמים"", ""מיקום הסמים"": ""בדירתו בתל אביב"", ""מקומות החזקה בדירה"": ""ארונית המרפסת, שולחן בחדרו, קופסא בחדרו, בובה על הטלויזיה"", ""סוגי סמים נוספים"": ""קוקאין"", ""סעיף העבירה"": ""סעיף 7(א) + (ג) רישא לפקודת הסמים המסוכנים, התשל\""ג – 1973"", ""תאריך העבירה"": ""01.09.15""}",20.0,"1. **סוג העבירה וחומרתה**: שני התיקים עוסקים בעבירות סמים, אך סוג העבירה שונה - תיק 1 עוסק ביבוא/סחר בסמים, בעוד שתיק 2 עוסק בהחזקה שלא לצריכה עצמית. חומרת העבירה ביבוא/סחר (תיק 1) לרוב גבוהה יותר מאשר החזקה שלא לצריכה (תיק 2).

2. **סוג הסם וכמותו**: שני התיקים כוללים קוקאין, אך הכמות משתנה באופן משמעותי - 71.52 גרם בתיק 1 לעומת 0.85 גרם בתיק 2. תיק 2 כולל כמויות גדולות יותר של סמים אחרים (קנבוס ו-MDMA). סוג הסם דומה אך הכמויות שונות.

3. **שיטת הביצוע (MO)**: שיטת הביצוע שונה - תיק 1 כולל מסירה יד ביד באמצעות קטנוע, בעוד שתיק 2 עוסק בהחזקה בדירה ללא מכירה. אין דפוס או אמצעים דומים.

4. **נסיבות הליבה**: בשני התיקים אין מעבדה, אך הנסיבות שונות - תיק 1 כולל מכירה לסוכן והשתתפות קטין, בעוד שתיק 2 הוא החזקה פשוטה בדירה. נסיבות מחמירות בתיק 1 (השתתפות קטין) שלא קיימות בתיק 2.

5. **ישימות כתקדים**: בהינתן ההבדלים בסוג העבירה, שיטת הביצוע ונסיבות הליבה, ייתכן שבית המשפט לא יראה את שני התיקים כרלוונטיים זה לזה לצורכי ענישה, בשל הפערים בחומרת העבירה ונסיבותיה.

SIMILARITY_SCORE: 20","ok",""
"ME-21-03-10139-230","ME-16-06-6788-21",1,0,0,"{""מכירה לסוכן"": ""כן"", ""מעבדה"": ""לא"", ""סוג הסם, כמות"": ""קוקאין: 71.52 גרם"", ""עבירה"": ""יבוא/סחר, 19"", ""עבירות נלוות כן/לא"": ""לא"", ""תפקיד"": ""בעל הסמים"", ""מספר עבירות"": 4, ""מחיר לגרם"": ""360 ₪"", ""מקומות העבירה"": ""צומת האלה, תחנת הדלק, כניסה למושב זכריה, תחנת אוטובוס קרובה לבית נאשם 2"", ""שיטת העברה"": ""מסירה יד ביד"", ""השתתפות קטין"": ""כן"", ""מקום מגורי הנאשם"": ""רח' ביאליק, בית שמש"", ""מקום מגורי נאשם 2"": ""רח' הרימון, מושב זכריה"", ""זמן העבירה הראשונה"": ""21.9.20"", ""זמן העבירה האחרונה"": ""15.12.20"", ""כלי תחבורה"": ""קטנוע"", ""סוג הסם"": ""קוקאין""}","{""מקור הסם"": ""הולנד"", ""שיטת השילוח"": ""דואר רשום"", ""מספר פעמים שהנאשמת פנתה לסניף הדואר"": ""3"", ""התקשרות עם שי במהלך קבלת החבילה"": ""כן"", ""הוראות משי"": ""הנחיות להעברת החבילה, הזהיר משוטרים, הנחיות לתגובה במקרה של עצירה"", ""מיקום העצירה"": ""ביציאה מסניף הדואר"", ""מכירה לסוכן"": ""לא"", ""מעבדה"": ""לא"", ""סוג הסם, כמות"": ""קוקאין: 2565 גרם"", ""עבירה"": ""יבוא/סחר, 19"", ""עבירות נלוות כן/לא"": ""כן"", ""תפקיד"": ""לא בעל הסמים""}",30.0,"1. **סוג העבירה וחומרתה**: שני התיקים עוסקים בעבירות של יבוא/סחר בסמים, לפי סעיף 19, מה שמצביע על דמיון בסוג העבירה. עם זאת, חומרת העבירה עשויה להשתנות בשל הבדלים בכמות הסם ובנסיבות אחרות. 
2. **סוג הסם וכמותו**: שני התיקים כוללים קוקאין, אך יש הבדל משמעותי בכמות: 71.52 גרם בתיק 1 לעומת 2565 גרם בתיק 2. הכמות בתיק 2 גדולה בהרבה, מה שיכול להשפיע על חומרת העבירה.
3. **שיטת הביצוע (MO)**: שיטת הביצוע שונה בין שני התיקים. בתיק 1 מדובר במסירה יד ביד, ואילו בתיק 2 הסם נשלח בדואר רשום. 
4. **נסיבות הליבה**: בתיק 1, הנאשם היה מעורב במכירה לסוכן והשתתפות קטין, ואילו בתיק 2 הנאשמת לא הייתה בעלת הסם וקיבלה חבילה בדואר. הנסיבות שונות.
5. **ישימות כתקדים**: בהתחשב בהבדלים בכמות הסם, בשיטת הביצוע, ובנסיבות הליבה, ייתכן שבית המשפט לא יראה את שני התיקים כדומים מספיק כדי שישמשו כתקדים זה לזה.

SIMILARITY_SCORE: 30","ok",""
"ME-21-03-10139-230","ME-16-07-11608-225",1,0,0,"{""מכירה לסוכן"": ""כן"", ""מעבדה"": ""לא"", ""סוג הסם, כמות"": ""קוקאין: 71.52 גרם"", ""עבירה"": ""יבוא/סחר, 19"", ""עבירות נלוות כן/לא"": ""לא"", ""תפקיד"": ""בעל הסמים"", ""מספר עבירות"": 4, ""מחיר לגרם"": ""360 ₪"", ""מקומות העבירה"": ""צומת האלה, תחנת הדלק, כניסה למושב זכריה, תחנת אוטובוס קרובה לבית נאשם 2"", ""שיטת העברה"": ""מסירה יד ביד"", ""השתתפות קטין"": ""כן"", ""מקום מגורי הנאשם"": ""רח' ביאליק, בית שמש"", ""מקום מגורי נאשם 2"": ""רח' הרימון, מושב זכריה"", ""זמן העבירה הראשונה"": ""21.9.20"", ""זמן העבירה האחרונה"": ""15.12.20"", ""כלי תחבורה"": ""קטנוע"", ""סוג הסם"": ""קוקאין""}","{""מספר טיסות לחו\""ל"": ""מספר פעמים"", ""יעדי טיסה"": ""אוקראינה, ברלין"", ""שיטת הסתרת הסמים"": ""מזוודה עם דופן כפולה"", ""שימוש בטכנולוגיה"": ""אפליקציית הצפנת מסרים 'ויקר'"", ""שינוי בתוכנית טיסה"": ""כרטיס טיסה עדכני מגרמניה לישראל דרך איסטנבול"", ""תשלום עבור שירותים"": ""2,000 ₪ עבור הוצאות נסיעה"", ""תקשורת עם המעביר"": ""הודעות טקסט והנחיות"", ""מקום קבלת הסמים"": ""ברלין"", ""מקום נחיתה בישראל"": ""בטיסת המשך דרך טורקיה"", ""מכירה לסוכן"": ""לא"", ""מעבדה"": ""לא"", ""סוג הסם, כמות"": ""MDMA: 1301.44 גרם, 13189 טבליות"", ""עבירה"": ""יבוא/סחר, 19"", ""עבירות נלוות כן/לא"": ""לא"", ""תפקיד"": ""לא בעל הסמים""}",20.0,"1. **סוג העבירה וחומרתה**: שני התיקים עוסקים בעבירות של יבוא/סחר בסמים, אך נראה כי חומרת העבירה שונה בשל הכמויות והנסיבות. תיק 1 כולל עבירה עם כמות קטנה יותר של סם (קוקאין) בהשוואה לתיק 2 (MDMA בכמות גדולה בהרבה). 
2. **סוג הסם וכמותו**: סוג הסם שונה (קוקאין לעומת MDMA), וכמות הסם בתיק 2 גדולה בהרבה מזו שבתיק 1. 
3. **שיטת הביצוע (MO)**: שיטת הביצוע שונה — תיק 1 כולל מסירה יד ביד, ואילו תיק 2 כולל הברחת סמים דרך טיסות עם מזוודה בעלת דופן כפולה. 
4. **נסיבות הליבה**: שני התיקים אינם כוללים מעבדה, אך תיק 2 כולל היבטים בינלאומיים מורכבים יותר כמו טיסות לחו""ל והסתרת סמים במזוודה. 
5. **ישימות כתקדים**: בהתחשב בהבדלים בסוג הסם, בכמותו, בשיטת הביצוע, ונסיבות אחרות, סביר שיהיה קשה לבית המשפט לראות את שני התיקים כרלוונטיים זה לזה לצורכי ענישה.

SIMILARITY_SCORE: 20","ok",""
"ME-21-03-10139-230","ME-18-01-73652-357",3,1,1,"{""מכירה לסוכן"": ""כן"", ""מעבדה"": ""לא"", ""סוג הסם, כמות"": ""קוקאין: 71.52 גרם"", ""עבירה"": ""יבוא/סחר, 19"", ""עבירות נלוות כן/לא"": ""לא"", ""תפקיד"": ""בעל הסמים"", ""מספר עבירות"": 4, ""מחיר לגרם"": ""360 ₪"", ""מקומות העבירה"": ""צומת האלה, תחנת הדלק, כניסה למושב זכריה, תחנת אוטובוס קרובה לבית נאשם 2"", ""שיטת העברה"": ""מסירה יד ביד"", ""השתתפות קטין"": ""כן"", ""מקום מגורי הנאשם"": ""רח' ביאליק, בית שמש"", ""מקום מגורי נאשם 2"": ""רח' הרימון, מושב זכריה"", ""זמן העבירה הראשונה"": ""21.9.20"", ""זמן העבירה האחרונה"": ""15.12.20"", ""כלי תחבורה"": ""קטנוע"", ""סוג הסם"": ""קוקאין""}","{""מכירה לסוכן"": ""כן"", ""מעבדה"": ""לא"", ""סוג הסם, כמות"": ""קוקאין: 69.09 גרם"", ""עבירה"": ""יבוא/סחר, 19"", ""עבירות נלוות כן/לא"": ""לא"", ""תפקיד"": ""בעל הסמים"", ""היכרות עם הסוכן"": ""כן"", ""תקשורת דיגיטלית"": ""הודעות ווטסאפ, שיחות טלפוניות"", ""מקום העסקה הראשונה"": ""בית הנאשם"", ""מחיר עבור 20.09 גרם קוקאין"": ""9,000 ₪"", ""מחיר עבור 49 גרם קוקאין"": ""22,500 ₪"", ""שימוש בתמונות להצגת הסם"": ""כן"", ""נקודת מפגש לעסקה השנייה"": ""נקודה שנקבעה מראש""}",80.0,"1. **סוג העבירה וחומרתה** — שני התיקים עוסקים בעבירות של יבוא/סחר בסמים, כאשר מדובר באותו סעיף בחוק (סעיף 19), ומספר העבירות בשני התיקים הוא 4. הדמיון בעבירה ובחומרתה גבוה.

2. **סוג הסם וכמותו** — בשני התיקים מדובר בקוקאין בכמויות דומות מאוד (71.52 גרם ו-69.09 גרם). הדמיון בין שני התיקים מבחינת סוג הסם וכמותו הוא גבוה מאוד.

3. **שיטת הביצוע (MO)** — שני התיקים כוללים מכירה לסוכן, אך שיטת ההעברה שונה — ""מסירה יד ביד"" בתיק 1 לעומת עסקאות שנעשו לאחר תקשורת דיגיטלית בתיק 2. עם זאת, שני התיקים כוללים מפגש פיזי בין הצדדים. הדמיון הוא חלקי.

4. **נסיבות הליבה** — בשני התיקים לא הייתה מעבדה, והנאשמים שימשו כבעלי הסמים. בתיק 1 היה שימוש בכלי תחבורה (קטנוע) ומעורבות של קטין, שלא מוזכרים בתיק 2. לעומת זאת, בתיק 2 הייתה תקשורת דיגיטלית ושימוש בתמונות להצגת הסם, שלא מוזכרים בתיק 1. הנסיבות דומות בחלקן ונבדלות בחלקן.

5. **ישימות כתקדים** — בהתחשב בדמיון בסוג העבירה, חומרתה, סוג הסם וכמותו, סביר שבית המשפט יראה את שני התיקים כרלוונטיים זה לזה לצורכי ענישה.

SIMILARITY_SCORE: 80","ok",""
"ME-21-12-42162-424","ME-19-04-14488-104",1,0,0,"{""מקור הסמים"": ""גרמניה"", ""שיטת הסוואה"": ""בקבוקים נחזים כמכילים מוצרי טיפוח"", ""שיטת משלוח"": ""חברת משלוחים"", ""כתובת יעד"": ""רמת השרון"", ""שימוש בזהות זרה"": ""קולט מנג'ם"", ""תיאום פעולה"": ""הנאשם הורה לאחר לשלוח את החבילה"", ""מעורבות צד שלישי"": ""מאי חיים לוי אדרי"", ""שיטת איסוף"": ""הצגת תמונת דרכון של קולט"", ""מיקום החזקת הסמים"": ""בשידה ליד המיטה בחדר השינה"", ""סוגי סמים נוספים"": ""קנבוס, METHAMPHETAMINE"", ""משקל סמים נוסף"": ""קנבוס: 1.82 גרם, METHAMPHETAMINE: לא צוין משקל"", ""מכירה לסוכן"": ""לא"", ""מעבדה"": ""לא"", ""סוג הסם, כמות"": ""קטמין: 2395.95 גרם"", ""עבירה"": ""החזקה שלא לצריכה עצמית, יבוא/סחר, 19"", ""עבירות נלוות כן/לא"": ""לא"", ""תפקיד"": ""בעל הסמים""}","{""מכירה לסוכן"": ""לא"", ""מעבדה"": ""כן"", ""סוג הסם, כמות"": ""קנבוס: 51150 גרם"", ""עבירה"": ""ייצור, החזקה שלא לצריכה עצמית"", ""עבירות נלוות כן/לא"": ""כן"", ""תפקיד"": ""בעל הסמים, בעל המעבדה"", ""תאריך התחלת הפעילות"": ""13.1.19"", ""תאריך סיום הפעילות"": ""27.3.19"", ""מיקום המעבדה"": ""פתח תקווה"", ""סוג הסם"": ""קנאביס"", ""שווי הסם"": ""663,000 ₪"", ""כמות הסם"": ""51.15 ק\""ג"", ""ציוד לגידול"": ""מדי לחות וטמפרטורה, משאבות מים, שנאים, מזגנים, אדניות, מפוחים, מנורות, מאווררים, דשנים, מיכל ריסוס חשמלי"", ""הפרת חוק חשמל"": ""נטילת חשמל ללא תשלום בשווי 14,283 ₪"", ""נשק בלתי חוקי"": ""אקדח חצי אוטומטי חסר נוקר""}",20.0,"להלן הניתוח המבוקש:

1. **סוג העבירה וחומרתה**:
שני התיקים עוסקים בעבירות סמים חמורות, אך סוג העבירה שונה: תיק 1 מתמקד ביבוא והחזקה של קטמין, בעוד שתיק 2 עוסק בייצור קנבוס והחזקתו. חומרת העבירה בשני התיקים גבוהה, אך נראה שתיק 2 כולל עבירות נוספות המחמירות את המצב (ייצור סמים, החזקת נשק בלתי חוקי).

2. **סוג הסם וכמותו**:
סוג הסם שונה: קטמין בתיק 1 וקנבוס בתיק 2. הכמות בתיק 2 (51.15 ק""ג) גדולה בהרבה מהכמות בתיק 1 (2.395 ק""ג). סדר הגודל שונה לחלוטין.

3. **שיטת הביצוע (MO)**:
שיטת הביצוע שונה: תיק 1 כולל יבוא סמים דרך חברת משלוחים והסוואה בבקבוקים, בעוד שתיק 2 כולל ייצור סמים במעבדה. אין דפוס פעולה דומה.

4. **נסיבות הליבה**:
תיק 1 מתמקד ביבוא והחזקה, ללא מעבדה. תיק 2 כולל מעבדה וייצור סמים, עם נסיבות מחמירות נוספות כמו החזקת נשק וניצול חשמל ללא תשלום. הנסיבות שונות.

5. **ישימות כתקדים**:
בית המשפט יראה הבדלים מהותיים בין שני התיקים, במיוחד בשל סוג הסם, שיטת הביצוע, והנסיבות הנלוות. תיק 2 כולל גורמים מחמירים נוספים שלא קיימים בתיק 1.

SIMILARITY_SCORE: 20","ok",""
"ME-22-01-47042-277","SH-16-09-64418-33",1,0,0,"{""מכירה לסוכן"": ""כן"", ""מעבדה"": ""לא"", ""סוג הסם, כמות"": ""קוקאין: 300.31 גרם"", ""עבירה"": ""החזקה שלא לצריכה עצמית, יבוא/סחר, 19"", ""עבירות נלוות כן/לא"": ""לא"", ""תפקיד"": ""לא בעל הסמים"", ""מקום המפגש"": ""תחנת דלק בצומת נחשון, רחוב גדוד חרמש 10 ירושלים, תחנת דלק בצומת שורש"", ""סוגי סמים נוספים"": ""גראס, חשיש, קנאביס"", ""כמות סמים נוספת"": ""149.69 - גרם - קוקאין"", ""תקופת העבירות"": ""ספטמבר 2021 - ינואר 2022"", ""סוג העבירה"": ""תיווך בסם מסוכן"", ""מחיר לגרם"": ""350 ₪, 300 ₪"", ""רווח מהעסקה"": ""1,500 ₪, 2,000 ₪"", ""סכום כולל לתשלום"": ""17,500 ₪, 300,000 ₪""}","{""מכירה לסוכן"": ""לא"", ""מעבדה"": ""כן"", ""סוג הסם, כמות"": ""חשיש: 289.64 גרם, קנבוס בשתילים: 837.76 גרם"", ""עבירה"": ""ייצור, החזקה שלא לצריכה עצמית"", ""עבירות נלוות כן/לא"": ""לא"", ""תפקיד"": ""בעל הסמים, בעל המעבדה"", ""מיקום המעבדה"": ""מחסן בחלקו האחורי של הבית"", ""כלי גידול"": ""עציצים"", ""פנקס טיפולים"": ""כן"", ""מיקום החשיש לצריכה עצמית"": ""חדר בקומה הראשונה"", ""כלי אחסון חשיש לצריכה עצמית"": ""נייר מקופל"", ""תאריך החיפוש"": ""14.3.16"", ""שעת החיפוש"": ""18:30""}",20.0,"1. **סוג העבירה וחומרתה**: שני התיקים עוסקים בעבירות סמים, אך סוג העבירה שונה - תיק 1 מתייחס לתיווך בסם מסוכן (קוקאין), בעוד תיק 2 מתייחס לייצור והחזקה של סמים מסוכנים (חשיש וקנבוס). חומרת העבירות דומה בשל מעורבות בסמים מסוכנים, אך שונה באופי העבירה.

2. **סוג הסם וכמותו**: תיק 1 כולל קוקאין (כ-300 גרם) וסמים נוספים כמו חשיש וגראס. תיק 2 כולל חשיש (כ-290 גרם) וקנבוס בשתילים. סוג הסם שונה, אך הכמות דומה בסדר גודל.

3. **שיטת הביצוע (MO)**: תיק 1 מתייחס לתיווך בסמים, כאשר הנאשם לא היה בעל הסמים, וכלל עסקאות בסכומים משמעותיים. תיק 2 מתייחס לייצור והחזקה של סמים במעבדה. שיטות הביצוע שונות לחלוטין.

4. **נסיבות הליבה**: תיק 1 אינו כולל מעבדה ומתמקד בעסקאות סמים. תיק 2 כולל מעבדה לייצור סמים ומתמקד בהחזקה וייצור. נסיבות הליבה שונות מאוד.

5. **ישימות כתקדים**: בשל ההבדלים המשמעותיים בסוג העבירה, שיטת הביצוע, ונסיבות הליבה, לא סביר שבית המשפט יראה את שני התיקים כרלוונטיים זה לזה לצורכי ענישה.

SIMILARITY_SCORE: 20","ok",""
"ME-22-07-53625-139","ME-19-04-14578-148",3,1,1,"{""מכירה לסוכן"": ""לא"", ""מעבדה"": ""כן"", ""סוג הסם, כמות"": ""קנבוס בשתילים: 52000 גרם"", ""עבירה"": ""ייצור, החזקה שלא לצריכה עצמית"", ""עבירות נלוות כן/לא"": ""כן"", ""תפקיד"": ""בעל הסמים, בעל המעבדה"", ""מספר מנורות"": ""47"", ""מספר מזגנים"": ""12"", ""מספר מאווררים"": ""15"", ""סוג הסם"": ""קנבוס"", ""מיקום המעבדה"": ""דירת הגג, רחוב הרב כהנמן 124, בני ברק"", ""משך זמן הפעילות"": ""כשנה וחצי"", ""מספר שתילים"": ""347"", ""משקל נטו של הסם"": ""52 ק\""ג"", ""שותפים בבעלות"": ""שולמית בוגרד, שלמה זלמן כהן""}","{""מיקום המעבדה"": ""הוד השרון"", ""תקופת הפעילות"": ""מ-15.11.18 עד 27.3.19"", ""ציוד במעבדה"": ""נורות, מאווררים, מזגנים, שנאים, מסנני פחם, מדי טמפרטורה, דשנים, צינורות השקיה"", ""מכירה לסוכן"": ""לא"", ""מעבדה"": ""כן"", ""סוג הסם, כמות"": ""קנבוס בשתילים: 80000 גרם"", ""עבירה"": ""ייצור, החזקה שלא לצריכה עצמית"", ""עבירות נלוות כן/לא"": ""לא"", ""תפקיד"": ""בעל הסמים, בעל המעבדה""}",85.0,"1. **סוג העבירה וחומרתה** — שני התיקים עוסקים באותו סוג עבירה (ייצור והחזקה שלא לצריכה עצמית של סם מסוג קנבוס), ומדובר בעבירות חמורות. חומרת העבירה דומה בשני המקרים.
2. **סוג הסם וכמותו** — שני התיקים כוללים קנבוס, שהוא סם מסוג דומה. הכמויות דומות בסדר גודל (52 ק""ג ו-80 ק""ג).
3. **שיטת הביצוע (MO)** — שני התיקים כוללים הפעלת מעבדה עם ציוד דומה (נורות, מזגנים, מאווררים) לייצור קנבוס, מה שמצביע על דפוס דומה.
4. **נסיבות הליבה** — בשני התיקים מדובר במעבדה לייצור קנבוס, עם תכנון וציוד נרחב. משך הזמן של הפעילות דומה (כשנה וחצי ו-4.5 חודשים, אך עדיין מדובר בפעילות ממושכת בשני המקרים).
5. **ישימות כתקדים** — בית משפט יראה את שני התיקים כרלוונטיים זה לזה לצורכי ענישה בשל הדמיון בעבירות, בסוג הסם ובשיטת הביצוע.

SIMILARITY_SCORE: 85","ok",""
"ME-22-08-15747-700","ME-16-12-26620-433",1,0,0,"{""מקום המפגש לקבלת הסמים"": ""אירופה"", ""מקום היעד להעברת הסמים"": ""ירושלים"", ""מספר חבילות"": ""3"", ""שיטת הסתרת הסמים"": ""מזוודה עם דופן כפולה"", ""משקל תחליף הסם"": ""50 גרם"", ""מקום המסירה הסופי"": ""כפר הנגיד"", ""זהות המקבל"": ""נאשם 2"", ""מכירה לסוכן"": ""לא"", ""מעבדה"": ""לא"", ""סוג הסם, כמות"": ""קתינון: 6305.18 גרם"", ""עבירה"": ""יבוא/סחר, 19"", ""עבירות נלוות כן/לא"": ""לא"", ""תפקיד"": ""לא בעל הסמים""}","{""מכירה לסוכן"": ""לא"", ""מעבדה"": ""לא"", ""סוג הסם, כמות"": ""MDMA: 1820 גרם, קוקאין: 888 גרם"", ""עבירה"": ""החזקה שלא לצריכה עצמית, יבוא/סחר, 19"", ""עבירות נלוות כן/לא"": ""לא"", ""תפקיד"": ""בעל הסמים"", ""מספר נאשמים"": 2, ""תאריך העבירה"": ""2.12.2016"", ""מיקום העבירה"": ""וינה, אוסטריה"", ""שיטת הברחה"": ""מזוודה עם דופן מוסתרת"", ""זהות המציע"": ""לא ידועה"", ""סכום התמורה המוצעת"": ""54000 ₪ לנאשם 1, 10000-25000 ₪ לנאשם 2"", ""אופן התשלום לטיסה"": ""כרטיס אשראי של נאשם 1"", ""מקום המפגש לקבלת הסם"": ""מלון בוינה"", ""תאריך המעצר"": ""5.12.2016"", ""מיקום המעצר"": ""שדה התעופה בישראל""}",75.0,"1. **סוג העבירה וחומרתה** — שני התיקים עוסקים בעבירות סמים חמורות הכוללות יבוא וסחר. תיק 1 מתמקד ביבוא/סחר, בעוד שתיק 2 כולל גם החזקה שלא לצריכה עצמית בנוסף ליבוא/סחר. החומרה דומה בשני התיקים.
2. **סוג הסם וכמותו** — תיק 1 כולל קתינון (6305.18 גרם), בעוד שתיק 2 כולל MDMA (1820 גרם) וקוקאין (888 גרם). סוגי הסמים שונים אך הכמויות בסדר גודל דומה.
3. **שיטת הביצוע (MO)** — שני התיקים כוללים הברחת סמים באמצעות מזוודה עם דופן מוסתרת/כפולה, המדגימה דפוס דומה.
4. **נסיבות הליבה** — בשני התיקים אין מעבדה, והסמים הוברחו מאירופה לישראל. הנסיבות דומות מבחינת היעדר מעבדה והובלת סמים ממדינה זרה.
5. **ישימות כתקדים** — בית משפט עשוי לראות את שני התיקים כרלוונטיים זה לזה לצורכי ענישה בשל הדמיון בשיטת ההברחה, חומרת העבירה, והיעדר נסיבות מקלות משמעותיות.

SIMILARITY_SCORE: 75","ok",""
"ME-22-11-1990-79","ME-19-04-14578-148",1,0,0,"{""תאריך יציאה מישראל"": ""11.10.22"", ""תאריך חזרה לישראל"": ""20.10.22"", ""נקודת יציאה"": ""נמל תעופה בן גוריון"", ""יעד הנסיעה"": ""בלגיה"", ""שיטת הסתרת הסם"": ""תא ייעודי בתחתית מזוודה"", ""שיטת קיבוע התא הייעודי"": ""קרש עץ"", ""מכירה לסוכן"": ""לא"", ""מעבדה"": ""לא"", ""סוג הסם, כמות"": ""MDMA: 25303 טבליות"", ""עבירה"": ""יבוא/סחר, 19"", ""עבירות נלוות כן/לא"": ""לא"", ""תפקיד"": ""לא בעל הסמים""}","{""מיקום המעבדה"": ""הוד השרון"", ""תקופת הפעילות"": ""מ-15.11.18 עד 27.3.19"", ""ציוד במעבדה"": ""נורות, מאווררים, מזגנים, שנאים, מסנני פחם, מדי טמפרטורה, דשנים, צינורות השקיה"", ""מכירה לסוכן"": ""לא"", ""מעבדה"": ""כן"", ""סוג הסם, כמות"": ""קנבוס בשתילים: 80000 גרם"", ""עבירה"": ""ייצור, החזקה שלא לצריכה עצמית"", ""עבירות נלוות כן/לא"": ""לא"", ""תפקיד"": ""בעל הסמים, בעל המעבדה""}",20.0,"1. **סוג העבירה וחומרתה**: שני התיקים עוסקים בעבירות סמים, אך סוג העבירה שונה - יבוא/סחר (תיק 1) לעומת ייצור והחזקה שלא לצריכה עצמית (תיק 2). חומרת העבירות דומה משום ששתיהן נחשבות לעבירות סמים חמורות.

2. **סוג הסם וכמותו**: סוג הסם שונה - MDMA (תיק 1) לעומת קנבוס (תיק 2). כמות הסם משמעותית בשני התיקים, אך סדר הגודל שונה - 25,303 טבליות (תיק 1) לעומת 80,000 גרם של שתילים (תיק 2). 

3. **שיטת הביצוע (MO)**: שיטת הביצוע שונה לחלוטין - הסתרת סם במזוודה (תיק 1) לעומת הפעלת מעבדה לייצור סם (תיק 2).

4. **נסיבות הליבה**: נסיבות הליבה שונות - הברחת סם (תיק 1) לעומת ייצור סם במעבדה (תיק 2). תיק 2 כולל נסיבות מחמירות בשל קיום מעבדה.

5. **ישימות כתקדים**: בית המשפט לא סביר שיראה את שני התיקים כרלוונטיים זה לזה לצורכי ענישה בשל ההבדלים המהותיים בסוג העבירה, שיטת הביצוע ונסיבות הליבה.

SIMILARITY_SCORE: 20","ok",""
"ME-22-11-1990-79","SH-24-01-9804-702",1,0,0,"{""תאריך יציאה מישראל"": ""11.10.22"", ""תאריך חזרה לישראל"": ""20.10.22"", ""נקודת יציאה"": ""נמל תעופה בן גוריון"", ""יעד הנסיעה"": ""בלגיה"", ""שיטת הסתרת הסם"": ""תא ייעודי בתחתית מזוודה"", ""שיטת קיבוע התא הייעודי"": ""קרש עץ"", ""מכירה לסוכן"": ""לא"", ""מעבדה"": ""לא"", ""סוג הסם, כמות"": ""MDMA: 25303 טבליות"", ""עבירה"": ""יבוא/סחר, 19"", ""עבירות נלוות כן/לא"": ""לא"", ""תפקיד"": ""לא בעל הסמים""}","{""מכירה לסוכן"": ""לא"", ""מעבדה"": ""לא"", ""סוג הסם, כמות"": ""חשיש: 885.25 גרם, קנבוס: 730.52 גרם"", ""עבירה"": ""החזקה שלא לצריכה עצמית, יבוא/סחר, 19"", ""עבירות נלוות כן/לא"": ""כן"", ""תפקיד"": ""בעל הסמים"", ""מספר כתבי אישום"": 4, ""סך הכול עבירות"": 14, ""סך הכול תמורה בשקלים"": 4850, ""כמות לקוחות"": 5, ""כלי תקשורת לסחר"": ""טלגרם"", ""עבירות נהיגה"": ""נהיגה ללא רישיון, נהיגה תחת השפעת סמים, נהיגה ברכב ללא ביטוח"", ""מקומות ביצוע העבירות"": ""בבית הנאשם, ברכב הנאשם"", ""סוגי סמים נוספים"": ""חשיש, קנאביס"", ""כמויות סמים נוספות"": ""498.37-גרם-חשיש, 536.36-גרם-קנאביס, 91.25-גרם-קנאביס, 56.16-גרם-חשיש, 85.93-גרם-קנאביס, 2.30-גרם-קנאביס, 1.86-גרם-קנאביס, 300.96-גרם-חשיש, 2.99-גרם-קנאביס, 57-גרם-קנאביס, 9.83-גרם-קנאביס, 29.76-גרם-חשיש"", ""סכום כסף נמצא בחיפוש"": 850}",30.0,"1. **סוג העבירה וחומרתה**: שני התיקים כוללים עבירות של יבוא/סחר בסמים (§19), אך תיק 2 כולל גם החזקה שלא לצריכה עצמית ועבירות נלוות נוספות כמו נהיגה ללא רישיון ותחת השפעת סמים. חומרת העבירות דומה בשל היבוא/סחר, אך תיק 2 מורכב יותר עם עבירות נוספות.

2. **סוג הסם וכמותו**: תיק 1 כולל MDMA (25,303 טבליות), בעוד תיק 2 כולל חשיש וקנבוס בכמויות שונות (למשל, 885.25 גרם חשיש ו-730.52 גרם קנבוס). סוגי הסמים שונים, אך שניהם סמים מסוכנים. הכמות בתיק 1 גדולה בהרבה.

3. **שיטת הביצוע (MO)**: תיק 1 כולל הסתרת סם בתא ייעודי במזוודה באמצעות קרש עץ. תיק 2 אינו מתאר את שיטת הביצוע של יבוא/סחר, אך כולל פרטים על סחר באמצעות טלגרם. שיטות הביצוע שונות.

4. **נסיבות הליבה**: בשני התיקים לא הייתה מעבדה. תיק 1 מתאר יבוא סמים, ותיק 2 כולל גם החזקה וסחר בסמים. הנסיבות שונות.

5. **ישימות כתקדים**: בית משפט עשוי לראות את שני התיקים כרלוונטיים חלקית זה לזה בשל העבירה של יבוא/סחר בסמים, אך ההבדלים בסוג הסם, הכמות, ושיטת הביצוע מקטינים את הדמיון.

SIMILARITY_SCORE: 30","ok",""
"ME-23-01-46786-206","ME-17-04-17677-800",1,0,0,"{""מקום העבירה"": ""קריית מוצקין"", ""שיטת תקשורת"": ""Telegram"", ""מחיר לגרם"": ""250 ₪"", ""היכרות עם הסוכן"": ""כן"", ""הודעות טלגרם"": ""5 תמונות של קוקאין, הודעות טקסט רבות"", ""מפגשים פיזיים"": ""2"", ""סיוע במכירה"": ""כן"", ""ליווי קטינה בעת העבירה"": ""כן"", ""מכירה לסוכן"": ""כן"", ""מעבדה"": ""לא"", ""סוג הסם, כמות"": ""קוקאין: 87.98 גרם"", ""עבירה"": ""יבוא/סחר, 19"", ""עבירות נלוות כן/לא"": ""לא"", ""תפקיד"": ""בעל הסמים""}","{""משך זמן הפעילות"": ""מ-19.1.16 עד 4.4.17"", ""מיקום המעבדה"": ""בית בן 5 חדרים, ממ\""ד ומרתף"", ""עלות שכירות הבית"": ""6000 ₪ לחודש"", ""פרטי התשתית לגידול"": ""26 בתי מנורה ומנורות, 3 מדי טמפרטורה, 2 משקלים, מסור חשמלי, מברגה קונגו, דליים, סלים, צינורות מים, מכלי מים, טפטפות, מאווררים, מפזר חום, מד לחות, שואב אבק, שנאי חשמל"", ""כמות חשמל שנגנבה"": ""18,838 ₪"", ""סוגי עבירות"": ""יצור סם, גניבת חשמל"", ""סוג הסם במעבדה ביום המעצר"": ""עציצי ושתילי קנבוס בשלבי צמיחה שונים, עלי קנבוס מיובשים"", ""שווי הסם"": ""מליוני ₪"", ""מכירה לסוכן"": ""לא"", ""מעבדה"": ""כן"", ""סוג הסם, כמות"": ""קנבוס בשתילים: 72800 גרם"", ""עבירה"": ""ייצור"", ""עבירות נלוות כן/לא"": ""כן"", ""תפקיד"": ""בעל הסמים, בעל המעבדה""}",20.0,"1. **סוג העבירה וחומרתה**: שני התיקים עוסקים בעבירות סמים, אך סוג העבירה שונה - תיק 1 עוסק בסחר/יבוא קוקאין, בעוד תיק 2 עוסק בייצור קנבוס. חומרת העבירות דומה משום ששתיהן נחשבות לעבירות סמים חמורות, אך סוג העבירה והסם שונים.

2. **סוג הסם וכמותו**: סוג הסם שונה - קוקאין בתיק 1 לעומת קנבוס בתיק 2. הכמות בתיק 1 היא 87.98 גרם קוקאין, ואילו בתיק 2 מדובר ב-72,800 גרם קנבוס. הכמויות שונות בסדר גודל.

3. **שיטת הביצוע (MO)**: שיטת הביצוע שונה לחלוטין. תיק 1 כולל מכירה באמצעות הודעות ומפגשים פיזיים, בעוד תיק 2 כולל הקמת מעבדה לגידול קנבוס.

4. **נסיבות הליבה**: נסיבות הליבה שונות מאוד. תיק 1 אינו כולל מעבדה, ואילו תיק 2 מתרכז בפעילות של מעבדה לגידול קנבוס. בתיק 2 יש היבטים נוספים כמו גניבת חשמל.

5. **ישימות כתקדים**: בהינתן ההבדלים בסוג העבירה, סוג הסם, כמותו ושיטת הביצוע, סביר שבית המשפט לא יראה את שני התיקים כרלוונטיים זה לזה לצורכי ענישה.

SIMILARITY_SCORE: 20","ok",""
"ME-23-04-8444-574","ME-19-07-4435-107",1,0,0,"{""מכירה לסוכן"": ""כן"", ""סוג הסם, כמות"": ""קוקאין: 540 גרם"", ""עבירה"": ""יבוא/סחר, 19"", ""עבירות נלוות כן/לא"": ""כן"", ""מיקום הפגישות"": ""תחנת דלק פז וסונול בלוד"", ""מחיר לגרם קוקאין"": ""250 ש\""ח"", ""מחיר כולל ל-40 גרם"": ""12,000 ש\""ח"", ""מחיר לק\""ג קוקאין"": ""200,000-300,000 ש\""ח"", ""היכרות קודמת בין הסוכן לאדהם"": ""כן"", ""הצעת מחיר לאקדח"": ""15,000 ש\""ח"", ""הצעת מחיר מופחתת לאקדח"": ""10,000 ש\""ח"", ""סוג הנשק"": ""אקדח"", ""סוג הסם"": ""קוקאין"", ""סוג העבירה"": ""תיווך לסחר בסם מסוכן, ניסיון סחר בנשק"", ""סוכן משטרתי מעורב"": ""כן"", ""מעבדה"": ""לא"", ""תפקיד"": ""בעל הסמים""}","{""מכירה לסוכן"": ""לא"", ""מעבדה"": ""כן"", ""סוג הסם, כמות"": ""קנבוס: 54000 גרם"", ""עבירה"": ""ייצור, החזקה שלא לצריכה עצמית"", ""עבירות נלוות כן/לא"": ""כן"", ""תפקיד"": ""בעל הסמים, בעל המעבדה"", ""תקופת הפעילות"": ""1.1.19-23.6.19"", ""מיקום המעבדה"": ""יהוד"", ""שכר דירה"": ""11,000 ₪ לחודש"", ""פרטי הציוד במעבדה"": ""אדניות, מסננים, מאיידים, מנועים, מנורות, שנאים, משאבת מים"", ""סך הכל חשמל נגנב"": ""36,818 ש\""ח""}",20.0,"1. **סוג העבירה וחומרתה**: שני התיקים עוסקים בעבירות סמים, אך סוג העבירה שונה - תיק 1 מתייחס לתיווך לסחר בסם מסוכן (קוקאין), בעוד שתיק 2 עוסק בייצור והחזקה של סם מסוכן (קנבוס). חומרת העבירות דומה משום ששתיהן נוגעות לסמים מסוכנים, אך סוג העבירה והסם שונים.

2. **סוג הסם וכמותו**: תיק 1 עוסק בקוקאין (540 גרם), שהוא סם מסוכן יותר, בעוד שתיק 2 עוסק בקנבוס (54,000 גרם), שהוא סם מסוכן פחות. הכמות בשני התיקים שונה בסדר גודל (תיק 2 כמות גדולה בהרבה).

3. **שיטת הביצוע (MO)**: תיק 1 כולל תיווך לסחר בסם מסוכן במסגרת פגישות פיזיות עם סוכן משטרתי, בעוד שתיק 2 כולל ייצור והחזקה של סם במעבדה. שיטות הביצוע שונות לחלוטין.

4. **נסיבות הליבה**: תיק 1 התרחש במסגרת פגישות בתחנות דלק, עם היכרות קודמת בין המעורבים, בעוד שתיק 2 התרחש במעבדה ביהוד, עם ציוד מיוחד וגניבת חשמל. נסיבות הליבה שונות מאוד.

5. **ישימות כתקדים**: בהתחשב בהבדלים בסוג העבירה, סוג הסם, כמותו, ושיטת הביצוע, לא סביר שבית המשפט יראה את שני התיקים כרלוונטיים זה לזה לצורכי ענישה.

SIMILARITY_SCORE: 20","ok",""
"ME-23-05-13598-78","ME-23-12-14553-571",3,1,1,"{""מכירה לסוכן"": ""לא"", ""מעבדה"": ""כן"", ""סוג הסם, כמות"": ""קנבוס: 190000 גרם"", ""עבירה"": ""ייצור"", ""עבירות נלוות כן/לא"": ""כן"", ""תפקיד"": ""בעל הסמים, בעל המעבדה"", ""מיקום המעבדה"": ""מתחת לאדמת חוות יריחו, בקעת הירדן"", ""מספר חדרים במעבדה"": ""8"", ""תיאור הציוד"": ""69 מאווררים, 24 מאיידים למזגן, 8 מכשירים סופגי לחות, 281 מנורות לד, 13 מפוחי אוויר, 6 רשתות ניפוי, מתקן לקליטת חומר, 122 רפלקטורים, 107 שנאים, 10 משאבות, 6 מפוחים, דשן, שתילי קנביס וכלי עבודה"", ""שווי הציוד"": ""1,000,985 ₪"", ""מערכות חשמל ומים"": ""חוברו למערכות החווה"", ""כלי רכב להגעה והובלת ציוד"": ""רנו ל\""ז 4664852, סקודה ל\""ז 45711802"", ""תיק מצורף"": ""ת\""פ 37992-02-21"", ""מיקום בתיק המצורף"": ""בית הכלא שיקמה, אגף 5, תא מספר 2"", ""תאריך ושעה בתיק המצורף"": ""11.5.20 בשעה 11:00 או בסמוך לכך""}","{""מיקום המעבדה"": ""וילה בקריית גת"", ""תאריך תחילת שכירות הוילה"": ""1.7.2023"", ""תאריך גילוי המעבדה"": ""30.11.2023"", ""כמות חדרים בשימוש לגידול"": ""6"", ""סוג חיבור החשמל"": ""חיבור פיראטי"", ""סכום הנזק לחברת החשמל"": ""99717.18 ₪"", ""כלי פריצה שנמצא בשימוש"": ""פטיש"", ""מכירה לסוכן"": ""לא"", ""מעבדה"": ""כן"", ""סוג הסם, כמות"": ""קנבוס בשתילים: 180000 גרם, קנבוס: 7480 גרם"", ""עבירה"": ""ייצור, החזקה שלא לצריכה עצמית"", ""עבירות נלוות כן/לא"": ""לא"", ""תפקיד"": ""בעל הסמים, בעל המעבדה""}",80.0,"1. **סוג העבירה וחומרתה**: שני התיקים עוסקים בעבירת ייצור סמים, כאשר בתיק השני נוספת גם עבירת החזקה שלא לצריכה עצמית. חומרת העבירות דומה בשני התיקים, שכן מדובר בייצור סמים בקנה מידה גדול. 
2. **סוג הסם וכמותו**: בשני התיקים מדובר בקנבוס בכמויות גדולות מאוד (סדר גודל של מאות אלפי גרמים). 
3. **שיטת הביצוע (MO)**: שני התיקים כוללים הפעלת מעבדה לגידול קנבוס, עם ציוד מתקדם. 
4. **נסיבות הליבה**: שני התיקים כוללים מעבדה עם תכנון מראש, אך ישנם הבדלים במיקום ובפרטים מסוימים (למשל, חיבור חשמל פיראטי בתיק 2). 
5. **ישימות כתקדים**: בית המשפט עשוי לראות את שני התיקים כרלוונטיים זה לזה לצורכי ענישה בשל הדמיון בייצור סמים בקנה מידה גדול.

SIMILARITY_SCORE: 80","ok",""
"ME-23-05-52567-993","ME-22-04-7867-732",3,1,1,"{""מכירה לסוכן"": ""לא"", ""מעבדה"": ""כן"", ""סוג הסם, כמות"": ""קנבוס בשתילים: 172600 גרם"", ""עבירה"": ""ייצור, החזקה שלא לצריכה עצמית"", ""עבירות נלוות כן/לא"": ""כן"", ""תפקיד"": ""בעל הסמים, בעל המעבדה"", ""כמות חשמל נגנבת"": ""642,340 ₪"", ""מספר דירות שוכר"": ""8"", ""תקופת פעילות"": ""ינואר 2022 - אפריל 2023"", ""סוג עבירות נוספות"": ""התחזות, שימוש במסמך מזויף, נטילת חשמל, קבלת דבר במרמה"", ""מספר עבירות כללי"": ""47"", ""סוג הסם"": ""קנבוס""}","{""מעבדה"": ""כן"", ""סוג הסם, כמות"": ""קנבוס: 110000 גרם"", ""עבירה"": ""ייצור"", ""עבירות נלוות כן/לא"": ""כן"", ""תפקיד"": ""בעל הסמים, בעל המעבדה"", ""תקופת הפעילות"": ""1.8.21 עד 23.3.22"", ""מיקום המעבדה"": ""דירה בעיר רחובות"", ""פרטי הציוד במעבדה"": ""מזגנים, מאווררים, אדניות, מנורות, שנאים, רפלקטורים, מפוחים, מסננים, בריכה"", ""סוג החיבור החשמלי"": ""חיבור פיראטי ללוח החשמל"", ""סוג הסם"": ""קנבוס"", ""כמות הסם המפוזר"": ""110 ק\""ג נטו"", ""מכירה לסוכן"": ""לא""}",85.0,"1. **סוג העבירה וחומרתה** — שני התיקים עוסקים בעבירות של ייצור והחזקה של סמים (קנבוס) שלא לצריכה עצמית, כאשר תיק 1 כולל גם החזקה שלא לצריכה עצמית בנוסף לייצור. שני התיקים כוללים עבירות נלוות, אך סוג העבירות הנלוות משתנה בין התיקים. חומרת העבירה דומה בשני המקרים.

2. **סוג הסם וכמותו** — שני התיקים עוסקים בקנבוס. הכמות בתיק 1 היא 172,600 גרם, ובתיק 2 - 110,000 גרם. הכמויות דומות בסדר גודל (מאות קילוגרמים).

3. **שיטת הביצוע (MO)** — שני התיקים כוללים הפעלת מעבדה לייצור קנבוס. בתיק 1 מוזכרת גניבת חשמל בסכום משמעותי, ובתיק 2 מוזכר חיבור פיראטי ללוח החשמל, כך ששיטת גניבת החשמל דומה. שני התיקים מצביעים על תכנון ופעולה מאורגנים.

4. **נסיבות הליבה** — שני התיקים כוללים מעבדה, תכנון מראש, והחזקה/ייצור של כמויות גדולות של קנבוס. שני הנאשמים שימשו כבעלי הסמים ובעלי המעבדה. הנסיבות דומות וכוללות נסיבות מחמירות (כמויות גדולות, מעבדה).

5. **ישימות כתקדים** — בהתחשב בדמיון בסוג העבירה, סוג הסם וכמותו, שיטת הביצוע, ונסיבות הליבה, בית משפט צפוי לראות את שני התיקים כרלוונטיים זה לזה לצורכי ענישה.

SIMILARITY_SCORE: 85","ok",""
"ME-23-12-14553-571","ME-18-04-16826-842",1,0,0,"{""מיקום המעבדה"": ""וילה בקריית גת"", ""תאריך תחילת שכירות הוילה"": ""1.7.2023"", ""תאריך גילוי המעבדה"": ""30.11.2023"", ""כמות חדרים בשימוש לגידול"": ""6"", ""סוג חיבור החשמל"": ""חיבור פיראטי"", ""סכום הנזק לחברת החשמל"": ""99717.18 ₪"", ""כלי פריצה שנמצא בשימוש"": ""פטיש"", ""מכירה לסוכן"": ""לא"", ""מעבדה"": ""כן"", ""סוג הסם, כמות"": ""קנבוס בשתילים: 180000 גרם, קנבוס: 7480 גרם"", ""עבירה"": ""ייצור, החזקה שלא לצריכה עצמית"", ""עבירות נלוות כן/לא"": ""לא"", ""תפקיד"": ""בעל הסמים, בעל המעבדה""}","{""מכירה לסוכן"": ""לא"", ""מעבדה"": ""לא"", ""סוג הסם, כמות"": ""קוקאין: 7935 גרם"", ""עבירה"": ""יבוא/סחר"", ""עבירות נלוות כן/לא"": ""כן"", ""תפקיד"": ""לא בעל הסמים"", ""שיטת ההברחה"": ""מזוודה בבטן מטוס"", ""מיקום העבירה"": ""ברלין, גרמניה ונתב\""ג, ישראל"", ""שיטת תקשורת בין הנאשם לשותף"": ""WhatsApp"", ""זמן העבירה"": ""25.3.18 - 28.3.18"", ""שווי הסם"": ""2,777,250 ₪ - 4,761,000 ₪"", ""זהות המסר"": ""לא ידועה"", ""מקום קבלת הסם"": ""בקרבת בית מלון בברלין"", ""זמן קבלת הסם"": ""27.3.18 בשעה 17:00"", ""זמן נחיתה בישראל"": ""28.3.18 בשעה 2:00"", ""זמן העצירה"": ""28.3.18 בשעה 3:20""}",20.0,"1. **סוג העבירה וחומרתה**: שני התיקים עוסקים בעבירות סמים חמורות, אך סוג העבירה שונה - תיק 1 עוסק בייצור והחזקה שלא לצריכה עצמית, בעוד תיק 2 עוסק ביבוא/סחר. חומרת העבירות דומה בשל היקף הפעילות והכמויות הגדולות. 
2. **סוג הסם וכמותו**: סוג הסם שונה - קנבוס בתיק 1 לעומת קוקאין בתיק 2. הקוקאין נחשב לסם חמור יותר. הכמויות גדולות בשני התיקים אך לא באותו סדר גודל. 
3. **שיטת הביצוע (MO)**: שיטת הביצוע שונה לחלוטין - ייצור במעבדה בתיק 1 לעומת הברחה בינלאומית בתיק 2. 
4. **נסיבות הליבה**: נסיבות הליבה שונות - תיק 1 כולל מעבדה עם היבטים של גידול והפקה, בעוד תיק 2 מתמקד בהברחה בינלאומית. 
5. **ישימות כתקדים**: בשל ההבדלים בסוג העבירה, סוג הסם ושיטת הביצוע, לא סביר שבית המשפט יראה את שני התיקים כרלוונטיים זה לזה לצורכי ענישה.

SIMILARITY_SCORE: 20","ok",""
"SH-16-09-64418-33","SH-19-11-18218-11",1,0,0,"{""מכירה לסוכן"": ""לא"", ""מעבדה"": ""כן"", ""סוג הסם, כמות"": ""חשיש: 289.64 גרם, קנבוס בשתילים: 837.76 גרם"", ""עבירה"": ""ייצור, החזקה שלא לצריכה עצמית"", ""עבירות נלוות כן/לא"": ""לא"", ""תפקיד"": ""בעל הסמים, בעל המעבדה"", ""מיקום המעבדה"": ""מחסן בחלקו האחורי של הבית"", ""כלי גידול"": ""עציצים"", ""פנקס טיפולים"": ""כן"", ""מיקום החשיש לצריכה עצמית"": ""חדר בקומה הראשונה"", ""כלי אחסון חשיש לצריכה עצמית"": ""נייר מקופל"", ""תאריך החיפוש"": ""14.3.16"", ""שעת החיפוש"": ""18:30""}","{""מכירה לסוכן"": ""לא"", ""מעבדה"": ""לא"", ""סוג הסם, כמות"": ""קטמין: 12.689 גרם, MDMA: 10.718 גרם, 99 טבליות, קוקאין: 1.426 גרם"", ""עבירה"": ""החזקה שלא לצריכה עצמית, יבוא/סחר, 19"", ""עבירות נלוות כן/לא"": ""לא"", ""תפקיד"": ""לא בעל הסמים"", ""סוגי עבירות"": ""סחר בסם מסוכן, החזקת סם מסוכן שלא לצריכה עצמית"", ""סוגי סמים מעורבים"": ""אקסטזי, MDMA, חשיש, LSD, קוקאין, קטמין, קנאביס, DMT"", ""כמות עסקאות"": ""50"", ""שיטת תקשורת"": ""טלגרם"", ""שימוש ברכב"": ""הונדה, מ.ר: 6310263"", ""מיקום העבירות"": ""ראשון לציון"", ""תקופת העבירות"": ""25.8.2019 - 15.9.2019"", ""סכום כספי מעורב"": ""מעל 20,000 ₪""}",20.0,"1. **סוג העבירה וחומרתה**: שני התיקים עוסקים בעבירות סמים, אך סוג העבירה שונה - תיק 1 מתמקד בייצור והחזקה שלא לצריכה עצמית של סמים מסוג קנביס, בעוד שתיק 2 כולל החזקה שלא לצריכה עצמית וסחר בסמים מסוכנים שונים. חומרת העבירות דומה בשל היקף הפעילות והכמויות המעורבות.

2. **סוג הסם וכמותו**: סוג הסם שונה בין שני התיקים - תיק 1 כולל חשיש וקנבוס, ואילו תיק 2 כולל מגוון סמים מסוכנים כמו קטמין, MDMA, וקוקאין. הכמויות גם שונות - תיק 1 כולל מאות גרמים של קנביס, בעוד שתיק 2 כולל כמויות קטנות יותר של סמים שונים.

3. **שיטת הביצוע (MO)**: שיטת הביצוע שונה - תיק 1 כולל הפעלת מעבדה לגידול קנביס, ואילו תיק 2 כולל סחר בסמים מסוכנים שונים באמצעות טלגרם ורכב.

4. **נסיבות הליבה**: נסיבות הליבה שונות - תיק 1 כולל מעבדה וגידול קנביס, ואילו תיק 2 מתמקד בסחר בסמים מסוכנים ללא מעבדה.

5. **ישימות כתקדים**: בית המשפט עשוי לראות את שני התיקים כלא רלוונטיים זה לזה לצורכי ענישה בשל ההבדלים בסוג העבירה, סוג הסם, ושיטת הביצוע.

SIMILARITY_SCORE: 20","ok",""
"SH-19-02-58269-573","ME-17-04-17677-800",1,0,0,"{""מכירה לסוכן"": ""לא"", ""מעבדה"": ""לא"", ""סוג הסם, כמות"": ""קנבוס: 120.23 גרם"", ""עבירה"": ""החזקה שלא לצריכה עצמית, יבוא/סחר, 19"", ""עבירות נלוות כן/לא"": ""כן"", ""תפקיד"": ""בעל הסמים"", ""מיקום האירוע"": ""רחוב קהילת ונציה, תל אביב"", ""זמן האירוע"": ""22.11.2018, 19:00"", ""סוג העבירה"": ""נהיגה בקלות ראש"", ""פרטי המרדף"": ""הנאשם נמלט ברכבו, השליך סמים מהחלון, נרדף על ידי שוטר בסירנות וכריזה"", ""כמות נוספת של סמים"": ""19 שקיות עם סמים מסוכנים מסוג קנבוס, במשקל כולל של 97.22 גרם נטו; חמש שקיות עם סמים מסוכנים מסוג קנבוס במשקל כולל של 23.01 גרם נטו""}","{""משך זמן הפעילות"": ""מ-19.1.16 עד 4.4.17"", ""מיקום המעבדה"": ""בית בן 5 חדרים, ממ\""ד ומרתף"", ""עלות שכירות הבית"": ""6000 ₪ לחודש"", ""פרטי התשתית לגידול"": ""26 בתי מנורה ומנורות, 3 מדי טמפרטורה, 2 משקלים, מסור חשמלי, מברגה קונגו, דליים, סלים, צינורות מים, מכלי מים, טפטפות, מאווררים, מפזר חום, מד לחות, שואב אבק, שנאי חשמל"", ""כמות חשמל שנגנבה"": ""18,838 ₪"", ""סוגי עבירות"": ""יצור סם, גניבת חשמל"", ""סוג הסם במעבדה ביום המעצר"": ""עציצי ושתילי קנבוס בשלבי צמיחה שונים, עלי קנבוס מיובשים"", ""שווי הסם"": ""מליוני ₪"", ""מכירה לסוכן"": ""לא"", ""מעבדה"": ""כן"", ""סוג הסם, כמות"": ""קנבוס בשתילים: 72800 גרם"", ""עבירה"": ""ייצור"", ""עבירות נלוות כן/לא"": ""כן"", ""תפקיד"": ""בעל הסמים, בעל המעבדה""}",20.0,"1. **סוג העבירה וחומרתה**: שני התיקים עוסקים בעבירות סמים, אך סוג העבירה שונה - תיק 1 מתייחס להחזקה שלא לצריכה עצמית וסחר, בעוד תיק 2 מתמקד בייצור סם. חומרת העבירות דומה בשל מעורבות בסחר/ייצור סמים מסוכנים.

2. **סוג הסם וכמותו**: בשני התיקים מדובר בקנבוס, אך הכמויות שונות מאוד - 120.23 גרם בתיק 1 לעומת 72,800 גרם בתיק 2. ההבדל בכמות משמעותי.

3. **שיטת הביצוע (MO)**: תיק 1 כולל החזקה והשלכת סמים בזמן נהיגה, בעוד תיק 2 מתאר ייצור סמים במעבדה. השיטות שונות.

4. **נסיבות הליבה**: תיק 1 התרחש ברחוב וכלל נהיגה ומרדף, ואילו תיק 2 התרחש במעבדה בבית פרטי עם תשתית לגידול. הנסיבות שונות מאוד.

5. **ישימות כתקדים**: בית המשפט עשוי לראות את שני התיקים כקשורים לעבירות סמים, אך ההבדלים בסוג העבירה, הכמות ושיטת הביצוע מקשים על השימוש בתיק אחד כתקדים ישיר לשני.

SIMILARITY_SCORE: 20","ok",""
"SH-19-02-58269-573","SH-15-05-1276-44",1,0,0,"{""מכירה לסוכן"": ""לא"", ""מעבדה"": ""לא"", ""סוג הסם, כמות"": ""קנבוס: 120.23 גרם"", ""עבירה"": ""החזקה שלא לצריכה עצמית, יבוא/סחר, 19"", ""עבירות נלוות כן/לא"": ""כן"", ""תפקיד"": ""בעל הסמים"", ""מיקום האירוע"": ""רחוב קהילת ונציה, תל אביב"", ""זמן האירוע"": ""22.11.2018, 19:00"", ""סוג העבירה"": ""נהיגה בקלות ראש"", ""פרטי המרדף"": ""הנאשם נמלט ברכבו, השליך סמים מהחלון, נרדף על ידי שוטר בסירנות וכריזה"", ""כמות נוספת של סמים"": ""19 שקיות עם סמים מסוכנים מסוג קנבוס, במשקל כולל של 97.22 גרם נטו; חמש שקיות עם סמים מסוכנים מסוג קנבוס במשקל כולל של 23.01 גרם נטו""}","{""מקום המפגש"": ""קריית חיים"", ""מספר תיקים נוספים"": 2, ""סוגי עבירות נוספות"": ""החזקת סמים לצריכה עצמית"", ""שיטת מכירה"": ""מכירה ישירה לסוכן משטרתי"", ""מחיר ליחידה"": ""550 ₪"", ""סכום כולל ששולם"": ""6000 ₪"", ""סוג רכב"": ""מזדה"", ""שימוש בטלפון"": ""כן"", ""שימוש ב-SMS"": ""כן"", ""מקום המפגש השני"": ""צומת הרחובות משה שרת – אח\""י אילת"", ""סכום כולל שהוסכם"": ""11000 ₪"", ""משקל נטו של קוקאין"": ""15.7356 גרם"", ""מכירה לסוכן"": ""לא"", ""מעבדה"": ""לא"", ""סוג הסם, כמות"": ""חשיש: 5.5 גרם, קוקאין: 15.763 גרם"", ""עבירה"": ""יבוא/סחר, 19"", ""עבירות נלוות כן/לא"": ""לא"", ""תפקיד"": ""בעל הסמים""}",40.0,"1. **סוג העבירה וחומרתה** — שני התיקים כוללים עבירות של סחר בסמים לפי סעיף 19, מה שמצביע על חומרה דומה. עם זאת, סוג העבירה הנלווה שונה (נהיגה בקלות ראש בתיק 1 לעומת צריכה עצמית בתיק 2). הדמיון קיים ברמת החומרה של עבירת הסחר.

2. **סוג הסם וכמותו** — בתיק 1 מדובר בקנבוס בכמות משמעותית (120.23 גרם ועוד כ-120 גרם בסך הכול). בתיק 2 מדובר בכמות קטנה יותר של חשיש (5.5 גרם) ובכמות דומה של קוקאין (15.763 גרם). סוג הסם שונה, אך הכמות בסדר גודל דומה בחלק מהפריטים.

3. **שיטת הביצוע (MO)** — בתיק 1 הנאשם נמלט מהשוטר והשליך סמים, ואילו בתיק 2 מדובר במכירה ישירה לסוכן משטרתי. שיטות הביצוע שונות.

4. **נסיבות הליבה** — בשני התיקים אין מעבדה, אך הנסיבות שונות: נהיגה וזריקת סמים (תיק 1) לעומת מכירה ישירה (תיק 2). בתיק 1 יש נסיבות מחמירות (מרדף), ואילו בתיק 2 אין נסיבות מחמירות ברורות.

5. **ישימות כתקדים** — בית המשפט עשוי לראות את שני התיקים כקשורים לעבירות סמים חמורות, אך ההבדלים בשיטת הביצוע ובנסיבות עשויים להפחית מהרלוונטיות של האחד לאחר.

SIMILARITY_SCORE: 40","ok",""
"SH-20-05-28746-251","SH-21-11-9851-17",2,0,1,"{""מיקום העבירות"": [""הרצליה"", ""ראשון לציון"", ""תל אביב""], ""שיטת מכירה"": ""אפליקציית טלגראס"", ""איומים על שוטרים"": ""כן"", ""התנהגות במהלך מעצר"": ""איומים נוספים במהלך הנסיעה לתחנה"", ""זמן העבירות"": [""18:30"", ""21:00"", ""00:46""], ""מכירה לסוכן"": ""לא"", ""מעבדה"": ""לא"", ""סוג הסם, כמות"": ""קנבוס: 20 גרם"", ""עבירה"": ""יבוא/סחר, 19"", ""עבירות נלוות כן/לא"": ""כן"", ""תפקיד"": ""בעל הסמים""}","{""מכירה לסוכן"": ""כן"", ""מעבדה"": ""לא"", ""סוג הסם, כמות"": ""קוקאין: 40.397 גרם"", ""עבירה"": ""יבוא/סחר, 19"", ""עבירות נלוות כן/לא"": ""לא"", ""מספר נאשמים בפרשה"": 37, ""תקופת הפעילות"": ""אוקטובר 2020 - אוקטובר 2021"", ""מיקום המכירה הראשונה"": ""קיוסק בבעלות נאשם 2"", ""מיקום המכירה השנייה"": ""בית נאשם 1, לוד"", ""שיטת התקשורת במכירה הראשונה"": ""שיחת וידאו"", ""שיטת התקשורת במכירה השנייה"": ""מסרון"", ""מעורבות של זוגת הנאשם"": ""כן"", ""סכום כולל ששולם לנאשם 1"": ""15,750 ₪"", ""תפקיד"": ""בעל הסמים""}",40.0,"1. **סוג העבירה וחומרתה**: שני התיקים עוסקים בעבירות של יבוא/סחר בסמים, לפי סעיף 19, מה שמצביע על דמיון בסוג העבירה. עם זאת, חומרת העבירה עשויה להשתנות בהתאם לסוג הסם וכמותו. 
2. **סוג הסם וכמותו**: תיק 1 עוסק בקנבוס (20 גרם), בעוד שתיק 2 עוסק בקוקאין (40.397 גרם). סוג הסם שונה, אך הכמות בסדר גודל דומה. קוקאין נחשב לסם מסוכן יותר מקנבוס, מה שיכול להשפיע על חומרת העבירה.
3. **שיטת הביצוע (MO)**: תיק 1 מתאר מכירה באמצעות אפליקציית טלגראס, בעוד שתיק 2 מתאר מכירות באמצעות שיחת וידאו ומסרון. אמנם מדובר בשיטות תקשורת שונות, אך שתיהן כוללות שימוש בטכנולוגיה להעברת מסרים. 
4. **נסיבות הליבה**: בשני התיקים אין מעבדה, והנאשמים מוגדרים כ""בעל הסמים"", מה שמצביע על דמיון מסוים בנסיבות הליבה. עם זאת, תיק 2 כולל פרטים נוספים על מעורבות זוגתו של הנאשם וסכום הכסף ששולם לו.
5. **ישימות כתקדים**: בית משפט עשוי לראות את שני התיקים כרלוונטיים זה לזה מבחינת סוג העבירה (יבוא/סחר), אך ההבדלים בסוג הסם ובנסיבות הנלוות עשויים להשפיע על מידת הדמיון.

SIMILARITY_SCORE: 40","ok",""
"SH-20-06-12380-808","ME-19-01-68942-383",1,0,0,"{""מקום העבירה"": ""רמלה"", ""אמצעי תחבורה"": ""אופניים"", ""קשר משפחתי"": ""אחיו של פלוני"", ""שנת לידה"": ""2003"", ""מקום מגורים"": ""לוד"", ""סעיפי עבירה נוספים"": ""סעיף 29(א) לחוק העונשין"", ""מכירה לסוכן"": ""לא"", ""מעבדה"": ""לא"", ""סוג הסם, כמות"": ""קנבוס: 10 גרם"", ""עבירה"": ""יבוא/סחר, 19"", ""עבירות נלוות כן/לא"": ""לא"", ""תפקיד"": ""בעל הסמים""}","{""מכירה לסוכן"": ""לא"", ""מעבדה"": ""לא"", ""סוג הסם, כמות"": ""METHAMPHETAMINE: 1865 גרם"", ""עבירה"": ""יבוא/סחר, 19"", ""עבירות נלוות כן/לא"": ""כן"", ""תפקיד"": ""בעל הסמים"", ""מקור הסם"": ""מקסיקו"", ""שיטת ההברחה"": ""פסלונים בחבילת דואר"", ""כתובת למשלוח"": ""כתובת בית אמו של מיכאל"", ""מספר טלפון למשלוח"": ""מספר הטלפון של מיכאל"", ""תאריך ייבוא הסם"": ""21.12.18"", ""תאריך תפיסת הסם"": ""7.1.19"", ""שווי כולל של הסם בשוק"": ""466250000 ש\""ח"", ""קשר משפחתי בין הנאשם למיכאל"": ""קרובי משפחה""}",20.0,"להלן הניתוח המבוקש:

1. **סוג העבירה וחומרתה**:
שני התיקים עוסקים בעבירת יבוא/סחר בסמים, לפי סעיף 19 לחוק, כך שסוג העבירה זהה. עם זאת, חומרת העבירה שונה מאוד בין שני התיקים עקב סוג הסם וכמותו. 
2. **סוג הסם וכמותו**:
תיק 1 עוסק ב-10 גרם קנבוס, שהוא סם מסוג ""א'"", בעוד תיק 2 עוסק ב-1865 גרם מתאמפטמין, שהוא סם מסוג ""א'"". שני הסמים נחשבים לחומרים מסוכנים, אך המתאמפטמין נחשב לחומר ממכר ומסוכן יותר. כמו כן, הכמות בתיק 2 גדולה בהרבה מזו שבתיק 1. 
3. **שיטת הביצוע (MO)**:
תיק 1 אינו מספק פרטים על שיטת הביצוע, בעוד תיק 2 מתאר הברחה באמצעות חבילת דואר. ללא מידע נוסף על תיק 1, קשה להשוות את שיטות הביצוע.
4. **נסיבות הליבה**:
בשני התיקים אין מעבדה, והנאשם הוא ""בעל הסמים"". תיק 2 כולל פרטים נוספים על נסיבות היבוא והתפיסה, אך אין מספיק מידע על נסיבות הליבה בתיק 1 כדי לבצע השוואה מעמיקה.
5. **ישימות כתקדים**:
בית המשפט עשוי להתקשות לראות את שני התיקים כרלוונטיים זה לזה לצורכי ענישה עקב ההבדלים המשמעותיים בסוג הסם, בכמותו ובנסיבות העבירה.

SIMILARITY_SCORE: 20","ok",""
"SH-20-06-12380-808","ME-23-05-13598-78",1,0,0,"{""מקום העבירה"": ""רמלה"", ""אמצעי תחבורה"": ""אופניים"", ""קשר משפחתי"": ""אחיו של פלוני"", ""שנת לידה"": ""2003"", ""מקום מגורים"": ""לוד"", ""סעיפי עבירה נוספים"": ""סעיף 29(א) לחוק העונשין"", ""מכירה לסוכן"": ""לא"", ""מעבדה"": ""לא"", ""סוג הסם, כמות"": ""קנבוס: 10 גרם"", ""עבירה"": ""יבוא/סחר, 19"", ""עבירות נלוות כן/לא"": ""לא"", ""תפקיד"": ""בעל הסמים""}","{""מכירה לסוכן"": ""לא"", ""מעבדה"": ""כן"", ""סוג הסם, כמות"": ""קנבוס: 190000 גרם"", ""עבירה"": ""ייצור"", ""עבירות נלוות כן/לא"": ""כן"", ""תפקיד"": ""בעל הסמים, בעל המעבדה"", ""מיקום המעבדה"": ""מתחת לאדמת חוות יריחו, בקעת הירדן"", ""מספר חדרים במעבדה"": ""8"", ""תיאור הציוד"": ""69 מאווררים, 24 מאיידים למזגן, 8 מכשירים סופגי לחות, 281 מנורות לד, 13 מפוחי אוויר, 6 רשתות ניפוי, מתקן לקליטת חומר, 122 רפלקטורים, 107 שנאים, 10 משאבות, 6 מפוחים, דשן, שתילי קנביס וכלי עבודה"", ""שווי הציוד"": ""1,000,985 ₪"", ""מערכות חשמל ומים"": ""חוברו למערכות החווה"", ""כלי רכב להגעה והובלת ציוד"": ""רנו ל\""ז 4664852, סקודה ל\""ז 45711802"", ""תיק מצורף"": ""ת\""פ 37992-02-21"", ""מיקום בתיק המצורף"": ""בית הכלא שיקמה, אגף 5, תא מספר 2"", ""תאריך ושעה בתיק המצורף"": ""11.5.20 בשעה 11:00 או בסמוך לכך""}",10.0,"1. **סוג העבירה וחומרתה**: שני התיקים עוסקים בעבירות סמים, אך סוג העבירה שונה - תיק 1 עוסק ב""יבוא/סחר"" בעוד תיק 2 עוסק ב""ייצור"". חומרת העבירה בשני התיקים גבוהה, אך שונה באופייה. 
2. **סוג הסם וכמותו**: שני התיקים עוסקים בקנבוס, אך הכמות שונה במידה ניכרת - 10 גרם בתיק 1 לעומת 190,000 גרם בתיק 2. 
3. **שיטת הביצוע (MO)**: שיטת הביצוע שונה לחלוטין - תיק 1 אינו מתאר את שיטת הביצוע, אך מרמז על סחר/יבוא, בעוד תיק 2 מתאר ייצור במעבדה מתוחכמת.
4. **נסיבות הליבה**: נסיבות הליבה שונות מאוד - תיק 1 אינו כולל מעבדה, בעוד תיק 2 כולל מעבדה מתוחכמת וגדולה.
5. **ישימות כתקדים**: בהינתן ההבדלים בסוג העבירה, בכמות הסם, ובנסיבות הליבה, סביר שבית המשפט לא יראה את שני התיקים כרלוונטיים זה לזה לצורכי ענישה.

SIMILARITY_SCORE: 10","ok",""
"SH-21-02-40908-370","ME-22-07-32175-327",1,0,0,"{""מכירה לסוכן"": ""לא"", ""מעבדה"": ""לא"", ""סוג הסם, כמות"": ""קוקאין: 1.05 גרם"", ""עבירה"": ""החזקה שלא לצריכה עצמית, יבוא/סחר, 19"", ""עבירות נלוות כן/לא"": ""לא"", ""תפקיד"": ""בעל הסמים"", ""מספר נאשמים נוספים"": 3, ""מיקום העבירות"": ""קריית אונו, בת ים, רמלה"", ""תאריכים"": ""11.6.2020, 18.6.2020, 8.2.2021"", ""סוגי סמים נוספים"": ""קנבוס"", ""סכומי כסף"": ""1,100 ₪"", ""סעיפי חוק"": ""סעיף 13 פקודת הסמים, סעיף 19א פקודת הסמים, סעיף 29(א) חוק העונשין, סעיף 7(א) ו-(ג) סיפא פקודת הסמים""}","{""שיטת הפעולה"": ""שימוש בשמות וכתובות פיקטיביים לייבוא סמים"", ""מקור הסמים"": ""בלגיה"", ""שיטת האספקה"": ""שילוח דואר"", ""מיקום התפיסה"": ""אילת"", ""שם המעורב הנוסף"": ""עוז חולי"", ""כלים לאריזה וייצור"": ""שקיות ניילון קטנות, שלושה משקלים דיגיטליים"", ""מכירה לסוכן"": ""לא"", ""מעבדה"": ""לא"", ""סוג הסם, כמות"": ""קטמין: 2925 גרם, מתילמקאתינון: 997.7 גרם"", ""עבירה"": ""החזקה שלא לצריכה עצמית, יבוא/סחר"", ""עבירות נלוות כן/לא"": ""לא"", ""תפקיד"": ""בעל הסמים""}",30.0,"1. **סוג העבירה וחומרתה** — שני התיקים עוסקים בעבירות החזקה שלא לצריכה עצמית וסחר/יבוא סמים, אך תיק 1 כולל גם סעיף 19א לפקודת הסמים שאינו מופיע בתיק 2. חומרת העבירות דומה אך לא זהה.
2. **סוג הסם וכמותו** — תיק 1 כולל קוקאין (1.05 גרם) וקנבוס, בעוד תיק 2 כולל קטמין (2925 גרם) ומתילמקאתינון (997.7 גרם). סוגי הסמים שונים וכמויות הסם בתיק 2 גדולות בהרבה.
3. **שיטת הביצוע (MO)** — תיק 2 מתאר שימוש בשמות וכתובות פיקטיביים ושילוח דואר, בעוד תיק 1 אינו מספק פרטים על שיטת הביצוע. אין מידע מספיק כדי לקבוע דמיון בשיטת הביצוע.
4. **נסיבות הליבה** — בשני התיקים אין מעבדה, אך תיק 2 כולל פרטים על שיטת האספקה ושימוש בכלים לאריזה. תיק 1 כולל מספר נאשמים נוספים ומיקומים שונים.
5. **ישימות כתקדים** — בית המשפט עשוי לראות את שני התיקים כרלוונטיים חלקית לצורכי ענישה בשל הדמיון בעבירות החזקה שלא לצריכה עצמית וסחר/יבוא, אך ההבדלים בסוג וכמות הסמים ושיטת הביצוע עשויים להפחית מהרלוונטיות.

SIMILARITY_SCORE: 30","ok",""
"SH-21-03-7171-604","ME-23-01-46786-206",1,0,0,"{""מכירה לסוכן"": ""כן"", ""מעבדה"": ""לא"", ""סוג הסם, כמות"": ""קוקאין: 0.088 גרם"", ""עבירה"": ""יבוא/סחר, 19"", ""עבירות נלוות כן/לא"": ""כן"", ""תפקיד"": ""בעל הסמים""}","{""מקום העבירה"": ""קריית מוצקין"", ""שיטת תקשורת"": ""Telegram"", ""מחיר לגרם"": ""250 ₪"", ""היכרות עם הסוכן"": ""כן"", ""הודעות טלגרם"": ""5 תמונות של קוקאין, הודעות טקסט רבות"", ""מפגשים פיזיים"": ""2"", ""סיוע במכירה"": ""כן"", ""ליווי קטינה בעת העבירה"": ""כן"", ""מכירה לסוכן"": ""כן"", ""מעבדה"": ""לא"", ""סוג הסם, כמות"": ""קוקאין: 87.98 גרם"", ""עבירה"": ""יבוא/סחר, 19"", ""עבירות נלוות כן/לא"": ""לא"", ""תפקיד"": ""בעל הסמים""}",40.0,"1. **סוג העבירה וחומרתה** — שני התיקים עוסקים בעבירת ""יבוא/סחר, 19"", כלומר סעיף זהה בחוק, אך יש הבדל בנסיבות ובכמות הסם. חומרת העבירה עשויה להשתנות בהתאם לכמות הסם ולנסיבות נוספות.
2. **סוג הסם וכמותו** — שני התיקים כוללים קוקאין, אך יש הבדל משמעותי בכמות: 0.088 גרם לעומת 87.98 גרם. הכמות בתיק 2 גדולה פי 1000, מה שיכול להשפיע באופן מהותי על חומרת העבירה ורמת הענישה.
3. **שיטת הביצוע (MO)** — שני התיקים כוללים מכירה לסוכן והמעורבים מוגדרים כ""בעל הסמים"". תיק 2 מספק פרטים נוספים על שיטת הביצור כמו שימוש ב-Telegram, מפגשים פיזיים והעברת תמונות, אך אין מידע זהה בתיק 1.
4. **נסיבות הליבה** — בשני התיקים אין מעבדה, אך תיק 2 כולל נסיבות נוספות כמו ליווי קטינה בעת העבירה, מה שיכול להיחשב כנסיבה מחמירה.
5. **ישימות כתקדים** — בית המשפט עשוי לראות את שני התיקים כרלוונטיים זה לזה בגלל סוג העבירה והיות המעורבים ""בעל הסמים"", אך ההבדלים בכמות הסם ונסיבות נוספות בתיק 2 עשויים להפחית מהרלוונטיות.

SIMILARITY_SCORE: 40","ok",""
"SH-21-03-7171-604","SH-19-11-18218-11",1,0,0,"{""מכירה לסוכן"": ""כן"", ""מעבדה"": ""לא"", ""סוג הסם, כמות"": ""קוקאין: 0.088 גרם"", ""עבירה"": ""יבוא/סחר, 19"", ""עבירות נלוות כן/לא"": ""כן"", ""תפקיד"": ""בעל הסמים""}","{""מכירה לסוכן"": ""לא"", ""מעבדה"": ""לא"", ""סוג הסם, כמות"": ""קטמין: 12.689 גרם, MDMA: 10.718 גרם, 99 טבליות, קוקאין: 1.426 גרם"", ""עבירה"": ""החזקה שלא לצריכה עצמית, יבוא/סחר, 19"", ""עבירות נלוות כן/לא"": ""לא"", ""תפקיד"": ""לא בעל הסמים"", ""סוגי עבירות"": ""סחר בסם מסוכן, החזקת סם מסוכן שלא לצריכה עצמית"", ""סוגי סמים מעורבים"": ""אקסטזי, MDMA, חשיש, LSD, קוקאין, קטמין, קנאביס, DMT"", ""כמות עסקאות"": ""50"", ""שיטת תקשורת"": ""טלגרם"", ""שימוש ברכב"": ""הונדה, מ.ר: 6310263"", ""מיקום העבירות"": ""ראשון לציון"", ""תקופת העבירות"": ""25.8.2019 - 15.9.2019"", ""סכום כספי מעורב"": ""מעל 20,000 ₪""}",30.0,"1. **סוג העבירה וחומרתה**: שני התיקים עוסקים בעבירות סחר בסמים מסוכנים, אך סוג העבירה המדויק שונה - תיק 1 מתמקד ביבוא/סחר, בעוד שתיק 2 כולל גם החזקה שלא לצריכה עצמית בנוסף ליבוא/סחר. חומרת העבירה בשני התיקים גבוהה.

2. **סוג הסם וכמותו**: שני התיקים כוללים קוקאין, אך הכמויות שונות מאוד - 0.088 גרם בתיק 1 לעומת 1.426 גרם בתיק 2. תיק 2 כולל גם סוגי סמים נוספים (קטמין, MDMA). סדר הגודל של הכמויות שונה.

3. **שיטת הביצוע (MO)**: אין מידע מספיק על שיטת הביצוע בתיק 1, אך תיק 2 כולל פרטים כמו שימוש בטלגרם, רכב מסוים, ומספר עסקאות גבוה (50). אין אפשרות להשוות ישירות.

4. **נסיבות הליבה**: בשני התיקים לא מדובר במעבדה. תיק 1 לא כולל פרטים נוספים על נסיבות הליבה, בעוד שתיק 2 כולל פרטים על תקופת העבירות, מיקום, וסכום כספי מעורב.

5. **ישימות כתקדים**: בית המשפט עשוי לראות את שני התיקים כרלוונטיים חלקית זה לזה לצורכי ענישה בשל העיסוק בסחר בסמים מסוכנים, אך ההבדלים בסוג העבירה, סוגי הסמים, וכמויות הסמים מקשים על השימוש בתיק אחד כתקדים ישיר לשני.

SIMILARITY_SCORE: 30","ok",""
"SH-22-01-16014-223","ME-16-12-19902-389",1,0,0,"{""מכירה לסוכן"": ""כן"", ""סוג הסם, כמות"": ""חשיש: 31 גרם, MDMA: 11 טבליות"", ""עבירה"": ""יבוא/סחר, 19"", ""עבירות נלוות כן/לא"": ""כן"", ""מספר אישומים בכתב האישום"": 6, ""סכום כספי מכירת הסמים"": ""2100 שקלים"", ""תאריך העבירה האחרונה"": ""07.04.21"", ""תיק קודם עם פסילה"": ""11816-01-17"", ""שנת פקיעת רישיון הנהיגה"": 2014, ""תאריך פסילת הנהיגה"": ""11.07.18"", ""סעיפי עבירה"": ""סעיפים 13 + 19א לפקודת הסמים המסוכנים, סעיף 67 לפקודת התעבורה, סעיף 2א לפקודת ביטוח רכב מנועי, סעיף 10(א) לפקודת התעבורה"", ""מעבדה"": ""לא"", ""תפקיד"": ""בעל הסמים""}","{""מכירה לסוכן"": ""לא"", ""מעבדה"": ""לא"", ""סוג הסם, כמות"": ""קוקאין: 6175.95 גרם"", ""עבירה"": ""יבוא/סחר, 19"", ""עבירות נלוות כן/לא"": ""לא"", ""תפקיד"": ""לא בעל הסמים"", ""מקור הסם"": ""חו\""ל"", ""מדינת המקור"": ""גרמניה"", ""שיטת הסתרה"": ""תחתית כפולה עשויה מעץ"", ""מספר חבילות"": ""7"", ""שווי הסם"": ""2.4 מיליון ₪"", ""סעיף העבירה"": ""סעיף 13 יחד עם סעיף 19א"", ""חוק העבירה"": ""פקודת הסמים המסוכנים [נוסח חדש], השתל\""ג – 1973""}",40.0,"1. **סוג העבירה וחומרתה**: שני התיקים עוסקים בעבירות של יבוא/סחר בסמים מסוכנים לפי סעיף 19א לפקודת הסמים המסוכנים, מה שמצביע על דמיון בסוג העבירה וחומרתה. שני התיקים כוללים אישומים תחת סעיפים 13 ו-19א, מה שמרמז על חומרה דומה. עם זאת, קיימות עבירות נלוות בתיק 1 שלא מופיעות בתיק 2.

2. **סוג הסם וכמותו**: תיק 1 כולל חשיש (31 גרם) ו-MDMA (11 טבליות), בעוד שתיק 2 כולל כמות גדולה בהרבה של קוקאין (6175.95 גרם). סוג הסם שונה, וכמות הסם בתיק 2 גדולה משמעותית מזו שבתיק 1, מה שמצביע על חומרה גבוהה יותר.

3. **שיטת הביצוע (MO)**: בתיק 1 לא מסופק מידע מפורט על שיטת הביצוע, אך ידוע שהנאשם היה ""בעל הסמים"". בתיק 2, הנאשם לא היה ""בעל הסמים"", והסם הוברח מגרמניה באמצעות תחתית כפולה עשויה מעץ. ההבדלים בתפקיד הנאשם ובשיטת ההברחה מצביעים על שוני בשיטת הביצוע.

4. **נסיבות הליבה**: בשני התיקים לא מדובר במעבדה. בתיק 1 קיימות עבירות נלוות ומידע על תיקים קודמים, מה שעשוי לרמז על נסיבות מחמירות. בתיק 2, שווי הסם גבוה מאוד (2.4 מיליון ₪), והסם הגיע מחו""ל, מה שיכול להיחשב לנסיבות מחמירות.

5. **ישימות כתקדים**: למרות ששני התיקים עוסקים בעבירות סחר בסמים לפי סעיפים דומים, ההבדלים בכמות הסם, סוגו, ושיטת הביצוע עשויים להשפיע על הישימות כתקדים. בית המשפט עשוי להתייחס אליהם כשונים בשל הפרמטרים הללו.

SIMILARITY_SCORE: 40","ok",""
"SH-22-01-16014-223","ME-18-07-67342-121",1,0,0,"{""מכירה לסוכן"": ""כן"", ""סוג הסם, כמות"": ""חשיש: 31 גרם, MDMA: 11 טבליות"", ""עבירה"": ""יבוא/סחר, 19"", ""עבירות נלוות כן/לא"": ""כן"", ""מספר אישומים בכתב האישום"": 6, ""סכום כספי מכירת הסמים"": ""2100 שקלים"", ""תאריך העבירה האחרונה"": ""07.04.21"", ""תיק קודם עם פסילה"": ""11816-01-17"", ""שנת פקיעת רישיון הנהיגה"": 2014, ""תאריך פסילת הנהיגה"": ""11.07.18"", ""סעיפי עבירה"": ""סעיפים 13 + 19א לפקודת הסמים המסוכנים, סעיף 67 לפקודת התעבורה, סעיף 2א לפקודת ביטוח רכב מנועי, סעיף 10(א) לפקודת התעבורה"", ""מעבדה"": ""לא"", ""תפקיד"": ""בעל הסמים""}","{""תקופת האירועים"": ""אפריל 2018 - 17.7.2018"", ""סך התשלום לנאשם"": ""1700 שקלים"", ""מספר פעמים שהנאשם העביר סמים"": ""מספר מועדים"", ""זהות מסירי הסמים"": ""מאהר ואדם נוסף לא ידוע, מאהר ושניים נוספים לא ידועים"", ""כמות חשיש בפלטות"": ""21 פלטות"", ""כמות חשיש בקילוגרמים"": ""4.6 ק\""ג"", ""כמות כדורי MDMA שנתפסו"": ""2054 כדורים"", ""מכירה לסוכן"": ""לא"", ""מעבדה"": ""לא"", ""סוג הסם, כמות"": ""חשיש: 4600 גרם, MDMA: 4000 טבליות"", ""עבירה"": ""החזקה שלא לצריכה עצמית"", ""עבירות נלוות כן/לא"": ""לא"", ""תפקיד"": ""לא בעל הסמים""}",20.0,"1. **סוג העבירה וחומרתה**: שני התיקים עוסקים בעבירות סמים, אך סוג העבירה שונה - תיק 1 מתייחס ל""יבוא/סחר"" בעוד תיק 2 מתייחס ל""החזקה שלא לצריכה עצמית"". חומרת העבירה ביבוא/סחר לרוב גבוהה יותר מאשר בהחזקה שלא לצריכה עצמית.

2. **סוג הסם וכמותו**: שני התיקים כוללים חשיש ו-MDMA. הכמות בתיק 1 (31 גרם חשיש ו-11 טבליות MDMA) נמוכה בהרבה מזו שבתיק 2 (4600 גרם חשיש ו-4000 טבליות MDMA), מה שמצביע על הבדל משמעותי בכמות.

3. **שיטת הביצוע (MO)**: אין מידע ישיר על שיטת הביצוע בשני התיקים, אך ניתן להסיק שבתיק 1 הנאשם היה מעורב במכירה (מכר לסוכן) ואילו בתיק 2 לא הייתה מכירה לסוכן. כמויות הסמים ונסיבות אחרות מרמזות על הבדלים בשיטת הביצוע.

4. **נסיבות הליבה**: בשני התיקים לא הייתה מעבדה. בתיק 1 הנאשם הואשם ביבוא/סחר והיה מעורב במכירה, ואילו בתיק 2 מדובר בהחזקה שלא לצריכה עצמית ללא מכירה לסוכן. נסיבות אלו מצביעות על הבדלים בנסיבות הליבה.

5. **ישימות כתקדים**: בהתחשב בהבדלים בסוג העבירה, בכמות הסמים ובנסיבות הליבה, סביר שבית המשפט לא יראה את שני התיקים כדומים מספיק כדי שישמשו כתקדים זה לזה לצורכי ענישה.

SIMILARITY_SCORE: 20","ok",""
"SH-22-05-36033-112","SH-22-05-39259-133",3,1,1,"{""מעבדה"": ""לא"", ""סוג הסם, כמות"": ""קנבוס: 9.78 גרם"", ""עבירה"": ""יבוא/סחר, 19"", ""עבירות נלוות כן/לא"": ""כן"", ""תפקיד"": ""בעל הסמים"", ""סוג פלטפורמה לסחר"": ""טלגרם"", ""שמות כינוי בטלגרם"": ""@zeuskush, @paultheOgallen"", ""מספר טלפונים ניידים של הנאשם"": ""2"", ""סוג רכב הנאשם"": ""סקודה אוקטביה"", ""לוחית זיהוי רכב"": ""35-163-53"", ""שמות שוטרים מעורבים"": ""יאיר דניאל, משה דיין, ללה בוברוב"", ""כתובות מגורים מוזכרות"": ""רחוב משה ברזני 23 קריית גת, מתחם סטודנטים בקיבוץ ברור חיל, קיבוץ שדה יואב"", ""סכומי עסקאות"": ""300 ₪, 200 ₪, 500 ₪"", ""כמויות סם בעסקאות"": ""5 גרם, 3 גרם, 4.78 גרם, 10 גרם, 2 גרם"", ""פרטי זיהוי שנשלחו"": ""תצלום עמוד פייסבוק, צילום תעודת זהות, סרטון וידאו"", ""מכירה לסוכן"": ""לא""}","{""כלי תקשורת"": ""טלגרם"", ""מספר טלפון הנאשם"": ""053-8441319"", ""כלי רכב"": ""טויוטה ל\""ר 43-957-64"", ""שמות הסוכנים הסמויים"": ""משה דיין, מולה מינטסנוט"", ""כינויים בטלגרם"": ""Maor Moshe, Alamo"", ""מיקום העסקה הראשונה"": ""קיבוץ ברור חיל"", ""מיקום העסקה השנייה"": ""רח' הרב אבן דנן, נתיבות"", ""מחירים"": ""500 ₪ עבור 10.85 גרם, 350 ₪ עבור 4.90 גרם"", ""כינוי היוזר בטלגרם"": ""סבא חביב"", ""השימוש בקטין"": ""כן"", ""מכירה לסוכן"": ""כן"", ""מעבדה"": ""לא"", ""סוג הסם, כמות"": ""קנבוס: 15.75 גרם"", ""עבירה"": ""יבוא/סחר, 19"", ""עבירות נלוות כן/לא"": ""לא"", ""תפקיד"": ""בעל הסמים""}",70.0,"1. **סוג העבירה וחומרתה** — שני התיקים עוסקים בעבירת יבוא/סחר בסעיף 19, שהוא סעיף חמור. חומרת העבירה דומה בשני התיקים, אך בתיק 1 ישנן עבירות נלוות, מה שעשוי להחמיר את הענישה. 
2. **סוג הסם וכמותו** — בשני התיקים מדובר בקנבוס בכמויות דומות (9.78 גרם ו-15.75 גרם). סדר הגודל של הכמויות דומה, והחומר הוא אותו סוג.
3. **שיטת הביצוע (MO)** — שני התיקים כוללים שימוש בפלטפורמת טלגרם לסחר בסמים. כמו כן, בשני התיקים נעשה שימוש בכינויים ומספרי טלפון ניידים. עם זאת, בתיק 2 היה שימוש בקטין, מה שיכול להשפיע על חומרת העבירה.
4. **נסיבות הליבה** — בשני התיקים לא הייתה מעבדה, והנאשם שימש כבעל הסמים. קיים דמיון בנסיבות, אך בתיק 2 היה שימוש בקטין, מה שעשוי להיחשב כנסיבה מחמירה.
5. **ישימות כתקדים** — בית משפט עשוי לראות את שני התיקים כרלוונטיים זה לזה לצורכי ענישה בשל הדמיון בסוג העבירה, סוג הסם וכמותו, ושיטת הביצוע. עם זאת, ההבדלים בנוגע לעבירות נלוות ולשימוש בקטין עשויים להשפיע על מידת הדמיון.

SIMILARITY_SCORE: 70","ok",""
"SH-22-05-39259-133","ME-16-06-6788-21",1,0,0,"{""כלי תקשורת"": ""טלגרם"", ""מספר טלפון הנאשם"": ""053-8441319"", ""כלי רכב"": ""טויוטה ל\""ר 43-957-64"", ""שמות הסוכנים הסמויים"": ""משה דיין, מולה מינטסנוט"", ""כינויים בטלגרם"": ""Maor Moshe, Alamo"", ""מיקום העסקה הראשונה"": ""קיבוץ ברור חיל"", ""מיקום העסקה השנייה"": ""רח' הרב אבן דנן, נתיבות"", ""מחירים"": ""500 ₪ עבור 10.85 גרם, 350 ₪ עבור 4.90 גרם"", ""כינוי היוזר בטלגרם"": ""סבא חביב"", ""השימוש בקטין"": ""כן"", ""מכירה לסוכן"": ""כן"", ""מעבדה"": ""לא"", ""סוג הסם, כמות"": ""קנבוס: 15.75 גרם"", ""עבירה"": ""יבוא/סחר, 19"", ""עבירות נלוות כן/לא"": ""לא"", ""תפקיד"": ""בעל הסמים""}","{""מקור הסם"": ""הולנד"", ""שיטת השילוח"": ""דואר רשום"", ""מספר פעמים שהנאשמת פנתה לסניף הדואר"": ""3"", ""התקשרות עם שי במהלך קבלת החבילה"": ""כן"", ""הוראות משי"": ""הנחיות להעברת החבילה, הזהיר משוטרים, הנחיות לתגובה במקרה של עצירה"", ""מיקום העצירה"": ""ביציאה מסניף הדואר"", ""מכירה לסוכן"": ""לא"", ""מעבדה"": ""לא"", ""סוג הסם, כמות"": ""קוקאין: 2565 גרם"", ""עבירה"": ""יבוא/סחר, 19"", ""עבירות נלוות כן/לא"": ""כן"", ""תפקיד"": ""לא בעל הסמים""}",20.0,"1. **סוג העבירה וחומרתה**: שני התיקים עוסקים בעבירות של יבוא/סחר לפי סעיף 19, מה שמצביע על דמיון בסוג העבירה. עם זאת, חומרת העבירה עשויה להיות שונה בשל נוכחות עבירות נלוות בתיק 2 והיעדרן בתיק 1. כמו כן, תיק 2 כולל כמות סם גדולה בהרבה.

2. **סוג הסם וכמותו**: תיק 1 עוסק בקנבוס (15.75 גרם), בעוד תיק 2 עוסק בקוקאין (2565 גרם). סוג הסם שונה, וגם הכמות שונה במידה ניכרת. הקוקאין בתיק 2 הוא סם מסוכן יותר בכמות גדולה בהרבה.

3. **שיטת הביצוע (MO)**: תיק 1 כולל עסקאות ישירות באמצעות טלגרם ומכירה לסוכן סמוי, בעוד תיק 2 כולל יבוא דרך הדואר הרשום ללא מכירה לסוכן. השיטות שונות.

4. **נסיבות הליבה**: בשני התיקים אין מעבדה, אך הם שונים בנסיבות אחרות: תיק 1 כולל שימוש בקטין ומכירה לסוכן סמוי, בעוד תיק 2 כולל יבוא דרך הדואר וקבלת הוראות מבעל הסם.

5. **ישימות כתקדים**: בהתחשב בהבדלים בסוג הסם, בכמות, בשיטת הביצוע ובנסיבות הליבה, סביר שבית המשפט לא יראה את שני התיקים כדומים מאוד לצורכי ענישה. עם זאת, העבירה המרכזית (יבוא/סחר לפי סעיף 19) זהה.

SIMILARITY_SCORE: 20","ok",""
"SH-22-05-39259-133","SH-21-03-7171-604",2,0,1,"{""כלי תקשורת"": ""טלגרם"", ""מספר טלפון הנאשם"": ""053-8441319"", ""כלי רכב"": ""טויוטה ל\""ר 43-957-64"", ""שמות הסוכנים הסמויים"": ""משה דיין, מולה מינטסנוט"", ""כינויים בטלגרם"": ""Maor Moshe, Alamo"", ""מיקום העסקה הראשונה"": ""קיבוץ ברור חיל"", ""מיקום העסקה השנייה"": ""רח' הרב אבן דנן, נתיבות"", ""מחירים"": ""500 ₪ עבור 10.85 גרם, 350 ₪ עבור 4.90 גרם"", ""כינוי היוזר בטלגרם"": ""סבא חביב"", ""השימוש בקטין"": ""כן"", ""מכירה לסוכן"": ""כן"", ""מעבדה"": ""לא"", ""סוג הסם, כמות"": ""קנבוס: 15.75 גרם"", ""עבירה"": ""יבוא/סחר, 19"", ""עבירות נלוות כן/לא"": ""לא"", ""תפקיד"": ""בעל הסמים""}","{""מכירה לסוכן"": ""כן"", ""מעבדה"": ""לא"", ""סוג הסם, כמות"": ""קוקאין: 0.088 גרם"", ""עבירה"": ""יבוא/סחר, 19"", ""עבירות נלוות כן/לא"": ""כן"", ""תפקיד"": ""בעל הסמים""}",40.0,"1. **סוג העבירה וחומרתה**: שני התיקים עוסקים בעבירת ""יבוא/סחר"" לפי סעיף 19, מה שמצביע על דמיון בסוג העבירה. עם זאת, חומרת העבירה עשויה להשתנות בשל סוג הסם וכמותו. 
2. **סוג הסם וכמותו**: תיק 1 עוסק בקנבוס (15.75 גרם), בעוד שתיק 2 עוסק בקוקאין (0.088 גרם). סוג הסם שונה, וגם הכמות שונה במידה ניכרת. 
3. **שיטת הביצוע (MO)**: שני התיקים כוללים מכירה לסוכן, מה שמצביע על דפוס דומה. עם זאת, פרטים נוספים על שיטת הביצוע חסרים בתיק 2, מה שלא מאפשר השוואה מלאה. 
4. **נסיבות הליבה**: בשני התיקים לא הייתה מעבדה, והנאשם שימש כבעל הסמים. 
5. **ישימות כתקדים**: בית המשפט עשוי לראות את שני התיקים כרלוונטיים זה לזה מבחינת סוג העבירה (יבוא/סחר), אך ההבדלים בסוג הסם ובכמותו עשויים להשפיע על מידת הדמיון.

SIMILARITY_SCORE: 40","ok",""
"SH-23-07-61816-773","SH-24-01-26596-264",1,0,0,"{""מכירה לסוכן"": ""כן"", ""מעבדה"": ""לא"", ""סוג הסם, כמות"": ""קוקאין: 0.38 גרם"", ""עבירה"": ""יבוא/סחר, 19"", ""עבירות נלוות כן/לא"": ""לא"", ""מיקום העבירה"": ""רח' הרצל 43, חיפה"", ""תפקיד הסוכן המשטרתי"": ""איסוף ראיות ומידע נגד עבריינים"", ""תקופת העבירות"": ""יולי 2023"", ""מספר עסקאות"": ""2"", ""זמני העסקאות"": ""2.7.23 בשעה 12:45, 4.7.23 בשעה 15:30"", ""סכום עסקה"": ""100 שקלים לכל עסקה"", ""כרות בין הנאשמים"": ""קיימת"", ""שיטת קשר עם הסוכן"": ""שריקות והסטת וילון"", ""תפקיד"": ""בעל הסמים""}","{""מכירה לסוכן"": ""כן"", ""מעבדה"": ""לא"", ""סוג הסם, כמות"": ""קנבוס: 140.97 גרם"", ""עבירה"": ""החזקה שלא לצריכה עצמית, יבוא/סחר, 19"", ""עבירות נלוות כן/לא"": ""לא"", ""תפקיד"": ""בעל הסמים"", ""מספר עבירות סחר"": ""6"", ""מספר עבירות אחזקה"": ""1"", ""סוגי עבירות"": ""סחר בסמים מסוכנים, אחזקת סם מסוכן שלא לצריכה עצמית"", ""סוג הסם"": ""קנבוס"", ""כמות כוללת סם"": ""140.97 גרם"", ""מספר טלפון הנאשם"": ""053-7262975"", ""מספר טלפון הסוכן"": ""052-5219530"", ""מקום העסקה הראשון"": ""חניית רכבים ברחוב בן יאיר 24, ערד"", ""מקום העסקה השני"": ""רחוב האירוסים 52, ערד"", ""מקום העסקה השלישי"": ""תחנת הדלק דור אלון, כניסה לעיר ערד"", ""מקום העסקה הרביעי"": ""ים המלח"", ""מקום העסקה החמישי"": ""רחוב שמעון 7, ערד"", ""מספר רכב הנאשם"": ""ל.ז 56-748-12"", ""סוג רכב הנאשם"": ""סקודה אוקטביה"", ""כמות כסף מזומן"": ""2600 ש\""ח"", ""מספר כרטיסי סים ברכב"": ""17"", ""שימוש בישומון טלגראם"": ""כן"", ""שם קבוצת טלגראם"": ""SKOPY, SKOPY33"", ""סוג קנבוס מועבר"": ""אינדיקה, כושי פרסי""}",30.0,"1. **סוג העבירה וחומרתה**: שני התיקים כוללים עבירות סחר בסמים, אך תיק 1 מתמקד ביבוא/סחר בקוקאין, שהוא סם מסוכן יותר, בעוד שתיק 2 כולל סחר ואחזקה של קנבוס, שהוא סם פחות מסוכן. חומרת העבירות שונה בשל סוג הסם והעבירות הנלוות.

2. **סוג הסם וכמותו**: תיק 1 כולל קוקאין בכמות קטנה מאוד (0.38 גרם), בעוד שתיק 2 כולל קנבוס בכמות גדולה בהרבה (140.97 גרם). סוג הסם שונה, וכך גם סדר הגודל של הכמות.

3. **שיטת הביצוע (MO)**: בשני התיקים יש מכירה לסוכן, אך שיטות הביצוע שונות. תיק 1 כולל שימוש בשריקות והסטת וילון, בעוד שתיק 2 כולל שימוש בטלפון, רכב, וישומון טלגראם. מספר העסקאות גם הוא שונה (2 לעומת 6).

4. **נסיבות הליבה**: בשני התיקים אין מעבדה, והנאשם הוא בעל הסמים. עם זאת, נסיבות אחרות כמו מיקום העבירה, מספר העסקאות, ודרכי התקשורת שונות.

5. **ישימות כתקדים**: בית משפט עשוי לראות את שני התיקים כקשורים לנושא הסחר בסמים, אך ההבדלים בסוג הסם, כמותו, ושיטת הביצוע עשויים להפחית מהרלוונטיות של תיק אחד כתקדים לשני.

SIMILARITY_SCORE: 30","ok",""
"SH-23-09-35299-260","ME-22-06-54208-991",1,0,0,"{""מכירה לסוכן"": ""כן"", ""מעבדה"": ""לא"", ""סוג הסם, כמות"": ""קוקאין: 0.56 גרם"", ""עבירה"": ""יבוא/סחר, 19"", ""עבירות נלוות כן/לא"": ""לא"", ""תפקיד"": ""בעל הסמים"", ""מספר טלפון של הסוכן"": ""054-6454608"", ""מספר טלפון של ודים"": ""055-3955795"", ""מקום המפגש"": ""קיוסק אלכסנדר, שכונה יעלים, באר שבע"", ""סוג רכב הנאשם"": ""קיה"", ""מספר רישוי של רכב הנאשם"": ""ל.ז 30-522-72"", ""שיטת תשלום"": ""מזומן"", ""סכום העסקה"": ""300 ₪"", ""אופן התקשורת"": ""שיחות טלפון ווואטסאפ""}","{""מכירה לסוכן"": ""כן"", ""מעבדה"": ""לא"", ""סוג הסם, כמות"": ""קוקאין: 98 גרם"", ""עבירה"": ""יבוא/סחר, 19"", ""עבירות נלוות כן/לא"": ""לא"", ""מיקום העסקה"": ""חנות ברחוב דוד רזיאל 26 תל אביב"", ""מחיר לגרם בעסקה הראשונה"": ""230 ₪"", ""מחיר לגרם בעסקה השנייה"": ""240 ₪"", ""כמות קוקאין בעסקה הראשונה"": ""47.35 גרם"", ""כמות קוקאין בעסקה השנייה"": ""49.3859 גרם"", ""סך התמורה בעסקה הראשונה"": ""11,500 ₪"", ""סך התמורה בעסקה השנייה"": ""12,000 ₪"", ""היכרות קודמת בין הנאשם לסוכן"": ""כן"", ""תפקיד"": ""בעל הסמים""}",40.0,"1. **סוג העבירה וחומרתה** — שני התיקים עוסקים בעבירת ""יבוא/סחר, 19"", כלומר מדובר באותו סוג עבירה. חומרת העבירה דומה בשני התיקים מאחר והם קשורים לסעיף זהה בחוק.

2. **סוג הסם וכמותו** — בשני התיקים מדובר בקוקאין, אך הכמויות שונות מאוד: 0.56 גרם בתיק 1 לעומת 98 גרם בתיק 2 (או 47.35 ו-49.3859 גרם בשתי עסקאות נפרדות). ההבדל בכמות הסם משמעותי ולא מדובר בכמויות דומות בסדר גודל.

3. **שיטת הביצוע (MO)** — שני התיקים כוללים מכירה לסוכן, ללא מעבדה, והנאשם הוא ""בעל הסמים"". עם זאת, פרטי שיטת הביצוע כמו אופן התקשורת, מקום המפגש, וסכום העסקה שונים בין התיקים.

4. **נסיבות הליבה** — בשני התיקים לא מדובר במעבדה, אך יש הבדלים בנסיבות אחרות כמו כמות הסם ומקום העסקה. בתיק 2 היו שתי עסקאות בנפרד, דבר שלא קיים בתיק 1.

5. **ישימות כתקדים** — בית משפט עשוי להתייחס לשני התיקים כרלוונטיים זה לזה מבחינת סוג העבירה, אך ההבדלים בכמות הסם ובנסיבות אחרות עשויים להפחית מהרלוונטיות של תיק אחד כתקדים לענישה בתיק השני.

SIMILARITY_SCORE: 40","ok",""
"SH-24-01-3818-394","ME-17-04-17677-800",3,1,1,"{""מיקום המעבדה"": ""רחוב אגמית 6, טירת הכרמל"", ""תקופת השכירות"": ""10.7.23 עד 9.7.25"", ""מקור תשלום השכירות"": ""חשבון הבנק של נאשם 2"", ""פרטי הכלים לגידול"": ""מנורות, מפוחים, פילטרים, שעוני עצר, מאווררים, מזגנים ניידים, מחשב מים, מדי חום, בלוני חמצן, בקבוקי דישון אדניות, סופחי לחות, חביות, מפזרי אדים"", ""מספר שתילים ומשקל נטו"": ""297 שתילים, 75.08 ק\""ג נטו"", ""שווי קנבוס מוכן להפצה"": ""8,450 ₪"", ""כמות ממוצעת לעסקה"": ""10 גרם לעסקה"", ""סך הכנסות ממכירת קנבוס"": ""27,000 ₪"", ""מכירה לסוכן"": ""לא"", ""מעבדה"": ""כן"", ""סוג הסם, כמות"": ""קנבוס בשתילים: 75080 גרם, קנבוס: 169 גרם"", ""עבירה"": ""ייצור, החזקה שלא לצריכה עצמית, יבוא/סחר, 19"", ""עבירות נלוות כן/לא"": ""לא"", ""תפקיד"": ""בעל הסמים, בעל המעבדה""}","{""משך זמן הפעילות"": ""מ-19.1.16 עד 4.4.17"", ""מיקום המעבדה"": ""בית בן 5 חדרים, ממ\""ד ומרתף"", ""עלות שכירות הבית"": ""6000 ₪ לחודש"", ""פרטי התשתית לגידול"": ""26 בתי מנורה ומנורות, 3 מדי טמפרטורה, 2 משקלים, מסור חשמלי, מברגה קונגו, דליים, סלים, צינורות מים, מכלי מים, טפטפות, מאווררים, מפזר חום, מד לחות, שואב אבק, שנאי חשמל"", ""כמות חשמל שנגנבה"": ""18,838 ₪"", ""סוגי עבירות"": ""יצור סם, גניבת חשמל"", ""סוג הסם במעבדה ביום המעצר"": ""עציצי ושתילי קנבוס בשלבי צמיחה שונים, עלי קנבוס מיובשים"", ""שווי הסם"": ""מליוני ₪"", ""מכירה לסוכן"": ""לא"", ""מעבדה"": ""כן"", ""סוג הסם, כמות"": ""קנבוס בשתילים: 72800 גרם"", ""עבירה"": ""ייצור"", ""עבירות נלוות כן/לא"": ""כן"", ""תפקיד"": ""בעל הסמים, בעל המעבדה""}",85.0,"1. **סוג העבירה וחומרתה** — שני התיקים עוסקים בעבירות הקשורות לייצור סם מסוג קנבוס, אך תיק 1 כולל גם החזקה שלא לצריכה עצמית וסחר, בעוד שתיק 2 מתמקד בייצור וכולל בנוסף עבירת גניבת חשמל. חומרת העבירות דומה בשל היקף הייצור.

2. **סוג הסם וכמותו** — שני התיקים עוסקים בקנבוס. הכמות ב**תיק 1** היא 75.08 ק""ג נטו (297 שתילים) בנוסף ל-169 גרם קנבוס, וב**תיק 2** מדובר ב-72.8 ק""ג. הכמויות דומות מאוד.

3. **שיטת הביצוע (MO)** — שני התיקים כוללים הפעלת מעבדה לגידול קנבוס עם ציוד דומה (מנורות, מאווררים, מדי חום, מערכות השקיה). הדפוס דומה.

4. **נסיבות הליבה** — שני התיקים כוללים מעבדה, תכנון מראש וציוד מתוחכם. בשניהם הנאשם הוא בעל המעבדה והסם. אין נסיבות מחמירות יוצאות דופן.

5. **ישימות כתקדים** — בית משפט סביר יראה את שני התיקים כרלוונטיים זה לזה לצורכי ענישה בשל הדמיון בסוג העבירה, הכמות, ושיטת הביצוע.

SIMILARITY_SCORE: 85","ok",""
"SH-24-01-9804-702","ME-19-01-68958-71",1,0,0,"{""מכירה לסוכן"": ""לא"", ""מעבדה"": ""לא"", ""סוג הסם, כמות"": ""חשיש: 885.25 גרם, קנבוס: 730.52 גרם"", ""עבירה"": ""החזקה שלא לצריכה עצמית, יבוא/סחר, 19"", ""עבירות נלוות כן/לא"": ""כן"", ""תפקיד"": ""בעל הסמים"", ""מספר כתבי אישום"": 4, ""סך הכול עבירות"": 14, ""סך הכול תמורה בשקלים"": 4850, ""כמות לקוחות"": 5, ""כלי תקשורת לסחר"": ""טלגרם"", ""עבירות נהיגה"": ""נהיגה ללא רישיון, נהיגה תחת השפעת סמים, נהיגה ברכב ללא ביטוח"", ""מקומות ביצוע העבירות"": ""בבית הנאשם, ברכב הנאשם"", ""סוגי סמים נוספים"": ""חשיש, קנאביס"", ""כמויות סמים נוספות"": ""498.37-גרם-חשיש, 536.36-גרם-קנאביס, 91.25-גרם-קנאביס, 56.16-גרם-חשיש, 85.93-גרם-קנאביס, 2.30-גרם-קנאביס, 1.86-גרם-קנאביס, 300.96-גרם-חשיש, 2.99-גרם-קנאביס, 57-גרם-קנאביס, 9.83-גרם-קנאביס, 29.76-גרם-חשיש"", ""סכום כסף נמצא בחיפוש"": 850}","{""מכירה לסוכן"": ""לא"", ""מעבדה"": ""לא"", ""סוג הסם, כמות"": ""METHAMPHETAMINE: 1865 גרם"", ""עבירה"": ""יבוא/סחר, 19"", ""עבירות נלוות כן/לא"": ""כן"", ""תפקיד"": ""לא בעל הסמים"", ""סוג פסלונים"": ""19 פסלונים"", ""מקור הסם"": ""מקסיקו"", ""שיטת השילוח"": ""משלוח דואר"", ""כתובת למשלוח"": ""כתובת בית אמו של הנאשם"", ""מחיר ק\""ג בישראל"": ""250,000 ₪"", ""תאריך יציאת החבילה ממקסיקו"": ""21.12.18"", ""תאריך נכנסת החבילה לישראל"": ""28.12.18"", ""תאריך תפיסת החבילה"": ""7.1.19"", ""קרוב משפחה מעורב"": ""עמרם""}",40.0,"1. **סוג העבירה וחומרתה** — שני התיקים עוסקים בעבירות סחר בסמים (§19 לפקודת הסמים המסוכנים), אך סוג הסם שונה. תיק 1 מתייחס לחשיש וקנבוס, בעוד תיק 2 עוסק ב-METHAMPHETAMINE, שהוא סם מסוכן יותר. חומרת העבירה בשני התיקים דומה בשל היותם עבירות סחר, אך סוג הסם והכמות משפיעים על החומרה.

2. **סוג הסם וכמותו** — סוג הסם שונה בין התיקים. תיק 1 כולל חשיש וקנבוס, ואילו תיק 2 כולל METHAMPHETAMINE, שהוא סם מסוכן יותר. הכמות בתיק 2 (1865 גרם) גדולה מזו שבתיק 1 (כ-885 גרם חשיש ו-730 גרם קנבוס), אך יש להביא בחשבון את רמת המסוכנות של הסם.

3. **שיטת הביצוע (MO)** — שיטת הביצוע שונה. תיק 1 לא מפרט את שיטת היבוא, אך מציין שימוש ב""טלגרם"" לסחר, ואילו תיק 2 כולל יבוא באמצעות משלוח דואר ממקסיקו.

4. **נסיבות הליבה** — בשני התיקים אין מעבדה, אך הם שונים בנסיבות אחרות. תיק 1 כולל החזקה שלא לצריכה עצמית ומכירה, ואילו תיק 2 מתמקד ביבוא. בתיק 2, הנאשם לא היה בעל הסמים, בניגוד לתיק 1.

5. **ישימות כתקדים** — בית המשפט עשוי לראות את שני התיקים כרלוונטיים זה לזה מבחינת היותם עבירות סחר בסמים (§19), אך ההבדלים בסוג הסם, הכמות, ושיטת הביצוע עשויים להפחית מהרלוונטיות.

SIMILARITY_SCORE: 40","ok",""
"SH-24-05-28565-553","ME-15-09-24514-351",1,0,0,"{""מכירה לסוכן"": ""כן"", ""מעבדה"": ""לא"", ""סוג הסם, כמות"": ""קטמין: 9.378 גרם, מתילמקאתינון: 14.273 גרם, קוקאין: 8.507 גרם"", ""עבירה"": ""החזקה שלא לצריכה עצמית, יבוא/סחר, 19"", ""עבירות נלוות כן/לא"": ""לא"", ""תפקיד"": ""בעל הסמים"", ""היכרות עם הסוכן"": ""כן"", ""שימוש באפליקציית ווטסאפ"": ""כן"", ""הודעות זמניות"": ""כן"", ""מקום המפגש"": ""חניית בניין 4005 באילת"", ""כמות כסף"": ""700 שקלים"", ""סוגי סמים נוספים"": ""קוקאין, מתילמטקתינון"", ""סוגי סמים למכירה"": ""שני סוגים של קטמין"", ""הצעה לערבוב סמים"": ""כן""}","{""מכירה לסוכן"": ""לא"", ""מעבדה"": ""לא"", ""סוג הסם, כמות"": ""קנבוס: 117 גרם, MDMA: 902.49 גרם, קוקאין: 0.85 גרם"", ""עבירה"": ""החזקה שלא לצריכה עצמית"", ""עבירות נלוות כן/לא"": ""לא"", ""תפקיד"": ""בעל הסמים"", ""מיקום הסמים"": ""בדירתו בתל אביב"", ""מקומות החזקה בדירה"": ""ארונית המרפסת, שולחן בחדרו, קופסא בחדרו, בובה על הטלויזיה"", ""סוגי סמים נוספים"": ""קוקאין"", ""סעיף העבירה"": ""סעיף 7(א) + (ג) רישא לפקודת הסמים המסוכנים, התשל\""ג – 1973"", ""תאריך העבירה"": ""01.09.15""}",30.0,"1. **סוג העבירה וחומרתה** — שני התיקים עוסקים בעבירות סמים, אך תיק 1 כולל עבירות חמורות יותר כמו יבוא/סחר בנוסף להחזקה שלא לצריכה עצמית, בעוד שתיק 2 מתמקד רק בהחזקה שלא לצריכה עצמית. חומרת העבירות בתיק 1 גבוהה יותר בשל היבוא/סחר.

2. **סוג הסם וכמותו** — שני התיקים כוללים סמים מסוכנים, אך סוגי הסמים והכמויות שונות. תיק 1 כולל קטמין, מתילמקאתינון וקוקאין בכמויות קטנות יחסית (סה""כ כ-32 גרם), בעוד שתיק 2 כולל כמויות גדולות יותר של קנבוס ו-MDMA (סה""כ כ-1020 גרם) וכמות קטנה של קוקאין. הכמויות והסוגים אינם זהים אך שניהם כוללים סמים מסוכנים.

3. **שיטת הביצוע (MO)** — תיק 1 כולל מכירה לסוכן ושימוש באפליקציית ווטסאפ, מה שמצביע על פעילות עסקית מסוימת. תיק 2 אינו כולל מכירה לסוכן והוא מתמקד בהחזקה. שיטות הביצוע שונות.

4. **נסיבות הליבה** — בשני התיקים אין מעבדה, אך הנסיבות שונות. תיק 1 כולל מכירה מתוכננת עם שימוש בטכנולוגיה (ווטסאפ והודעות זמניות), בעוד שתיק 2 מתמקד בהחזקה פשוטה בדירה ללא אינדיקציות לפעילות עסקית.

5. **ישימות כתקדים** — בית משפט עשוי לראות את שני התיקים כקשורים לנושא הסמים, אך ההבדלים בעבירות (סחר לעומת החזקה בלבד) ובנסיבות (פעילות עסקית לעומת החזקה פשוטה) עשויים להפחית מהרלוונטיות של תיק אחד כתקדים לאחר.

SIMILARITY_SCORE: 30","ok",""
"ME-17-01-620-279","ME-10-11-18588-3",3,1,1,"{""מקום היציאה"": ""ישראל"", ""יעד הטיסה"": ""פריז"", ""תאריך היציאה"": ""14.12.2016"", ""תאריך החזרה"": ""20.12.2016"", ""שעת הגעה"": ""17:42"", ""אופן ההחזקה"": ""במזוודה"", ""מכירה לסוכן"": ""לא"", ""מעבדה"": ""לא"", ""סוג הסם, כמות"": ""קוקאין: 4922 גרם"", ""עבירה"": ""החזקה שלא לצריכה עצמית, יבוא/סחר, 19"", ""עבירות נלוות כן/לא"": ""לא"", ""תפקיד"": ""לא בעל הסמים""}","{""מכירה לסוכן"": ""לא"", ""מעבדה"": ""לא"", ""סוג הסם, כמות"": ""קוקאין: 3440 גרם"", ""עבירה"": ""יבוא/סחר, 19"", ""עבירות נלוות כן/לא"": ""לא"", ""תפקיד"": ""לא בעל הסמים"", ""תאריך יציאה מהארץ"": ""13.10.10"", ""יעד הטיסה הראשון"": ""איטליה"", ""יעד הטיסה הסופי"": ""ברזיל"", ""תאריך חזרה לישראל"": ""3.11.10"", ""שיטת הסתרת הסם"": ""דופן כפולה של תרמיל"", ""סעיפי האישום"": ""סעיף 13, סעיף 19א לפקודת הסמים המסוכנים""}",85.0,"1. **סוג העבירה וחומרתה**: שני התיקים עוסקים ביבוא/סחר בסמים מסוכנים לפי סעיף 19 לפקודת הסמים המסוכנים, והעבירות נחשבות לחמורות. אין עבירות נלוות בשני התיקים. 
2. **סוג הסם וכמותו**: בשני התיקים מדובר בקוקאין בכמויות גדולות (4922 גרם ו-3440 גרם), כאשר סדר הגודל דומה.
3. **שיטת הביצוע (MO)**: שני התיקים כוללים הברחת סמים באמצעות נסיעה לחו""ל והסתרת הסם במטען (מזוודה/תרמיל עם דופן כפולה). 
4. **נסיבות הליבה**: בשני המקרים מדובר בהחזקה שלא לצריכה עצמית ללא מעבדה, והנאשמים אינם בעלי הסמים. 
5. **ישימות כתקדים**: בית משפט סביר יראה את שני התיקים כרלוונטיים זה לזה לצורכי ענישה בשל הדמיון בעבירות, בסוג ובכמות הסם, ובנסיבות.

SIMILARITY_SCORE: 85","ok",""
"ME-18-02-5680-55","SH-13-09-29504-694",1,0,0,"{""מכירה לסוכן"": ""לא"", ""מעבדה"": ""לא"", ""סוג הסם, כמות"": ""MDMA: 8363 טבליות"", ""עבירה"": ""החזקה שלא לצריכה עצמית"", ""עבירות נלוות כן/לא"": ""לא"", ""תפקיד"": ""לא בעל הסמים"", ""תאריך העבירה"": ""7.1.18-12.1.18"", ""מיקום העבירה"": ""דימונה ושדרות"", ""שיטת הסתרה"": ""חבילה מוחבאת בתחתית מתקן חשמלי לחימום אוכל"", ""שיטת תשלום"": ""4000 שקלים"", ""מעורבות צדדים נוספים"": ""אלי והאחר"", ""שימוש בשם בדוי"": ""כן"", ""מספר רישוי של הרכב"": ""77-131-56"", ""סוג הרכב"": ""מזדה"", ""מקום איסוף הסם"": ""חנות סלקשיין בדימונה"", ""מקום העברת הסם"": ""פיצוציה בשדרות"", ""מקום מעצר הנאשם"": ""שדרות"", ""מקום מעצר אלי"": ""שדרות"", ""כמות הסם"": ""8363 כדורים""}","{""מיקום המעבדה"": ""רח' פיק\""א 10, ראשון לציון"", ""שותפה לדירה"": ""בת זוגו של הנאשם"", ""תאריך התחלת הפעילות"": ""2008"", ""תאריך המעצר"": ""10.9.13"", ""זמן המעצר"": ""11:30"", ""סוג הצו"": ""צו חיפוש"", ""מוסד המנפיק"": ""בית משפט השלום בראשון לציון"", ""מספר שתילים בגירים"": ""48"", ""מספר שתילים צעירים"": ""159"", ""כמות שקיות קנבוס"": ""7"", ""כמות נוספת בשקית"": ""1"", ""ציוד לגידול והכנה"": ""אדניות, מד טמפרטורה, מאווררים, צינורות השקיה, מערכות חשמל, מנורות חימום, חומרי דישון, תאורה והשקיה ייעודית"", ""מכירה לסוכן"": ""לא"", ""מעבדה"": ""כן"", ""סוג הסם, כמות"": ""קנבוס בשתילים: 3400 גרם, קנבוס: 884 גרם"", ""עבירה"": ""ייצור, החזקה שלא לצריכה עצמית"", ""עבירות נלוות כן/לא"": ""לא"", ""תפקיד"": ""בעל הסמים, בעל המעבדה""}",20.0,"1. **סוג העבירה וחומרתה**: שני התיקים עוסקים בעבירות סמים, אך סוג העבירה שונה - תיק 1 עוסק בהחזקה שלא לצריכה עצמית של MDMA, בעוד תיק 2 עוסק בייצור והחזקה שלא לצריכה עצמית של קנבוס. חומרת העבירות דומה משום ששתיהן נחשבות לעבירות סמים חמורות.

2. **סוג הסם וכמותו**: סוג הסם שונה - MDMA בתיק 1 וקנבוס בתיק 2. הכמות בתיק 1 היא 8363 טבליות, ואילו בתיק 2 מדובר ב-3400 גרם קנבוס בשתילים ו-884 גרם קנבוס נוסף. סדר הגודל שונה, אך שניהם מעידים על כמות לא קטנה.

3. **שיטת הביצוע (MO)**: שיטת הביצוע שונה - תיק 1 כולל החזקה והעברה של סם, ואילו תיק 2 כולל גידול וייצור של סם במעבדה. אמצעי הביצוע שונים - הסתרה בתיק 1 מול גידול במעבדה בתיק 2.

4. **נסיבות הליבה**: נסיבות הליבה שונות - תיק 1 כולל החזקה והעברה, ואילו תיק 2 כולל ייצור במעבדה. בתיק 2 יש נסיבות מחמירות בשל קיום מעבדה.

5. **ישימות כתקדים**: בית המשפט עשוי לראות את שני התיקים כעוסקים בעבירות סמים חמורות, אך ההבדלים בסוג העבירה, סוג הסם ושיטת הביצוע מקטינים את הרלוונטיות של תיק אחד כתקדים למשנהו.

SIMILARITY_SCORE: 20","ok",""
"ME-18-08-58591-978","ME-16-07-11608-225",1,0,0,"{""מקום האירוע"": ""בית הנאשם 1"", ""תאריך האירוע"": ""13-15.8.18"", ""שיטת הכנת הסם"": ""ייבוש והמרה של נוזל לאבקה"", ""כלים להכנת הסם"": ""תנור ייבוש, תבניות זכוכית, צלחת, כף, כפית"", ""שווי הסם"": ""617,400 ₪"", ""מקור הסם"": ""רכישה מאדם שזהותו אינה ידועה"", ""התערבות נוספת"": ""הנאשם 3 סייע בהכנת הסם"", ""מכירה לסוכן"": ""לא"", ""מעבדה"": ""לא"", ""סוג הסם, כמות"": ""קוקאין: 1029.44 גרם"", ""עבירה"": ""החזקה שלא לצריכה עצמית"", ""עבירות נלוות כן/לא"": ""לא"", ""תפקיד"": ""בעל הסמים""}","{""מספר טיסות לחו\""ל"": ""מספר פעמים"", ""יעדי טיסה"": ""אוקראינה, ברלין"", ""שיטת הסתרת הסמים"": ""מזוודה עם דופן כפולה"", ""שימוש בטכנולוגיה"": ""אפליקציית הצפנת מסרים 'ויקר'"", ""שינוי בתוכנית טיסה"": ""כרטיס טיסה עדכני מגרמניה לישראל דרך איסטנבול"", ""תשלום עבור שירותים"": ""2,000 ₪ עבור הוצאות נסיעה"", ""תקשורת עם המעביר"": ""הודעות טקסט והנחיות"", ""מקום קבלת הסמים"": ""ברלין"", ""מקום נחיתה בישראל"": ""בטיסת המשך דרך טורקיה"", ""מכירה לסוכן"": ""לא"", ""מעבדה"": ""לא"", ""סוג הסם, כמות"": ""MDMA: 1301.44 גרם, 13189 טבליות"", ""עבירה"": ""יבוא/סחר, 19"", ""עבירות נלוות כן/לא"": ""לא"", ""תפקיד"": ""לא בעל הסמים""}",40.0,"1. **סוג העבירה וחומרתה**: שני התיקים עוסקים בעבירות סמים חמורות, אך סוג העבירה שונה - תיק 1 מתייחס להחזקה שלא לצריכה עצמית, בעוד שתיק 2 עוסק ביבוא/סחר. חומרת העבירות דומה בשל מעורבות בכמויות גדולות של סמים. 

2. **סוג הסם וכמותו**: שני התיקים כוללים כמויות גדולות של סמים (1029.44 גרם קוקאין בתיק 1 ו-1301.44 גרם MDMA + 13189 טבליות בתיק 2). סוג הסם שונה אך שניהם סמים מסוכנים. 

3. **שיטת הביצוע (MO)**: שיטות הביצוע שונות - תיק 1 כולל הכנת סם, בעוד שתיק 2 מתמקד בהברחת סמים מחו""ל באמצעות טיסות ומזוודה עם דופן כפולה. 

4. **נסיבות הליבה**: בשני התיקים אין מעבדה, אך הם שונים בנסיבות אחרות - תיק 1 מתמקד בהכנת סם בבית, בעוד שתיק 2 עוסק בהברחת סמים מחו""ל. 

5. **ישימות כתקדים**: בית המשפט עשוי לראות את שני התיקים כרלוונטיים זה לזה מבחינת חומרת העבירה ומעורבות בכמויות גדולות של סמים, אך ההבדלים בסוג העבירה, סוג הסם ושיטת הביצוע עשויים להפחית מהרלוונטיות.

SIMILARITY_SCORE: 40","ok",""
"ME-18-08-8864-290","SH-17-07-16759-919",3,1,1,"{""מכירה לסוכן"": ""לא"", ""מעבדה"": ""לא"", ""סוג הסם, כמות"": ""קנבוס בשתילים: 5 שתילים"", ""עבירה"": ""ייצור, החזקה שלא לצריכה עצמית, יבוא/סחר, 19"", ""עבירות נלוות כן/לא"": ""כן"", ""תפקיד"": ""בעל הסמים"", ""מקום השירות"": ""פלוגת מג\""ב, איו\""ש"", ""הודאה באישומים"": ""הודה באישום הראשון, השלישי והרביעי"", ""עבירות נוספות"": ""גניבה, נשיאה והובלה של נשק, עשיית עסקה בנשק, מעשה פזיזות ורשלנות בנשק, ירי בשטח עירוני"", ""סעיפים רלוונטיים"": ""סעיף 384, סעיף 144(ב), סעיף 144(ב2), סעיף 6, סעיפים 14+19, סעיף 7(ג) סיפא, סעיף 338(א)(5), סעיף 340א""}","{""מכירה לסוכן"": ""לא"", ""מעבדה"": ""כן"", ""סוג הסם, כמות"": ""חשיש: 0.71 גרם, קנבוס: 1.64 גרם"", ""עבירה"": ""ייצור, החזקה שלא לצריכה עצמית"", ""עבירות נלוות כן/לא"": ""לא"", ""תפקיד"": ""בעל הסמים, בעל המעבדה"", ""סוגי ציוד לגידול"": ""יריעת בד שחורה, מנורות לד, מד טמפרטורה, מאוורר, מד זמנים, מזרקים, 2 גלונים, צינור אוורור, שק דישון, גליל, 20 מוטות מתכת, 6 בקבוקי דישון, משקל"", ""מקום החזקת הסמים"": ""במקומות שונים בבית"", ""תאריך כתב האישום"": ""19.1.16"", ""היתר גידול סמים"": ""ללא היתר""}",40.0,"1. **סוג העבירה וחומרתה**: שני התיקים כוללים עבירות של ייצור והחזקה שלא לצריכה עצמית של סמים, אך תיק 1 כולל גם עבירות נוספות כמו יבוא/סחר וכן עבירות נלוות שונות הקשורות לנשק, מה שמעיד על חומרה גבוהה יותר. תיק 2 מתמקד בייצור והחזקה ללא עבירות נלוות חמורות. 
2. **סוג הסם וכמותו**: תיק 1 כולל קנבוס בשתילים (5 שתילים), בעוד שתיק 2 כולל חשיש וכמויות קטנות של קנבוס וכן מצביע על מעבדה. הכמויות והסוגים שונים, כאשר תיק 1 מתמקד בשתילים ותיק 2 בכמויות קטנות יותר של סם מוגמר וכן חומרים לגידול.
3. **שיטת הביצוע (MO)**: תיק 1 אינו מפרט את שיטת הגידול, אך מרמז על יבוא/סחר. תיק 2 כולל פרטים על ציוד לגידול והפעלת מעבדה, מה שמצביע על דפוס פעולה שונה.
4. **נסיבות הליבה**: תיק 1 כולל עבירות נוספות חמורות כמו נשיאה והובלה של נשק, ומעשה פזיזות ורשלנות בנשק. תיק 2 מתמקד בייצור והחזקה של סמים ללא עבירות נלוות חמורות, אך כולל הפעלת מעבדה.
5. **ישימות כתקדים**: בהתחשב בהבדלים בעבירות הנלוות, סוג הסם וכמותו, ושיטת הביצוע, סביר שבית המשפט יראה את שני התיקים כלא זהים אך עדיין רלוונטיים חלקית לצורכי ענישה, במיוחד בהקשר של עבירות הסמים.

SIMILARITY_SCORE: 40","ok",""
"ME-20-12-1338-335","ME-22-12-47987-640",2,0,1,"{""מכירה לסוכן"": ""לא"", ""מעבדה"": ""לא"", ""סוג הסם, כמות"": ""האיוואסקה: 1300 מיליליטר"", ""עבירה"": ""החזקה שלא לצריכה עצמית, יבוא/סחר, 19"", ""עבירות נלוות כן/לא"": ""כן"", ""תפקיד"": ""בעל הסמים"", ""שיטת השילוח"": ""חבילה בדואר עם חברת UPS"", ""כתובת הנאשם"": ""רחוב בבא סאלי 21 דירה 8 בביתר עילית"", ""כינוי הסם"": ""די.אם.טי והארמין"", ""כינוי נוסף לסם"": ""סם האיוואסקה"", ""שיטת צריכה"": ""אורלית באמצעות שתייה"", ""השפעות הסם"": ""גרימת הזיות, ניתוק, שינוי במצב ההכרה"", ""סיכונים פוטנציאליים"": ""השפעות לוואי חמורות, אשפוזים, מוות"", ""שיטת הסוואה"": ""הצגת הבקבוק כמכיל צבע שמן צמחי"", ""מספר מעקב החבילה"": ""מספר מעקב ניתן לנאשם למעקב אחר החבילה"", ""תקשורת עם חברת השילוח"": ""פניות רבות לחברת UPS דרך צ'אט וטלפון"", ""שינוי בשיטת מסירת החבילה"": ""בקשה לאיסוף במכולת ולבסוף מסירה בכתובת הנאשם"", ""התקשרות עם חברים"": ""שיחות והודעות עם בצלאל ומאור לגבי שימוש בסם"", ""פעולות בעת מעצר"": ""זריקת הבקבוק החלופי מהחלון, כיבוד על תוכן החבילה הריקה""}","{""מכירה לסוכן"": ""לא"", ""מעבדה"": ""לא"", ""סוג הסם, כמות"": ""קטמין: 700 גרם"", ""עבירה"": ""יבוא/סחר"", ""עבירות נלוות כן/לא"": ""לא"", ""תפקיד"": ""בעל הסמים"", ""מיקום העבירה"": ""הודו וישראל"", ""שיטת ההברחה"": ""חבילה בדואר בינלאומי"", ""משקל נטו של הסם"": ""700 גרם"", ""סוג האריזה"": ""ארבעה כדים בעלי דופן כפולה"", ""כתובת המשלוח"": ""בית הסב בקרית גת"", ""מספר טלפון על החבילה"": ""מספר הטלפון הנייד של עמית"", ""פעולות המשטרה"": ""איתור ותפיסת החבילה, פעולת סמכות מוסווה"", ""סוג הרכב במסירה"": ""הונדה"", ""מקום המסירה"": ""תחנת דלק"", ""זמן המסירה"": ""5.12.22 בשעה 14:06"", ""סוג הרכב במעצר"": ""טנדר סובארו"", ""מיקום המעצר"": ""שטח עפר"", ""יחידת משטרה"": ""ימ\""ר לכיש""}",65.0,"**ניתוח הדמיון בין שני התיקים הפליליים**

1. **סוג העבירה וחומרתה**:
שני התיקים עוסקים בעבירות סמים חמורות, סחר ויבוא. שני הנאשמים מואשמים ביבוא/סחר, והעבירות נחשבות לחמורות. עם זאת, תיק 1 כולל גם החזקה שלא לצריכה עצמית ועבירות נלוות, מה שעשוי להשפיע על חומרת הענישה. הדמיון בסוג העבירה הוא גבוה, אך יש הבדל בפרטים הספציפיים.

2. **סוג הסם וכמותו**:
תיק 1 עוסק בהאיוואסקה (המכילה DMT והארמין) בכמות של 1300 מיליליטר, בעוד שתיק 2 עוסק בקטמין בכמות של 700 גרם. שני הסמים הם סמים מסוכנים, אך שונים בסוגם. הכמות בשני התיקים משמעותית, אך יש הבדל בסדר הגודל וביחידות המידה (מיליליטר לעומת גרם). הדמיון הוא בינוני.

3. **שיטת הביצוע (MO)**:
שני התיקים כוללים שימוש בדואר בינלאומי להברחת סמים. בשני המקרים הנאשם הוא בעל הסמים, והסמים נשלחו באמצעות חבילה. עם זאת, יש הבדלים בשיטת האריזה והסוואה: תיק 1 כולל הצגת הבקבוק כצבע שמן צמחי, בעוד שתיק 2 כולל אריזה בכדים בעלי דופן כפולה. הדמיון הוא בינוני-גבוה.

4. **נסיבות הליבה**:
שני התיקים אינם כוללים מעבדה או ייצור סמים. הנאשמים בשני התיקים הם בעלי הסמים, והעבירות התרחשו בחלקן מחוץ לישראל (במקרה של תיק 2 - הודו). אין נסיבות מחמירות או מקלות ייחודיות המשותפות לשני התיקים. הדמיון הוא בינוני.

5. **ישימות כתקדים**:
בהתחשב בדמיון בסוג העבירה (סחר/יבוא סמים), שיטת הביצוע (דואר בינלאומי), ותפקיד הנאשם (בעל הסמים), בית משפט עשוי לראות את שני התיקים כרלוונטיים זה לזה לצורכי ענישה, למרות ההבדלים בסוג הסם ובכמות. הדמיון המהותי מספיק כדי לשמש כתקדים ענייני.

**SIMILARITY_SCORE: 65**","ok",""
"ME-21-12-42162-424","ME-17-03-30876-747",1,0,0,"{""מקור הסמים"": ""גרמניה"", ""שיטת הסוואה"": ""בקבוקים נחזים כמכילים מוצרי טיפוח"", ""שיטת משלוח"": ""חברת משלוחים"", ""כתובת יעד"": ""רמת השרון"", ""שימוש בזהות זרה"": ""קולט מנג'ם"", ""תיאום פעולה"": ""הנאשם הורה לאחר לשלוח את החבילה"", ""מעורבות צד שלישי"": ""מאי חיים לוי אדרי"", ""שיטת איסוף"": ""הצגת תמונת דרכון של קולט"", ""מיקום החזקת הסמים"": ""בשידה ליד המיטה בחדר השינה"", ""סוגי סמים נוספים"": ""קנבוס, METHAMPHETAMINE"", ""משקל סמים נוסף"": ""קנבוס: 1.82 גרם, METHAMPHETAMINE: לא צוין משקל"", ""מכירה לסוכן"": ""לא"", ""מעבדה"": ""לא"", ""סוג הסם, כמות"": ""קטמין: 2395.95 גרם"", ""עבירה"": ""החזקה שלא לצריכה עצמית, יבוא/סחר, 19"", ""עבירות נלוות כן/לא"": ""לא"", ""תפקיד"": ""בעל הסמים""}","{""מכירה לסוכן"": ""לא"", ""מעבדה"": ""כן"", ""סוג הסם, כמות"": ""קנבוס: 140000 גרם"", ""עבירה"": ""ייצור, החזקה שלא לצריכה עצמית"", ""עבירות נלוות כן/לא"": ""כן"", ""תפקיד"": ""בעל הסמים, בעל המעבדה"", ""סוג הסם"": ""קנביס"", ""כמות הסם"": ""140 ק\""ג"", ""שווי הסם"": ""70,000 ₪ לקילוגרם"", ""סך שווי הסם"": ""9,800,000 ₪"", ""גניבת חשמל"": ""כן"", ""שווי גניבת החשמל"": ""42,578 ₪"", ""סוג העבירות"": ""קשירת קשר לפשע, ייצור סמים, החזקת סם מסוכן, גניבה בנסיבות מיוחדות, החזקת חצרים להכנת סמים"", ""מיקום המעבדה"": ""מתחם בן ארבעה דונמים"", ""מספר החדרים במעבדה"": ""7"", ""פרטי הציוד"": ""80 שנאים, 77 בתי מנורות, 77 נורות, 5 מפוחי אוויר, מייבש, 2 משאבות מים, מזגן מיני מרכזי, 1,246 שתילים של קנאביס, 59 שקים של חומרי גידול, חומרי דישון, חומרי הדברה, שעונים דיגיטאליים, מזמרה, משאבה חשמלית למים, טרמומטרים דיגיטאליים, חבילת צינור השקיה בטפטוף, מדחום, מזרקים גדולים, קנקן מדידה, מכשיר אלקטרוני עם אלקטרודות, מרסס נייד, אדניות לגידול"", ""שווי הציוד"": ""עשרות אלפי שקלים"", ""חיבור לא מוסדר לרשת החשמל"": ""כן""}",20.0,"1. **סוג העבירה וחומרתה**: שני התיקים עוסקים בעבירות סמים חמורות, אך סוג העבירה שונה - תיק 1 מתמקד ביבוא והחזקה של קטמין, בעוד שתיק 2 עוסק בייצור קנבוס במעבדה. חומרת העבירות דומה בשל הכמויות הגדולות והמעורבות בסחר/ייצור.

2. **סוג הסם וכמותו**: סוג הסם שונה - קטמין בתיק 1 וקנבוס בתיק 2. הכמות בתיק 2 (140 ק""ג) גדולה בהרבה מזו שבתיק 1 (כ-2.4 ק""ג קטמין). סדר הגודל שונה מאוד.

3. **שיטת הביצוע (MO)**: שיטת הביצוע שונה לחלוטין - תיק 1 כולל יבוא סמים דרך חברת משלוחים עם הסוואה, ואילו תיק 2 כולל ייצור סמים במעבדה גדולה.

4. **נסיבות הליבה**: נסיבות הליבה שונות - תיק 1 מתמקד ביבוא והחזקה, ללא מעבדה, ואילו תיק 2 כולל הפעלת מעבדה גדולה לייצור קנבוס עם ציוד נרחב וגניבת חשמל.

5. **ישימות כתקדים**: בית המשפט עשוי לראות את שני התיקים כעבירות סמים חמורות, אך ההבדלים בסוג העבירה, סוג הסם, וכמותו, כמו גם בשיטת הביצוע, מקשים על השימוש בהם כתקדים זה לזה. עם זאת, שני התיקים עוסקים בעבירות סמים חמורות עם מעורבות נרחבת.

SIMILARITY_SCORE: 20","ok",""
"ME-21-12-42162-424","SH-13-09-29504-694",1,0,0,"{""מקור הסמים"": ""גרמניה"", ""שיטת הסוואה"": ""בקבוקים נחזים כמכילים מוצרי טיפוח"", ""שיטת משלוח"": ""חברת משלוחים"", ""כתובת יעד"": ""רמת השרון"", ""שימוש בזהות זרה"": ""קולט מנג'ם"", ""תיאום פעולה"": ""הנאשם הורה לאחר לשלוח את החבילה"", ""מעורבות צד שלישי"": ""מאי חיים לוי אדרי"", ""שיטת איסוף"": ""הצגת תמונת דרכון של קולט"", ""מיקום החזקת הסמים"": ""בשידה ליד המיטה בחדר השינה"", ""סוגי סמים נוספים"": ""קנבוס, METHAMPHETAMINE"", ""משקל סמים נוסף"": ""קנבוס: 1.82 גרם, METHAMPHETAMINE: לא צוין משקל"", ""מכירה לסוכן"": ""לא"", ""מעבדה"": ""לא"", ""סוג הסם, כמות"": ""קטמין: 2395.95 גרם"", ""עבירה"": ""החזקה שלא לצריכה עצמית, יבוא/סחר, 19"", ""עבירות נלוות כן/לא"": ""לא"", ""תפקיד"": ""בעל הסמים""}","{""מיקום המעבדה"": ""רח' פיק\""א 10, ראשון לציון"", ""שותפה לדירה"": ""בת זוגו של הנאשם"", ""תאריך התחלת הפעילות"": ""2008"", ""תאריך המעצר"": ""10.9.13"", ""זמן המעצר"": ""11:30"", ""סוג הצו"": ""צו חיפוש"", ""מוסד המנפיק"": ""בית משפט השלום בראשון לציון"", ""מספר שתילים בגירים"": ""48"", ""מספר שתילים צעירים"": ""159"", ""כמות שקיות קנבוס"": ""7"", ""כמות נוספת בשקית"": ""1"", ""ציוד לגידול והכנה"": ""אדניות, מד טמפרטורה, מאווררים, צינורות השקיה, מערכות חשמל, מנורות חימום, חומרי דישון, תאורה והשקיה ייעודית"", ""מכירה לסוכן"": ""לא"", ""מעבדה"": ""כן"", ""סוג הסם, כמות"": ""קנבוס בשתילים: 3400 גרם, קנבוס: 884 גרם"", ""עבירה"": ""ייצור, החזקה שלא לצריכה עצמית"", ""עבירות נלוות כן/לא"": ""לא"", ""תפקיד"": ""בעל הסמים, בעל המעבדה""}",30.0,"1. **סוג העבירה וחומרתה**: שני התיקים עוסקים בעבירות סמים, אך סוג העבירה שונה - תיק 1 מתמקד ביבוא/סחר והחזקה שלא לצריכה עצמית של קטמין, בעוד שתיק 2 עוסק בייצור והחזקה שלא לצריכה עצמית של קנבוס. חומרת העבירות דומה בשל מעורבות בכמויות סמים משמעותיות.

2. **סוג הסם וכמותו**: תיק 1 כולל קטמין (2395.95 גרם) וכן קנבוס ו-METHAMPHETAMINE, בעוד שתיק 2 כולל קנבוס (בשתילים: 3400 גרם, וכן 884 גרם). סוג הסם שונה, אך הכמויות בסדר גודל דומה.

3. **שיטת הביצוע (MO)**: שיטת הביצוע שונה - תיק 1 כולל יבוא סמים מוסווים דרך חברת משלוחים, ואילו תיק 2 מתמקד בגידול סמים במעבדה.

4. **נסיבות הליבה**: תיק 1 כולל החזקת סמים שלא לצריכה עצמית ויבוא/סחר ללא מעבדה, בעוד שתיק 2 כולל ייצור והחזקה שלא לצריכה עצמית במעבדה. הנסיבות שונות משמעותית.

5. **ישימות כתקדים**: בית משפט עשוי לראות את שני התיקים כקשורים לעבירות סמים חמורות, אך ההבדלים בסוג העבירה, סוג הסם ושיטת הביצוע מקטינים את הרלוונטיות של האחד כתקדים לשני.

SIMILARITY_SCORE: 30","ok",""
"ME-21-12-42162-424","SH-21-12-59578-330",2,0,1,"{""מקור הסמים"": ""גרמניה"", ""שיטת הסוואה"": ""בקבוקים נחזים כמכילים מוצרי טיפוח"", ""שיטת משלוח"": ""חברת משלוחים"", ""כתובת יעד"": ""רמת השרון"", ""שימוש בזהות זרה"": ""קולט מנג'ם"", ""תיאום פעולה"": ""הנאשם הורה לאחר לשלוח את החבילה"", ""מעורבות צד שלישי"": ""מאי חיים לוי אדרי"", ""שיטת איסוף"": ""הצגת תמונת דרכון של קולט"", ""מיקום החזקת הסמים"": ""בשידה ליד המיטה בחדר השינה"", ""סוגי סמים נוספים"": ""קנבוס, METHAMPHETAMINE"", ""משקל סמים נוסף"": ""קנבוס: 1.82 גרם, METHAMPHETAMINE: לא צוין משקל"", ""מכירה לסוכן"": ""לא"", ""מעבדה"": ""לא"", ""סוג הסם, כמות"": ""קטמין: 2395.95 גרם"", ""עבירה"": ""החזקה שלא לצריכה עצמית, יבוא/סחר, 19"", ""עבירות נלוות כן/לא"": ""לא"", ""תפקיד"": ""בעל הסמים""}","{""מכירה לסוכן"": ""לא"", ""מעבדה"": ""לא"", ""סוג הסם, כמות"": ""קטמין: 0.73 גרם, מתילמקאתינון: 1.906 גרם, MDMA: 13 טבליות"", ""עבירה"": ""החזקה שלא לצריכה עצמית, יבוא/סחר, 19"", ""עבירות נלוות כן/לא"": ""כן"", ""תפקיד"": ""בעל הסמים"", ""מקום המעצר"": ""מחסום משטרתי"", ""סוג רכב"": ""קטנוע"", ""מקום המכירה"": ""תל אביב"", ""אמצעי תקשורת לעסקה"": ""אפליקציית טלגרם"", ""סכום עסקה קטאמין"": ""400 שקלים"", ""סכום רכישת קטנוע"": ""600 שקלים"", ""זמן מהירות התקשרות לעסקה"": ""חצי שעה"", ""סטטוס רישיון נהיגה"": ""פקע לפני יותר מ-12 חודשים"", ""החזקת נשק לא חוקי"": ""סכין לצורך הגנה עצמית""}",30.0,"1. **סוג העבירה וחומרתה**: שני התיקים כוללים עבירות של החזקה שלא לצריכה עצמית וסחר בסמים, אך תיק 2 כולל גם עבירות נלוות נוספות. חומרת העבירות דומה בשני התיקים, אך ההיקף שונה.

2. **סוג הסם וכמותו**: שני התיקים כוללים קטמין, אך הכמויות שונות מאוד (2395.95 גרם בתיק 1 לעומת 0.73 גרם בתיק 2). תיק 2 כולל גם סמים נוספים שלא מופיעים בתיק 1 או שהופיעו בכמויות זניחות (מתילמקאתינון, MDMA).

3. **שיטת הביצוע (MO)**: שיטת הביצוע שונה מאוד בין שני התיקים. תיק 1 כולל יבוא סמים דרך חברת משלוחים עם הסוואה, ואילו תיק 2 מתמקד בעסקת סמים מקומית באמצעות אפליקציית טלגרם.

4. **נסיבות הליבה**: בשני התיקים אין מעבדה, אך הנסיבות שונות. תיק 1 כולל יבוא סמים בכמות גדולה והחזקתם בבית, ואילו תיק 2 מתאר עסקת סמים קטנה יותר ונעצר במחסום משטרתי.

5. **ישימות כתקדים**: בית המשפט עשוי לראות את שני התיקים כקשורים לנושא הסמים, אך ההבדלים בכמות הסם, שיטת הביצוע והנסיבות יקשו על השימוש בתיק אחד כתקדים ישיר לשני.

SIMILARITY_SCORE: 30","ok",""
"ME-22-01-47042-277","ME-18-01-73652-357",3,1,1,"{""מכירה לסוכן"": ""כן"", ""מעבדה"": ""לא"", ""סוג הסם, כמות"": ""קוקאין: 300.31 גרם"", ""עבירה"": ""החזקה שלא לצריכה עצמית, יבוא/סחר, 19"", ""עבירות נלוות כן/לא"": ""לא"", ""תפקיד"": ""לא בעל הסמים"", ""מקום המפגש"": ""תחנת דלק בצומת נחשון, רחוב גדוד חרמש 10 ירושלים, תחנת דלק בצומת שורש"", ""סוגי סמים נוספים"": ""גראס, חשיש, קנאביס"", ""כמות סמים נוספת"": ""149.69 - גרם - קוקאין"", ""תקופת העבירות"": ""ספטמבר 2021 - ינואר 2022"", ""סוג העבירה"": ""תיווך בסם מסוכן"", ""מחיר לגרם"": ""350 ₪, 300 ₪"", ""רווח מהעסקה"": ""1,500 ₪, 2,000 ₪"", ""סכום כולל לתשלום"": ""17,500 ₪, 300,000 ₪""}","{""מכירה לסוכן"": ""כן"", ""מעבדה"": ""לא"", ""סוג הסם, כמות"": ""קוקאין: 69.09 גרם"", ""עבירה"": ""יבוא/סחר, 19"", ""עבירות נלוות כן/לא"": ""לא"", ""תפקיד"": ""בעל הסמים"", ""היכרות עם הסוכן"": ""כן"", ""תקשורת דיגיטלית"": ""הודעות ווטסאפ, שיחות טלפוניות"", ""מקום העסקה הראשונה"": ""בית הנאשם"", ""מחיר עבור 20.09 גרם קוקאין"": ""9,000 ₪"", ""מחיר עבור 49 גרם קוקאין"": ""22,500 ₪"", ""שימוש בתמונות להצגת הסם"": ""כן"", ""נקודת מפגש לעסקה השנייה"": ""נקודה שנקבעה מראש""}",60.0,"1. **סוג העבירה וחומרתה** — שני התיקים עוסקים בעבירות סחר בסמים מסוכנים (קוקאין), אך יש הבדל בתפקיד הנאשם (תיווך מול בעלות על הסם). חומרת העבירה דומה בשל סוג הסם והכמויות המעורבות. 
2. **סוג הסם וכמותו** — שני התיקים כוללים קוקאין, אך הכמויות שונות (300.31 גרם מול 69.09 גרם). סדר הגודל שונה, אך שניהם מעידים על עסקאות משמעותיות.
3. **שיטת הביצוע (MO)** — שני התיקים כוללים מכירה לסוכן, אך שיטות הביצוע שונות — תיק 1 מתאר תיווך עם מספר סוגי סמים ומקומות מפגש שונים, בעוד תיק 2 מתמקד במכירה ישירה של קוקאין עם תקשורת דיגיטלית ושימוש בתמונות.
4. **נסיבות הליבה** — בשני התיקים אין מעבדה, אך יש הבדלים בנסיבות — תיק 1 מתאר תיווך ללא היכרות מוקדמת, ואילו תיק 2 כולל היכרות עם הסוכן ותקשורת דיגיטלית.
5. **ישימות כתקדים** — בית המשפט עשוי לראות את שני התיקים כרלוונטיים זה לזה בשל סוג העבירה (סחר בסם מסוכן) והעובדה ששניהם כוללים מכירה לסוכן. עם זאת, ההבדלים בתפקיד הנאשם, בכמות הסם ובשיטת הביצוע עשויים להשפיע על מידת הדמיון.

SIMILARITY_SCORE: 60","ok",""
"ME-22-07-53625-139","ME-22-12-47987-640",1,0,0,"{""מכירה לסוכן"": ""לא"", ""מעבדה"": ""כן"", ""סוג הסם, כמות"": ""קנבוס בשתילים: 52000 גרם"", ""עבירה"": ""ייצור, החזקה שלא לצריכה עצמית"", ""עבירות נלוות כן/לא"": ""כן"", ""תפקיד"": ""בעל הסמים, בעל המעבדה"", ""מספר מנורות"": ""47"", ""מספר מזגנים"": ""12"", ""מספר מאווררים"": ""15"", ""סוג הסם"": ""קנבוס"", ""מיקום המעבדה"": ""דירת הגג, רחוב הרב כהנמן 124, בני ברק"", ""משך זמן הפעילות"": ""כשנה וחצי"", ""מספר שתילים"": ""347"", ""משקל נטו של הסם"": ""52 ק\""ג"", ""שותפים בבעלות"": ""שולמית בוגרד, שלמה זלמן כהן""}","{""מכירה לסוכן"": ""לא"", ""מעבדה"": ""לא"", ""סוג הסם, כמות"": ""קטמין: 700 גרם"", ""עבירה"": ""יבוא/סחר"", ""עבירות נלוות כן/לא"": ""לא"", ""תפקיד"": ""בעל הסמים"", ""מיקום העבירה"": ""הודו וישראל"", ""שיטת ההברחה"": ""חבילה בדואר בינלאומי"", ""משקל נטו של הסם"": ""700 גרם"", ""סוג האריזה"": ""ארבעה כדים בעלי דופן כפולה"", ""כתובת המשלוח"": ""בית הסב בקרית גת"", ""מספר טלפון על החבילה"": ""מספר הטלפון הנייד של עמית"", ""פעולות המשטרה"": ""איתור ותפיסת החבילה, פעולת סמכות מוסווה"", ""סוג הרכב במסירה"": ""הונדה"", ""מקום המסירה"": ""תחנת דלק"", ""זמן המסירה"": ""5.12.22 בשעה 14:06"", ""סוג הרכב במעצר"": ""טנדר סובארו"", ""מיקום המעצר"": ""שטח עפר"", ""יחידת משטרה"": ""ימ\""ר לכיש""}",20.0,"1. **סוג העבירה וחומרתה**: שני התיקים עוסקים בעבירות סמים, אך סוג העבירה שונה - תיק 1 עוסק בייצור והחזקה שלא לצריכה עצמית של קנבוס, בעוד שתיק 2 עוסק ביבוא/סחר בקטמין. חומרת העבירה ביבוא/סחר (תיק 2) נחשבת לחמורה יותר.

2. **סוג הסם וכמותו**: סוג הסם שונה - קנבוס (תיק 1) לעומת קטמין (תיק 2). הכמות בתיק 1 היא 52 ק""ג לעומת 700 גרם בתיק 2, הבדל משמעותי בסדר גודל.

3. **שיטת הביצוע (MO)**: שיטת הביצוע שונה - ייצור במעבדה (תיק 1) לעומת הברחה בדואר (תיק 2). אמצעי הביצוע שונים לחלוטין.

4. **נסיבות הליבה**: נסיבות הליבה שונות - תיק 1 כולל מעבדה, תכנון, ופעילות מתמשכת, בעוד שתיק 2 עוסק בהברחה חד-פעמית. 

5. **ישימות כתקדים**: בהינתן ההבדלים בסוג העבירה, סוג הסם, כמותו ושיטת הביצוע, סביר שבית המשפט לא יראה את שני התיקים כרלוונטיים זה לזה לצורכי ענישה.

SIMILARITY_SCORE: 20","ok",""
"ME-22-08-15747-700","ME-23-08-41833-827",3,1,1,"{""מקום המפגש לקבלת הסמים"": ""אירופה"", ""מקום היעד להעברת הסמים"": ""ירושלים"", ""מספר חבילות"": ""3"", ""שיטת הסתרת הסמים"": ""מזוודה עם דופן כפולה"", ""משקל תחליף הסם"": ""50 גרם"", ""מקום המסירה הסופי"": ""כפר הנגיד"", ""זהות המקבל"": ""נאשם 2"", ""מכירה לסוכן"": ""לא"", ""מעבדה"": ""לא"", ""סוג הסם, כמות"": ""קתינון: 6305.18 גרם"", ""עבירה"": ""יבוא/סחר, 19"", ""עבירות נלוות כן/לא"": ""לא"", ""תפקיד"": ""לא בעל הסמים""}","{""מכירה לסוכן"": ""לא"", ""מעבדה"": ""לא"", ""סוג הסם, כמות"": ""קטמין: 11400 גרם"", ""עבירה"": ""יבוא/סחר, 19"", ""עבירות נלוות כן/לא"": ""לא"", ""תפקיד"": ""בעל הסמים"", ""מקור הטיסה"": ""גרמניה"", ""תאריך האירוע"": ""31/7/2023"", ""אופן ההסתרה"": ""מזוודה בעלת דופן כפולה"", ""מספר חבילות"": ""3"", ""מקום התפיסה"": ""מסלול הירוק במכס""}",85.0,"1. **סוג העבירה וחומרתה**: שני התיקים עוסקים בעבירת ""יבוא/סחר, 19"", כלומר סעיף 19 לחוק סחר בסמים, שהוא סעיף חמור. חומרת העבירה דומה בשני התיקים.

2. **סוג הסם וכמותו**: שני התיקים כוללים סחר בסם מסוג קיטמין/קטמין (סוג דומה). הכמות בתיק 1 היא 6305.18 גרם, ובתיק 2 - 11400 גרם. הכמויות באותו סדר גודל, אך שונות.

3. **שיטת הביצוע (MO)**: בשני התיקים נעשה שימוש במזוודה עם דופן כפולה להסתרת הסמים, ומספר החבילות בשניהם הוא 3. הדמיון בשיטת ההסתרה ובמספר החבילות מצביע על דפוס פעולה דומה.

4. **נסיבות הליבה**: בשני התיקים לא הייתה מעבדה, והעבירה התמקדה ביבוא/סחר. מקום המפגש לקבלת הסמים בתיק 1 הוא ""אירופה"", ובתיק 2 ""גרמניה"", שגם היא חלק מאירופה. הנסיבות דומות.

5. **ישימות כתקדים**: בהתחשב בדמיון בסוג העבירה, סוג הסם, שיטת הביצוע והנסיבות, בית משפט עשוי לראות את שני התיקים כרלוונטיים זה לזה לצורכי ענישה.

SIMILARITY_SCORE: 85","ok",""
"ME-22-11-1990-79","ME-16-07-11608-225",3,1,1,"{""תאריך יציאה מישראל"": ""11.10.22"", ""תאריך חזרה לישראל"": ""20.10.22"", ""נקודת יציאה"": ""נמל תעופה בן גוריון"", ""יעד הנסיעה"": ""בלגיה"", ""שיטת הסתרת הסם"": ""תא ייעודי בתחתית מזוודה"", ""שיטת קיבוע התא הייעודי"": ""קרש עץ"", ""מכירה לסוכן"": ""לא"", ""מעבדה"": ""לא"", ""סוג הסם, כמות"": ""MDMA: 25303 טבליות"", ""עבירה"": ""יבוא/סחר, 19"", ""עבירות נלוות כן/לא"": ""לא"", ""תפקיד"": ""לא בעל הסמים""}","{""מספר טיסות לחו\""ל"": ""מספר פעמים"", ""יעדי טיסה"": ""אוקראינה, ברלין"", ""שיטת הסתרת הסמים"": ""מזוודה עם דופן כפולה"", ""שימוש בטכנולוגיה"": ""אפליקציית הצפנת מסרים 'ויקר'"", ""שינוי בתוכנית טיסה"": ""כרטיס טיסה עדכני מגרמניה לישראל דרך איסטנבול"", ""תשלום עבור שירותים"": ""2,000 ₪ עבור הוצאות נסיעה"", ""תקשורת עם המעביר"": ""הודעות טקסט והנחיות"", ""מקום קבלת הסמים"": ""ברלין"", ""מקום נחיתה בישראל"": ""בטיסת המשך דרך טורקיה"", ""מכירה לסוכן"": ""לא"", ""מעבדה"": ""לא"", ""סוג הסם, כמות"": ""MDMA: 1301.44 גרם, 13189 טבליות"", ""עבירה"": ""יבוא/סחר, 19"", ""עבירות נלוות כן/לא"": ""לא"", ""תפקיד"": ""לא בעל הסמים""}",85.0,"1. **סוג העבירה וחומרתה** — שני התיקים עוסקים בעבירות של יבוא/סחר בסמים לפי סעיף 19, ומהווים עבירות חמורות. אין עבירות נלוות בשני התיקים. הדמיון בעבירה ובחומרתה גבוה.

2. **סוג הסם וכמותו** — בשני התיקים מדובר ב-MDMA. הכמות שונה אך בסדר גודל דומה (אלפי טבליות). תיק 1 כולל 25,303 טבליות, ותיק 2 כולל 13,189 טבליות וכן 1301.44 גרם. הכמויות קרובות, והדמיון בסוג הסם גבוה.

3. **שיטת הביצוע (MO)** — שני התיקים כוללים הסתרת סמים במזוודה עם תכנון מראש (תא ייעודי/דופן כפולה). השימוש באמצעים דומים להסתרת הסם (מזוודה מותאמת) מעיד על דמיון בשיטת הביצוע.

4. **נסיבות הליבה** — בשני התיקים לא היה מעורבות במעבדה, והנאשמים לא היו בעלי הסמים. הנסיבות דומות מבחינת היעדר נסיבות מחמירות נוספות כמו מעורבות במעבדה.

5. **ישימות כתקדים** — בהינתן הדמיון בסוג העבירה, סוג הסם וכמותו, ושיטת הביצוע, בית משפט סביר יראה את שני התיקים כרלוונטיים זה לזה לצורכי ענישה.

SIMILARITY_SCORE: 85","ok",""
"ME-22-11-1990-79","ME-18-04-46786-521",3,1,1,"{""תאריך יציאה מישראל"": ""11.10.22"", ""תאריך חזרה לישראל"": ""20.10.22"", ""נקודת יציאה"": ""נמל תעופה בן גוריון"", ""יעד הנסיעה"": ""בלגיה"", ""שיטת הסתרת הסם"": ""תא ייעודי בתחתית מזוודה"", ""שיטת קיבוע התא הייעודי"": ""קרש עץ"", ""מכירה לסוכן"": ""לא"", ""מעבדה"": ""לא"", ""סוג הסם, כמות"": ""MDMA: 25303 טבליות"", ""עבירה"": ""יבוא/סחר, 19"", ""עבירות נלוות כן/לא"": ""לא"", ""תפקיד"": ""לא בעל הסמים""}","{""מכירה לסוכן"": ""לא"", ""מעבדה"": ""לא"", ""סוג הסם, כמות"": ""קנבוס: 0.9 גרם, MDMA: 31243 טבליות"", ""עבירה"": ""החזקה שלא לצריכה עצמית, יבוא/סחר, 19"", ""עבירות נלוות כן/לא"": ""כן"", ""תפקיד"": ""לא בעל הסמים"", ""שיטת הסתרת הסמים"": ""מזוודה בעלת תחתית כפולה"", ""שיטת תקשורת"": ""טלגרם מוצפן"", ""מקור הסמים"": ""אירופה"", ""שווי כולל של הסמים"": ""2499440"", ""מספר חבילות"": ""3"", ""סוג עבירה נוספת"": ""קשירת קשר לפשע"", ""מספר נאשמים מעורבים"": ""4"", ""סכום כספי מועבר"": ""8000"", ""סכום כספי מועבר לרכישת כרטיס טיסה"": ""2000"", ""סכום כספי צפוי לתשלום לנאשם"": ""60000"", ""מספר טיסות"": ""2"", ""מספר מלונות"": ""1"", ""מספר ערים בינלאומיות"": ""2"", ""מספר ימים בחו\""ל"": ""4"", ""מספר שיחות והודעות"": ""עשרות"", ""סוג כרטיס טיסה"": ""כרטיס אשראי נטען חד פעמי""}",70.0,"1. **סוג העבירה וחומרתה** — שני התיקים כוללים עבירות של יבוא/סחר בסמים (§19). תיק 2 כולל בנוסף עבירת החזקה שלא לצריכה עצמית וקשירת קשר לפשע. חומרת העבירות דומה בשל היותן קשורות לסחר בסמים, אך תיק 2 מורכב יותר בשל העבירות הנלוות. 

2. **סוג הסם וכמותו** — שני התיקים כוללים כמויות גדולות של MDMA (טבליות). הכמות דומה בסדר גודל (25,303 טבליות ב-תיק 1 לעומת 31,243 טבליות ב-תיק 2). תיק 2 כולל בנוסף כמות קטנה של קנבוס (0.9 גרם), אך הדמיון בולט בגלל הכמות הגדולה של MDMA בשני התיקים.

3. **שיטת הביצוע (MO)** — שני התיקים כוללים הסתרת סמים במזוודה (תחתית כפולה/תא ייעודי). השוני הוא בשיטת הקיבוע (קרש עץ ב-תיק 1 לעומת תחתית כפולה ב-תיק 2), אך הרעיון הבסיסי דומה.

4. **נסיבות הליבה** — בשני התיקים לא מדובר במעבדה, והנאשם אינו בעל הסמים. תיק 2 מורכב יותר עם מעורבות של מספר נאשמים, שימוש בכרטיס אשראי נטען, ופעילות בינלאומית נרחבת יותר.

5. **ישימות כתקדים** — בית משפט עשוי לראות את שני התיקים כרלוונטיים זה לזה בשל הדמיון בעבירות (סחר/יבוא), סוג הסם (MDMA), וכמותו. עם זאת, תיק 2 מורכב יותר בשל העבירות הנלוות ונסיבות נוספות.

SIMILARITY_SCORE: 70","ok",""
"ME-23-05-52567-993","ME-17-03-30876-747",3,1,1,"{""מכירה לסוכן"": ""לא"", ""מעבדה"": ""כן"", ""סוג הסם, כמות"": ""קנבוס בשתילים: 172600 גרם"", ""עבירה"": ""ייצור, החזקה שלא לצריכה עצמית"", ""עבירות נלוות כן/לא"": ""כן"", ""תפקיד"": ""בעל הסמים, בעל המעבדה"", ""כמות חשמל נגנבת"": ""642,340 ₪"", ""מספר דירות שוכר"": ""8"", ""תקופת פעילות"": ""ינואר 2022 - אפריל 2023"", ""סוג עבירות נוספות"": ""התחזות, שימוש במסמך מזויף, נטילת חשמל, קבלת דבר במרמה"", ""מספר עבירות כללי"": ""47"", ""סוג הסם"": ""קנבוס""}","{""מכירה לסוכן"": ""לא"", ""מעבדה"": ""כן"", ""סוג הסם, כמות"": ""קנבוס: 140000 גרם"", ""עבירה"": ""ייצור, החזקה שלא לצריכה עצמית"", ""עבירות נלוות כן/לא"": ""כן"", ""תפקיד"": ""בעל הסמים, בעל המעבדה"", ""סוג הסם"": ""קנביס"", ""כמות הסם"": ""140 ק\""ג"", ""שווי הסם"": ""70,000 ₪ לקילוגרם"", ""סך שווי הסם"": ""9,800,000 ₪"", ""גניבת חשמל"": ""כן"", ""שווי גניבת החשמל"": ""42,578 ₪"", ""סוג העבירות"": ""קשירת קשר לפשע, ייצור סמים, החזקת סם מסוכן, גניבה בנסיבות מיוחדות, החזקת חצרים להכנת סמים"", ""מיקום המעבדה"": ""מתחם בן ארבעה דונמים"", ""מספר החדרים במעבדה"": ""7"", ""פרטי הציוד"": ""80 שנאים, 77 בתי מנורות, 77 נורות, 5 מפוחי אוויר, מייבש, 2 משאבות מים, מזגן מיני מרכזי, 1,246 שתילים של קנאביס, 59 שקים של חומרי גידול, חומרי דישון, חומרי הדברה, שעונים דיגיטאליים, מזמרה, משאבה חשמלית למים, טרמומטרים דיגיטאליים, חבילת צינור השקיה בטפטוף, מדחום, מזרקים גדולים, קנקן מדידה, מכשיר אלקטרוני עם אלקטרודות, מרסס נייד, אדניות לגידול"", ""שווי הציוד"": ""עשרות אלפי שקלים"", ""חיבור לא מוסדר לרשת החשמל"": ""כן""}",90.0,"1. **סוג העבירה וחומרתה**: שני התיקים עוסקים בעבירות של ייצור והחזקה של סמים מסוכנים שלא לצריכה עצמית, והן נחשבות לחמורות. שני התיקים כוללים גם עבירות נלוות, מה שמעיד על דמיון בסוג העבירה ובחומרתה.

2. **סוג הסם וכמותו**: שני התיקים כוללים קנבוס/קנאביס. הכמות דומה בסדר גודל (172,600 גרם לעומת 140,000 גרם), מה שמצביע על דמיון משמעותי.

3. **שיטת הביצוע (MO)**: שני התיקים כוללים הפעלת מעבדה לגידול סמים, כאשר בבעלות הנאשם נמצאים ציוד ומשאבים נרחבים. הדמיון בשיטת הביצוע ניכר.

4. **נסיבות הליבה**: שני התיקים כוללים מעבדה, תכנון מראש, ונסיבות מחמירות כמו גניבת חשמל. הדמיון בנסיבות אלו מחזק את הקשר בין שני התיקים.

5. **ישימות כתקדים**: בהינתן הדמיון בסוג העבירה, סוג הסם וכמותו, שיטת הביצוע, ונסיבות הליבה, סביר ששני התיקים יראו כרלוונטיים זה לזה לצורכי ענישה.

SIMILARITY_SCORE: 90","ok",""
"ME-23-08-41833-827","ME-22-12-47987-640",3,1,1,"{""מכירה לסוכן"": ""לא"", ""מעבדה"": ""לא"", ""סוג הסם, כמות"": ""קטמין: 11400 גרם"", ""עבירה"": ""יבוא/סחר, 19"", ""עבירות נלוות כן/לא"": ""לא"", ""תפקיד"": ""בעל הסמים"", ""מקור הטיסה"": ""גרמניה"", ""תאריך האירוע"": ""31/7/2023"", ""אופן ההסתרה"": ""מזוודה בעלת דופן כפולה"", ""מספר חבילות"": ""3"", ""מקום התפיסה"": ""מסלול הירוק במכס""}","{""מכירה לסוכן"": ""לא"", ""מעבדה"": ""לא"", ""סוג הסם, כמות"": ""קטמין: 700 גרם"", ""עבירה"": ""יבוא/סחר"", ""עבירות נלוות כן/לא"": ""לא"", ""תפקיד"": ""בעל הסמים"", ""מיקום העבירה"": ""הודו וישראל"", ""שיטת ההברחה"": ""חבילה בדואר בינלאומי"", ""משקל נטו של הסם"": ""700 גרם"", ""סוג האריזה"": ""ארבעה כדים בעלי דופן כפולה"", ""כתובת המשלוח"": ""בית הסב בקרית גת"", ""מספר טלפון על החבילה"": ""מספר הטלפון הנייד של עמית"", ""פעולות המשטרה"": ""איתור ותפיסת החבילה, פעולת סמכות מוסווה"", ""סוג הרכב במסירה"": ""הונדה"", ""מקום המסירה"": ""תחנת דלק"", ""זמן המסירה"": ""5.12.22 בשעה 14:06"", ""סוג הרכב במעצר"": ""טנדר סובארו"", ""מיקום המעצר"": ""שטח עפר"", ""יחידת משטרה"": ""ימ\""ר לכיש""}",40.0,"1. **סוג העבירה וחומרתה** — שני התיקים עוסקים בעבירות של יבוא/סחר בסמים, כאשר בשניהם אין עבירות נלוות. חומרת העבירה דומה בשני המקרים, אך בתיק 1 מצוין סעיף 19, מה שיכול לרמז על נסיבות מחמירות או חומרה מוגברת. 
2. **סוג הסם וכמותו** — בשני התיקים מדובר בקטמין, אך הכמויות שונות משמעותית: 11,400 גרם בתיק 1 לעומת 700 גרם בתיק 2. ההבדל בכמות הסם משמעותי ויכול להשפיע על חומרת הענישה.
3. **שיטת הביצוע (MO)** — שני התיקים כוללים הברחת סמים, אך בשיטות שונות: תיק 1 כולל הסתרה במזוודה בעלת דופן כפולה, ואילו תיק 2 כולל משלוח בדואר בינלאומי בכדים בעלי דופן כפולה. השימוש בדופן כפולה הוא דפוס דומה.
4. **נסיבות הליבה** — בשני התיקים אין מעבדה, והנאשם הוא בעל הסמים. הנסיבות דומות בכך ששניהם עוסקים בייבוא סמים, אך שונות בפרטי הביצוע והיקף הפעולה.
5. **ישימות כתקדים** — בית משפט עשוי לראות את שני התיקים כרלוונטיים זה לזה במידה מסוימת בשל הדמיון בסוג העבירה והעדר עבירות נלוות, אך ההבדלים בכמות הסם ובשיטת ההברחה עשויים להפחית מהרלוונטיות.

SIMILARITY_SCORE: 40","ok",""
"ME-23-12-14553-571","ME-17-03-30876-747",3,1,1,"{""מיקום המעבדה"": ""וילה בקריית גת"", ""תאריך תחילת שכירות הוילה"": ""1.7.2023"", ""תאריך גילוי המעבדה"": ""30.11.2023"", ""כמות חדרים בשימוש לגידול"": ""6"", ""סוג חיבור החשמל"": ""חיבור פיראטי"", ""סכום הנזק לחברת החשמל"": ""99717.18 ₪"", ""כלי פריצה שנמצא בשימוש"": ""פטיש"", ""מכירה לסוכן"": ""לא"", ""מעבדה"": ""כן"", ""סוג הסם, כמות"": ""קנבוס בשתילים: 180000 גרם, קנבוס: 7480 גרם"", ""עבירה"": ""ייצור, החזקה שלא לצריכה עצמית"", ""עבירות נלוות כן/לא"": ""לא"", ""תפקיד"": ""בעל הסמים, בעל המעבדה""}","{""מכירה לסוכן"": ""לא"", ""מעבדה"": ""כן"", ""סוג הסם, כמות"": ""קנבוס: 140000 גרם"", ""עבירה"": ""ייצור, החזקה שלא לצריכה עצמית"", ""עבירות נלוות כן/לא"": ""כן"", ""תפקיד"": ""בעל הסמים, בעל המעבדה"", ""סוג הסם"": ""קנביס"", ""כמות הסם"": ""140 ק\""ג"", ""שווי הסם"": ""70,000 ₪ לקילוגרם"", ""סך שווי הסם"": ""9,800,000 ₪"", ""גניבת חשמל"": ""כן"", ""שווי גניבת החשמל"": ""42,578 ₪"", ""סוג העבירות"": ""קשירת קשר לפשע, ייצור סמים, החזקת סם מסוכן, גניבה בנסיבות מיוחדות, החזקת חצרים להכנת סמים"", ""מיקום המעבדה"": ""מתחם בן ארבעה דונמים"", ""מספר החדרים במעבדה"": ""7"", ""פרטי הציוד"": ""80 שנאים, 77 בתי מנורות, 77 נורות, 5 מפוחי אוויר, מייבש, 2 משאבות מים, מזגן מיני מרכזי, 1,246 שתילים של קנאביס, 59 שקים של חומרי גידול, חומרי דישון, חומרי הדברה, שעונים דיגיטאליים, מזמרה, משאבה חשמלית למים, טרמומטרים דיגיטאליים, חבילת צינור השקיה בטפטוף, מדחום, מזרקים גדולים, קנקן מדידה, מכשיר אלקטרוני עם אלקטרודות, מרסס נייד, אדניות לגידול"", ""שווי הציוד"": ""עשרות אלפי שקלים"", ""חיבור לא מוסדר לרשת החשמל"": ""כן""}",85.0,"1. **סוג העבירה וחומרתה**: שני התיקים עוסקים בעבירות של ייצור והחזקה שלא לצריכה עצמית של סמים מסוכנים. חומרת העבירות דומה, אך בתיק 2 ישנן עבירות נלוות נוספות כמו קשירת קשר לפשע וגניבה בנסיבות מיוחדות, מה שיכול להעיד על חומרה גבוהה יותר.

2. **סוג הסם וכמותו**: בשני התיקים מדובר בקנבוס/קנאביס. הכמות בתיק 1 היא כ-180 ק""ג (כולל שתילים), ובתיק 2 מדובר ב-140 ק""ג. הכמויות דומות בסדר גודל.

3. **שיטת הביצוע (MO)**: שני התיקים כוללים הפעלת מעבדה לגידול סמים עם חיבור חשמל פיראטי. בתיק 2 מפורטים יותר אמצעי הגידול והציוד המשמש.

4. **נסיבות הליבה**: שני התיקים כוללים מעבדה, תכנון מראש, וגניבת חשמל. מספר החדרים בשימוש דומה (6 בתיק 1 ו-7 בתיק 2).

5. **ישימות כתקדים**: בית המשפט עשוי לראות את שני התיקים כרלוונטיים זה לזה לצורכי ענישה בשל הדמיון בעבירות, בסוג ובכמות הסם, ובשיטת הביצוע.

SIMILARITY_SCORE: 85","ok",""
"SH-16-09-64418-33","SH-17-07-16759-919",2,0,1,"{""מכירה לסוכן"": ""לא"", ""מעבדה"": ""כן"", ""סוג הסם, כמות"": ""חשיש: 289.64 גרם, קנבוס בשתילים: 837.76 גרם"", ""עבירה"": ""ייצור, החזקה שלא לצריכה עצמית"", ""עבירות נלוות כן/לא"": ""לא"", ""תפקיד"": ""בעל הסמים, בעל המעבדה"", ""מיקום המעבדה"": ""מחסן בחלקו האחורי של הבית"", ""כלי גידול"": ""עציצים"", ""פנקס טיפולים"": ""כן"", ""מיקום החשיש לצריכה עצמית"": ""חדר בקומה הראשונה"", ""כלי אחסון חשיש לצריכה עצמית"": ""נייר מקופל"", ""תאריך החיפוש"": ""14.3.16"", ""שעת החיפוש"": ""18:30""}","{""מכירה לסוכן"": ""לא"", ""מעבדה"": ""כן"", ""סוג הסם, כמות"": ""חשיש: 0.71 גרם, קנבוס: 1.64 גרם"", ""עבירה"": ""ייצור, החזקה שלא לצריכה עצמית"", ""עבירות נלוות כן/לא"": ""לא"", ""תפקיד"": ""בעל הסמים, בעל המעבדה"", ""סוגי ציוד לגידול"": ""יריעת בד שחורה, מנורות לד, מד טמפרטורה, מאוורר, מד זמנים, מזרקים, 2 גלונים, צינור אוורור, שק דישון, גליל, 20 מוטות מתכת, 6 בקבוקי דישון, משקל"", ""מקום החזקת הסמים"": ""במקומות שונים בבית"", ""תאריך כתב האישום"": ""19.1.16"", ""היתר גידול סמים"": ""ללא היתר""}",60.0,"1. **סוג העבירה וחומרתה** — בשני התיקים מדובר בעבירות של ייצור והחזקה שלא לצריכה עצמית של סמים, מה שמצביע על דמיון בסוג העבירה. חומרת העבירה בשני המקרים נראית דומה מכיוון ששתיהן כוללות ייצור והחזקה שלא לצריכה עצמית. עם זאת, הכמות והנסיבות עשויות להשפיע על חומרת הענישה.

2. **סוג הסם וכמותו** — שני התיקים כוללים חשיש וקנבוס, מה שמצביע על דמיון בסוג הסם. עם זאת, יש הבדל משמעותי בכמות הסם: תיק 1 כולל כמויות גדולות בהרבה (289.64 גרם חשיש ו-837.76 גרם קנבוס) לעומת תיק 2 (0.71 גרם חשיש ו-1.64 גרם קנבוס). הפרש זה בכמות עשוי להצביע על חומרה שונה.

3. **שיטת הביצוע (MO)** — בשני התיקים מדובר בגידול סמים בבית, עם שימוש במעבדה, מה שמצביע על דמיון בשיטת הביצוע. תיק 2 מפרט יותר ציוד לגידול, אך עדיין מדובר בגידול סמים בסביבה ביתית.

4. **נסיבות הליבה** — בשני התיקים הנאשם הוא בעל הסמים ובעל המעבדה, ומדובר בגידול סמים בבית. תיק 1 מציין שהמעבדה הייתה במחסן בחלקו האחורי של הבית, בעוד שתיק 2 לא מפרט את מיקום המעבדה אך מציין שהסמים הוחזקו במקומות שונים בבית. שני התיקים כוללים היעדר היתר גידול סמים או עבירות נלוות.

5. **ישימות כתקדים** — בית משפט עשוי לראות את שני התיקים כרלוונטיים זה לזה מבחינת סוג העבירה (ייצור והחזקה שלא לצריכה עצמית) ותפקיד הנאשם (בעל המעבדה והסמים). עם זאת, ההבדל המשמעותי בכמות הסם עשוי להשפיע על מידת הדמיון.

SIMILARITY_SCORE: 60","ok",""
"SH-19-02-58269-573","ME-16-11-63255-338",1,0,0,"{""מכירה לסוכן"": ""לא"", ""מעבדה"": ""לא"", ""סוג הסם, כמות"": ""קנבוס: 120.23 גרם"", ""עבירה"": ""החזקה שלא לצריכה עצמית, יבוא/סחר, 19"", ""עבירות נלוות כן/לא"": ""כן"", ""תפקיד"": ""בעל הסמים"", ""מיקום האירוע"": ""רחוב קהילת ונציה, תל אביב"", ""זמן האירוע"": ""22.11.2018, 19:00"", ""סוג העבירה"": ""נהיגה בקלות ראש"", ""פרטי המרדף"": ""הנאשם נמלט ברכבו, השליך סמים מהחלון, נרדף על ידי שוטר בסירנות וכריזה"", ""כמות נוספת של סמים"": ""19 שקיות עם סמים מסוכנים מסוג קנבוס, במשקל כולל של 97.22 גרם נטו; חמש שקיות עם סמים מסוכנים מסוג קנבוס במשקל כולל של 23.01 גרם נטו""}","{""מעבדה"": ""לא"", ""סוג הסם, כמות"": ""LSD: 154 בולים, 1.75 מיליליטר, חשיש: 689.77 גרם, קנבוס: 1255.48 גרם, MDMA: 1651 טבליות, 30.11 גרם, קוקאין: 52.616 גרם"", ""עבירה"": ""החזקה שלא לצריכה עצמית, יבוא/סחר"", ""עבירות נלוות כן/לא"": ""כן"", ""תפקיד"": ""לא בעל הסמים"", ""סוגי סמים נוספים"": ""קוקאין, אקסטזי"", ""כמות סמים נוספת"": ""52.616-גרם-קוקאין, 1,651-טבליות-MDMA, 30.11-גרם-MDMAאבקה, 154-בולים-LSD, 1.75-מל-LSDנוזל"", ""מעורבים נוספים"": ""מאהר שחאדה, יותם בצר, עמיר רחמים, חנן כהן"", ""תאריכים רלוונטיים"": ""17.10.16-תחילת הקשר, 13.11.16-מכירת סמים לעמיר רחמים, 14.11.16-מכירת סמים לחנן כהן והחזקת סמים בדירה"", ""סכומי כסף"": ""4,500 ₪-לשכר דירה, 1,400 ₪-מכירה לעמיר רחמים, 100 ₪-מכירה לחנן כהן"", ""מיקום העבירות"": ""בדירה שנשכרה"", ""כלים לשימוש בסמים"": ""משקל אלקטרוני"", ""מכירה לסוכן"": ""לא""}",40.0,"1. **סוג העבירה וחומרתה** — שני התיקים עוסקים בעבירות של החזקה שלא לצריכה עצמית וסחר בסמים, מה שמצביע על דמיון בסוג העבירה. עם זאת, חומרת העבירה עשויה להשתנות בשל הבדלים בכמות ובסוג הסם. 
2. **סוג הסם וכמותו** — תיק 1 כולל קנבוס בלבד, בעוד שתיק 2 כולל מגוון סמים (LSD, חשיש, קנבוס, MDMA, קוקאין). הכמות הכוללת של סמים בתיק 2 גדולה בהרבה מזו שבתיק 1. 
3. **שיטת הביצוע (MO)** — שני התיקים כוללים החזקה וסחר בסמים, אך פרטי שיטת הביצוע שונים: תיק 1 כולל נהיגה בקלות ראש והשלכת סמים, בעוד שתיק 2 כולל החזקה בדירה שנשכרה ומכירה ללקוחות שונים. 
4. **נסיבות הליבה** — בשני התיקים אין מעבדה, אך הם שונים בנסיבות אחרות: תיק 1 כולל מרדף משטרתי ונהיגה פרועה, בעוד שתיק 2 מתמקד בפעילות סחר בדירה. 
5. **ישימות כתקדים** — בית המשפט עשוי לראות את שני התיקים כרלוונטיים זה לזה מבחינת העיסוק בסחר בסמים, אך ההבדלים בסוג הסם, הכמות ושיטת הביצוע עשויים להפחית מהרלוונטיות.

SIMILARITY_SCORE: 40","ok",""
"SH-19-02-58269-573","ME-23-12-14553-571",2,0,1,"{""מכירה לסוכן"": ""לא"", ""מעבדה"": ""לא"", ""סוג הסם, כמות"": ""קנבוס: 120.23 גרם"", ""עבירה"": ""החזקה שלא לצריכה עצמית, יבוא/סחר, 19"", ""עבירות נלוות כן/לא"": ""כן"", ""תפקיד"": ""בעל הסמים"", ""מיקום האירוע"": ""רחוב קהילת ונציה, תל אביב"", ""זמן האירוע"": ""22.11.2018, 19:00"", ""סוג העבירה"": ""נהיגה בקלות ראש"", ""פרטי המרדף"": ""הנאשם נמלט ברכבו, השליך סמים מהחלון, נרדף על ידי שוטר בסירנות וכריזה"", ""כמות נוספת של סמים"": ""19 שקיות עם סמים מסוכנים מסוג קנבוס, במשקל כולל של 97.22 גרם נטו; חמש שקיות עם סמים מסוכנים מסוג קנבוס במשקל כולל של 23.01 גרם נטו""}","{""מיקום המעבדה"": ""וילה בקריית גת"", ""תאריך תחילת שכירות הוילה"": ""1.7.2023"", ""תאריך גילוי המעבדה"": ""30.11.2023"", ""כמות חדרים בשימוש לגידול"": ""6"", ""סוג חיבור החשמל"": ""חיבור פיראטי"", ""סכום הנזק לחברת החשמל"": ""99717.18 ₪"", ""כלי פריצה שנמצא בשימוש"": ""פטיש"", ""מכירה לסוכן"": ""לא"", ""מעבדה"": ""כן"", ""סוג הסם, כמות"": ""קנבוס בשתילים: 180000 גרם, קנבוס: 7480 גרם"", ""עבירה"": ""ייצור, החזקה שלא לצריכה עצמית"", ""עבירות נלוות כן/לא"": ""לא"", ""תפקיד"": ""בעל הסמים, בעל המעבדה""}",20.0,"1. **סוג העבירה וחומרתה**: שני התיקים עוסקים בעבירות סמים, אך סוג העבירה שונה - תיק 1 מתמקד בהחזקה שלא לצריכה עצמית וסחר, עם עבירות נלוות, בעוד תיק 2 מתמקד בייצור והחזקה שלא לצריכה עצמית. חומרת העבירות דומה בשל מעורבות בסחר/ייצור סמים.

2. **סוג הסם וכמותו**: שני התיקים עוסקים בקנבוס, אך הכמויות שונות מאוד - תיק 1 כולל כמה מאות גרמים, בעוד תיק 2 כולל מאות קילוגרמים של קנבוס בשתילים ועוד כמה קילוגרמים של קנבוס. ההבדל בכמות הוא משמעותי.

3. **שיטת הביצוע (MO)**: תיק 1 כולל החזקה והשלכת סמים בזמן מרדף, בעוד תיק 2 כולל הפעלת מעבדה לגידול קנבוס. השיטות שונות לחלוטין.

4. **נסיבות הליבה**: תיק 1 התרחש ברחוב וכלל מרדף, בעוד תיק 2 התרחש במעבדה פיראטית. הנסיבות שונות מאוד.

5. **ישימות כתקדים**: בשל ההבדלים המשמעותיים בשיטת הביצוע, נסיבות הליבה, וכמות הסם, סביר שבית המשפט לא יראה את שני התיקים כרלוונטיים זה לזה לצורכי ענישה.

SIMILARITY_SCORE: 20","ok",""
"SH-19-03-50607-561","ME-16-11-63255-338",1,0,0,"{""מכירה לסוכן"": ""כן"", ""מעבדה"": ""לא"", ""סוג הסם, כמות"": ""LSD: 4 שתילים, קנבוס: 81.78 גרם, MDMA: 39.78 גרם"", ""עבירה"": ""החזקה שלא לצריכה עצמית, יבוא/סחר, 19"", ""עבירות נלוות כן/לא"": ""כן"", ""תפקיד"": ""בעל הסמים"", ""סוגי עבירות"": ""סיוע לסחר בסם מסוכן, סחר בסם מסוכן, קשירת קשר לביצוע פשע, החזקת סם מסוכן שלא לצריכה עצמית"", ""סוגי סמים"": ""MDMA, LSD, קנבוס"", ""מקומות המפגש"": ""מגדל, רחוב אחד העם בטבריה"", ""מקום המעצר"": ""בית הנאשם"", ""פלטפורמת מסחר"": ""טלגראס"", ""תפקיד הסוכן"": ""ראש צוות גישור ועוקץ, איסוף ראיות ומידע כנגד עבריינים"", ""מכונית הנאשם"": ""פולקסוואגן, לוחית זיהוי 14-263-71"", ""פרטי זיהוי של הסוחרים"": ""צילומי תעודת זהות, פרופיל פייסבוק, מסמכים, סרטון בו מציג הסוחר את מרכולתו האסורה"", ""מנגנון השמדת תכנים אוטומטי"": ""כן"", ""התראה פעולה של צילום מסך"": ""כן"", ""קושי בציטוט שיחות"": ""כן""}","{""מעבדה"": ""לא"", ""סוג הסם, כמות"": ""LSD: 154 בולים, 1.75 מיליליטר, חשיש: 689.77 גרם, קנבוס: 1255.48 גרם, MDMA: 1651 טבליות, 30.11 גרם, קוקאין: 52.616 גרם"", ""עבירה"": ""החזקה שלא לצריכה עצמית, יבוא/סחר"", ""עבירות נלוות כן/לא"": ""כן"", ""תפקיד"": ""לא בעל הסמים"", ""סוגי סמים נוספים"": ""קוקאין, אקסטזי"", ""כמות סמים נוספת"": ""52.616-גרם-קוקאין, 1,651-טבליות-MDMA, 30.11-גרם-MDMAאבקה, 154-בולים-LSD, 1.75-מל-LSDנוזל"", ""מעורבים נוספים"": ""מאהר שחאדה, יותם בצר, עמיר רחמים, חנן כהן"", ""תאריכים רלוונטיים"": ""17.10.16-תחילת הקשר, 13.11.16-מכירת סמים לעמיר רחמים, 14.11.16-מכירת סמים לחנן כהן והחזקת סמים בדירה"", ""סכומי כסף"": ""4,500 ₪-לשכר דירה, 1,400 ₪-מכירה לעמיר רחמים, 100 ₪-מכירה לחנן כהן"", ""מיקום העבירות"": ""בדירה שנשכרה"", ""כלים לשימוש בסמים"": ""משקל אלקטרוני"", ""מכירה לסוכן"": ""לא""}",60.0,"1. **סוג העבירה וחומרתה** — שני התיקים עוסקים בעבירות סמים חמורות הכוללות החזקה שלא לצריכה עצמית וסחר/יבוא סמים מסוכנים. חומרת העבירות דומה בשני התיקים, אך סוגי העבירות הנלוות עשויים להשתנות. 
2. **סוג הסם וכמותו** — שני התיקים כוללים סמים דומים (LSD, קנבוס, MDMA), אך הכמויות משתנות. תיק 2 כולל כמויות גדולות יותר של MDMA וסמים נוספים כמו קוקאין שלא מופיע בתיק 1.
3. **שיטת הביצוע (MO)** — בשני התיקים אין מעבדה, והעבירות כוללות החזקה וסחר. תיק 1 מזכיר שימוש ב""טלגראס"" כפלטפורמת מסחר, בעוד שתיק 2 אינו מציין זאת. 
4. **נסיבות הליבה** — בשני התיקים מדובר בעבירות סמים ללא מעבדה, אך הנסיבות שונות: תיק 1 כולל ""מכירה לסוכן"" ותפקיד של ""בעל הסמים"", בעוד שתיק 2 אינו כולל ""מכירה לסוכן"" והנאשם אינו ""בעל הסמים"".
5. **ישימות כתקדים** — בית המשפט עשוי לראות את שני התיקים כרלוונטיים זה לזה בשל הדמיון בסוגי הסמים ובחומרת העבירות, אך ההבדלים בכמויות הסמים, תפקיד הנאשם, ונסיבות אחרות עשויים להשפיע על מידת הרלוונטיות.

SIMILARITY_SCORE: 60","ok",""
"SH-21-09-42879-201","ME-18-08-8864-290",1,0,0,"{""מכירה לסוכן"": ""כן"", ""מעבדה"": ""לא"", ""סוג הסם, כמות"": ""MDMA: 10 טבליות"", ""עבירה"": ""יבוא/סחר, 19"", ""עבירות נלוות כן/לא"": ""לא"", ""תפקיד"": ""בעל הסמים"", ""שימוש בטכנולוגיה לביצוע העבירה"": ""כן"", ""פלטפורמת תקשורת"": ""טלגראם"", ""מקומות העבירה"": ""כיכר הדווידקה, רחוב שמאי"", ""סכום העסקה"": ""800 שקלים"", ""מספר פעמים שבוצעה העבירה"": ""2"", ""שימוש בסוכן משטרתי"": ""כן"", ""שם הסוכן"": ""ג'רמי דיין""}","{""מכירה לסוכן"": ""לא"", ""מעבדה"": ""לא"", ""סוג הסם, כמות"": ""קנבוס בשתילים: 5 שתילים"", ""עבירה"": ""ייצור, החזקה שלא לצריכה עצמית, יבוא/סחר, 19"", ""עבירות נלוות כן/לא"": ""כן"", ""תפקיד"": ""בעל הסמים"", ""מקום השירות"": ""פלוגת מג\""ב, איו\""ש"", ""הודאה באישומים"": ""הודה באישום הראשון, השלישי והרביעי"", ""עבירות נוספות"": ""גניבה, נשיאה והובלה של נשק, עשיית עסקה בנשק, מעשה פזיזות ורשלנות בנשק, ירי בשטח עירוני"", ""סעיפים רלוונטיים"": ""סעיף 384, סעיף 144(ב), סעיף 144(ב2), סעיף 6, סעיפים 14+19, סעיף 7(ג) סיפא, סעיף 338(א)(5), סעיף 340א""}",20.0,"1. **סוג העבירה וחומרתה**: שני התיקים עוסקים בעבירות סמים, אך סוג העבירה אינו זהה - תיק 1 מתמקד ביבוא/סחר, בעוד שתיק 2 כולל ייצור, החזקה שלא לצריכה עצמית ויבוא/סחר. חומרת העבירות דומה בכך ששתיהן נחשבות חמורות, אך יש הבדל בסעיפי האישום ובנסיבות. 
2. **סוג הסם וכמותו**: סוג הסם שונה - MDMA (אקסטזי) בתיק 1 לעומת קנבוס בתיק 2. הכמות גם היא שונה - 10 טבליות לעומת 5 שתילים. סדר הגודל אינו דומה, וגם חומרת הסם שונה.
3. **שיטת הביצוע (MO)**: תיק 1 כולל שימוש בפלטפורמת תקשורת (טלגראם) ומכירה לסוכן, בעוד שתיק 2 אינו כולל פרטים על שיטת ביצוע דומה. אין דפוס או אמצעים דומים בביצוע העבירות.
4. **נסיבות הליבה**: בשני התיקים אין מעבדה, אך הנסיבות האחרות שונות - תיק 1 כולל מכירה לסוכן וסכום עסקה מוגדר, בעוד שתיק 2 כולל עבירות נלוות רבות ומגוונות כמו גניבה ונשיאת נשק.
5. **ישימות כתקדים**: בהתחשב בהבדלים בסוג העבירה, סוג הסם, שיטת הביצוע ונסיבות הליבה, לא סביר שבית המשפט יראה את שני התיקים כרלוונטיים זה לזה לצורכי ענישה.

SIMILARITY_SCORE: 20","ok",""
"SH-21-09-42879-201","ME-22-07-53625-139",1,0,0,"{""מכירה לסוכן"": ""כן"", ""מעבדה"": ""לא"", ""סוג הסם, כמות"": ""MDMA: 10 טבליות"", ""עבירה"": ""יבוא/סחר, 19"", ""עבירות נלוות כן/לא"": ""לא"", ""תפקיד"": ""בעל הסמים"", ""שימוש בטכנולוגיה לביצוע העבירה"": ""כן"", ""פלטפורמת תקשורת"": ""טלגראם"", ""מקומות העבירה"": ""כיכר הדווידקה, רחוב שמאי"", ""סכום העסקה"": ""800 שקלים"", ""מספר פעמים שבוצעה העבירה"": ""2"", ""שימוש בסוכן משטרתי"": ""כן"", ""שם הסוכן"": ""ג'רמי דיין""}","{""מכירה לסוכן"": ""לא"", ""מעבדה"": ""כן"", ""סוג הסם, כמות"": ""קנבוס בשתילים: 52000 גרם"", ""עבירה"": ""ייצור, החזקה שלא לצריכה עצמית"", ""עבירות נלוות כן/לא"": ""כן"", ""תפקיד"": ""בעל הסמים, בעל המעבדה"", ""מספר מנורות"": ""47"", ""מספר מזגנים"": ""12"", ""מספר מאווררים"": ""15"", ""סוג הסם"": ""קנבוס"", ""מיקום המעבדה"": ""דירת הגג, רחוב הרב כהנמן 124, בני ברק"", ""משך זמן הפעילות"": ""כשנה וחצי"", ""מספר שתילים"": ""347"", ""משקל נטו של הסם"": ""52 ק\""ג"", ""שותפים בבעלות"": ""שולמית בוגרד, שלמה זלמן כהן""}",10.0,"1. **סוג העבירה וחומרתה**: שני התיקים עוסקים בעבירות סמים, אך סוג העבירה שונה - תיק 1 עוסק ביבוא/סחר, בעוד שתיק 2 עוסק בייצור והחזקה שלא לצריכה עצמית. חומרת העבירות עשויה להיות דומה בשל היקף הפעילות והכמויות המעורבות, אך סוג העבירה אינו זהה.

2. **סוג הסם וכמותו**: תיק 1 עוסק ב-MDMA (10 טבליות), בעוד שתיק 2 עוסק בקנבוס (52 ק""ג). סוג הסם שונה, וכמות הסם בתיק 2 גדולה בהרבה.

3. **שיטת הביצוע (MO)**: תיק 1 כולל מכירה לסוכן באמצעות טלגראם, בעוד שתיק 2 כולל ייצור סם במעבדה. שיטות הביצוע שונות לחלוטין.

4. **נסיבות הליבה**: תיק 1 אינו כולל מעבדה, בעוד שתיק 2 כולל מעבדה עם ציוד נרחב. נסיבות הליבה שונות מאוד.

5. **ישימות כתקדים**: בשל ההבדלים בסוג העבירה, סוג הסם, שיטת הביצוע ונסיבות הליבה, לא סביר שבית משפט יראה את שני התיקים כרלוונטיים זה לזה לצורכי ענישה.

SIMILARITY_SCORE: 10","ok",""
"SH-21-09-42879-201","ME-23-12-14553-571",1,0,0,"{""מכירה לסוכן"": ""כן"", ""מעבדה"": ""לא"", ""סוג הסם, כמות"": ""MDMA: 10 טבליות"", ""עבירה"": ""יבוא/סחר, 19"", ""עבירות נלוות כן/לא"": ""לא"", ""תפקיד"": ""בעל הסמים"", ""שימוש בטכנולוגיה לביצוע העבירה"": ""כן"", ""פלטפורמת תקשורת"": ""טלגראם"", ""מקומות העבירה"": ""כיכר הדווידקה, רחוב שמאי"", ""סכום העסקה"": ""800 שקלים"", ""מספר פעמים שבוצעה העבירה"": ""2"", ""שימוש בסוכן משטרתי"": ""כן"", ""שם הסוכן"": ""ג'רמי דיין""}","{""מיקום המעבדה"": ""וילה בקריית גת"", ""תאריך תחילת שכירות הוילה"": ""1.7.2023"", ""תאריך גילוי המעבדה"": ""30.11.2023"", ""כמות חדרים בשימוש לגידול"": ""6"", ""סוג חיבור החשמל"": ""חיבור פיראטי"", ""סכום הנזק לחברת החשמל"": ""99717.18 ₪"", ""כלי פריצה שנמצא בשימוש"": ""פטיש"", ""מכירה לסוכן"": ""לא"", ""מעבדה"": ""כן"", ""סוג הסם, כמות"": ""קנבוס בשתילים: 180000 גרם, קנבוס: 7480 גרם"", ""עבירה"": ""ייצור, החזקה שלא לצריכה עצמית"", ""עבירות נלוות כן/לא"": ""לא"", ""תפקיד"": ""בעל הסמים, בעל המעבדה""}",10.0,"1. **סוג העבירה וחומרתה**: שני התיקים עוסקים בעבירות סמים, אך סוג העבירה שונה - תיק 1 עוסק ביבוא/סחר, בעוד שתיק 2 עוסק בייצור והחזקה שלא לצריכה עצמית. חומרת העבירות עשויה להיות שונה בשל סוג העבירה והכמויות המעורבות. 
2. **סוג הסם וכמותו**: סוג הסם שונה - תיק 1 עוסק ב-MDMA (סם מסוג ""אקסטזי""), בעוד שתיק 2 עוסק בקנבוס. הכמויות שונות מאוד - 10 טבליות לעומת 180,000 גרם של שתילים ו-7480 גרם של קנבוס. 
3. **שיטת הביצוע (MO)**: שיטת הביצוע שונה - תיק 1 כולל מכירה לסוכן באמצעות טלגראם, בעוד שתיק 2 כולל הפעלת מעבדה לגידול קנבוס עם חיבור חשמל פיראטי. 
4. **נסיבות הליבה**: נסיבות הליבה שונות - תיק 1 כולל מכירה לסוכן, שימוש בטכנולוגיה, וסכום עסקה מוגדר, בעוד שתיק 2 כולל הפעלת מעבדה, גידול קנבוס, וחיבור חשמל פיראטי. 
5. **ישימות כתקדים**: בשל ההבדלים בסוג העבירה, סוג הסם, הכמות, ושיטת הביצוע, לא סביר שבית משפט יראה את שני התיקים כרלוונטיים זה לזה לצורכי ענישה.

SIMILARITY_SCORE: 10","ok",""
"SH-21-09-42879-201","SH-16-09-64418-33",1,0,0,"{""מכירה לסוכן"": ""כן"", ""מעבדה"": ""לא"", ""סוג הסם, כמות"": ""MDMA: 10 טבליות"", ""עבירה"": ""יבוא/סחר, 19"", ""עבירות נלוות כן/לא"": ""לא"", ""תפקיד"": ""בעל הסמים"", ""שימוש בטכנולוגיה לביצוע העבירה"": ""כן"", ""פלטפורמת תקשורת"": ""טלגראם"", ""מקומות העבירה"": ""כיכר הדווידקה, רחוב שמאי"", ""סכום העסקה"": ""800 שקלים"", ""מספר פעמים שבוצעה העבירה"": ""2"", ""שימוש בסוכן משטרתי"": ""כן"", ""שם הסוכן"": ""ג'רמי דיין""}","{""מכירה לסוכן"": ""לא"", ""מעבדה"": ""כן"", ""סוג הסם, כמות"": ""חשיש: 289.64 גרם, קנבוס בשתילים: 837.76 גרם"", ""עבירה"": ""ייצור, החזקה שלא לצריכה עצמית"", ""עבירות נלוות כן/לא"": ""לא"", ""תפקיד"": ""בעל הסמים, בעל המעבדה"", ""מיקום המעבדה"": ""מחסן בחלקו האחורי של הבית"", ""כלי גידול"": ""עציצים"", ""פנקס טיפולים"": ""כן"", ""מיקום החשיש לצריכה עצמית"": ""חדר בקומה הראשונה"", ""כלי אחסון חשיש לצריכה עצמית"": ""נייר מקופל"", ""תאריך החיפוש"": ""14.3.16"", ""שעת החיפוש"": ""18:30""}",20.0,"1. **סוג העבירה וחומרתה**: שני התיקים עוסקים בעבירות סמים, אך סוג העבירה שונה - תיק 1 עוסק ביבוא/סחר, בעוד שתיק 2 עוסק בייצור והחזקה שלא לצריכה עצמית. חומרת העבירות עשויה להיות דומה בשל היותן עבירות סמים חמורות. 
2. **סוג הסם וכמותו**: תיק 1 כולל MDMA (10 טבליות), בעוד שתיק 2 כולל חשיש (289.64 גרם) וקנבוס (837.76 גרם). סוגי הסמים שונים, וכמויות הסם משמעותיות בשני התיקים אך לא באותו סדר גודל.
3. **שיטת הביצוע (MO)**: תיק 1 כולל מכירה לסוכן באמצעות טלגראם, בעוד שתיק 2 כולל ייצור סמים במעבדה. שיטות הביצוע שונות לחלוטין.
4. **נסיבות הליבה**: תיק 1 מתמקד במכירה, בעוד שתיק 2 מתמקד בייצור והחזקה במעבדה. נסיבות שונות מאוד.
5. **ישימות כתקדים**: בשל ההבדלים המשמעותיים בסוג העבירה, שיטת הביצוע, ונסיבות הליבה, לא סביר שבית המשפט יראה את שני התיקים כרלוונטיים זה לזה לצורכי ענישה.

SIMILARITY_SCORE: 20","ok",""
"SH-21-09-42879-201","SH-19-02-58269-573",2,0,1,"{""מכירה לסוכן"": ""כן"", ""מעבדה"": ""לא"", ""סוג הסם, כמות"": ""MDMA: 10 טבליות"", ""עבירה"": ""יבוא/סחר, 19"", ""עבירות נלוות כן/לא"": ""לא"", ""תפקיד"": ""בעל הסמים"", ""שימוש בטכנולוגיה לביצוע העבירה"": ""כן"", ""פלטפורמת תקשורת"": ""טלגראם"", ""מקומות העבירה"": ""כיכר הדווידקה, רחוב שמאי"", ""סכום העסקה"": ""800 שקלים"", ""מספר פעמים שבוצעה העבירה"": ""2"", ""שימוש בסוכן משטרתי"": ""כן"", ""שם הסוכן"": ""ג'רמי דיין""}","{""מכירה לסוכן"": ""לא"", ""מעבדה"": ""לא"", ""סוג הסם, כמות"": ""קנבוס: 120.23 גרם"", ""עבירה"": ""החזקה שלא לצריכה עצמית, יבוא/סחר, 19"", ""עבירות נלוות כן/לא"": ""כן"", ""תפקיד"": ""בעל הסמים"", ""מיקום האירוע"": ""רחוב קהילת ונציה, תל אביב"", ""זמן האירוע"": ""22.11.2018, 19:00"", ""סוג העבירה"": ""נהיגה בקלות ראש"", ""פרטי המרדף"": ""הנאשם נמלט ברכבו, השליך סמים מהחלון, נרדף על ידי שוטר בסירנות וכריזה"", ""כמות נוספת של סמים"": ""19 שקיות עם סמים מסוכנים מסוג קנבוס, במשקל כולל של 97.22 גרם נטו; חמש שקיות עם סמים מסוכנים מסוג קנבוס במשקל כולל של 23.01 גרם נטו""}",40.0,"1. **סוג העבירה וחומרתה**: שני התיקים עוסקים בעבירות סמים, אך סוג העבירה שונה - תיק 1 מתמקד ב""יבוא/סחר"" בלבד, בעוד שתיק 2 כולל גם ""החזקה שלא לצריכה עצמית"" בנוסף ל""יבוא/סחר"". חומרת העבירות דומה בכך ששתיהן מעורבות בסחר בסמים.

2. **סוג הסם וכמותו**: תיק 1 עוסק ב-MDMA (10 טבליות), בעוד שתיק 2 עוסק בקנבוס (כ-220 גרם בסך הכל). סוג הסם שונה, אך הכמות ביחס לסוג יכולה להיחשב לדומה בסדר גודל עבור עבירת סחר.

3. **שיטת הביצוע (MO)**: תיק 1 כולל מכירה לסוכן באמצעות טלגראם, ואילו תיק 2 כולל החזקה וסחר ללא מכירה לסוכן, עם נסיבות של מרדף משטרתי. השיטות שונות.

4. **נסיבות הליבה**: בשני התיקים אין מעבדה, אך הנסיבות שונות - תיק 1 כולל עסקאות מתוכננות דרך פלטפורמת תקשורת, ואילו תיק 2 כולל נסיבות של מרדף וזריקת סמים.

5. **ישימות כתקדים**: בית המשפט עשוי לראות את שני התיקים כקשורים לנושא הסחר בסמים, אך ההבדלים בסוג העבירה, סוג הסם, ושיטת הביצוע עשויים להפחית מהרלוונטיות של האחד לאחר.

SIMILARITY_SCORE: 40","ok",""
"SH-21-09-42879-201","SH-19-03-50607-561",3,1,1,"{""מכירה לסוכן"": ""כן"", ""מעבדה"": ""לא"", ""סוג הסם, כמות"": ""MDMA: 10 טבליות"", ""עבירה"": ""יבוא/סחר, 19"", ""עבירות נלוות כן/לא"": ""לא"", ""תפקיד"": ""בעל הסמים"", ""שימוש בטכנולוגיה לביצוע העבירה"": ""כן"", ""פלטפורמת תקשורת"": ""טלגראם"", ""מקומות העבירה"": ""כיכר הדווידקה, רחוב שמאי"", ""סכום העסקה"": ""800 שקלים"", ""מספר פעמים שבוצעה העבירה"": ""2"", ""שימוש בסוכן משטרתי"": ""כן"", ""שם הסוכן"": ""ג'רמי דיין""}","{""מכירה לסוכן"": ""כן"", ""מעבדה"": ""לא"", ""סוג הסם, כמות"": ""LSD: 4 שתילים, קנבוס: 81.78 גרם, MDMA: 39.78 גרם"", ""עבירה"": ""החזקה שלא לצריכה עצמית, יבוא/סחר, 19"", ""עבירות נלוות כן/לא"": ""כן"", ""תפקיד"": ""בעל הסמים"", ""סוגי עבירות"": ""סיוע לסחר בסם מסוכן, סחר בסם מסוכן, קשירת קשר לביצוע פשע, החזקת סם מסוכן שלא לצריכה עצמית"", ""סוגי סמים"": ""MDMA, LSD, קנבוס"", ""מקומות המפגש"": ""מגדל, רחוב אחד העם בטבריה"", ""מקום המעצר"": ""בית הנאשם"", ""פלטפורמת מסחר"": ""טלגראס"", ""תפקיד הסוכן"": ""ראש צוות גישור ועוקץ, איסוף ראיות ומידע כנגד עבריינים"", ""מכונית הנאשם"": ""פולקסוואגן, לוחית זיהוי 14-263-71"", ""פרטי זיהוי של הסוחרים"": ""צילומי תעודת זהות, פרופיל פייסבוק, מסמכים, סרטון בו מציג הסוחר את מרכולתו האסורה"", ""מנגנון השמדת תכנים אוטומטי"": ""כן"", ""התראה פעולה של צילום מסך"": ""כן"", ""קושי בציטוט שיחות"": ""כן""}",60.0,"1. **סוג העבירה וחומרתה**: שני התיקים עוסקים בעבירות סחר בסמים מסוכנים, אך תיק 1 מתמקד ביבוא/סחר ב-MDMA, בעוד שתיק 2 כולל מגוון עבירות (החזקה שלא לצריכה עצמית, יבוא/סחר) וסמים (LSD, קנבוס, MDMA). חומרת העבירות דומה בשל מעורבות בסחר בסמים מסוכנים.

2. **סוג הסם וכמותו**: תיק 1 כולל MDMA בלבד (10 טבליות), בעוד שתיק 2 כולל מגוון סמים (LSD, קנבוס, MDMA) בכמויות שונות. הכמות של MDMA בשני התיקים שונה (10 טבליות לעומת 39.78 גרם). אין התאמה מלאה בסוג הסם ובכמות.

3. **שיטת הביצוע (MO)**: שני התיקים כוללים מכירה לסוכן, שימוש בפלטפורמת תקשורת אונליינית (טלגראם/טלגראס), והנאשם הוא בעל הסמים. הדמיון בשיטת הביצוע ניכר בשימוש בטכנולוגיה ובמכירה לסוכן.

4. **נסיבות הליבה**: בשני התיקים אין מעבדה, והנאשם הוא בעל הסמים. תיק 2 כולל עבירות נלוות ומידע נוסף על נסיבות העבירה, אך שניהם כוללים מכירה לסוכן וסחר בסמים.

5. **ישימות כתקדים**: בית משפט עשוי לראות את שני התיקים כרלוונטיים זה לזה בשל הדמיון בסחר בסמים מסוכנים, שימוש בטכנולוגיה, ותפקיד הנאשם כבעל הסמים. עם זאת, ההבדלים בסוג ובכמות הסמים, וכן בעבירות הנלוות, עשויים להשפיע על מידת הרלוונטיות.

SIMILARITY_SCORE: 60","ok",""
"SH-21-09-42879-201","SH-24-01-26596-264",2,0,1,"{""מכירה לסוכן"": ""כן"", ""מעבדה"": ""לא"", ""סוג הסם, כמות"": ""MDMA: 10 טבליות"", ""עבירה"": ""יבוא/סחר, 19"", ""עבירות נלוות כן/לא"": ""לא"", ""תפקיד"": ""בעל הסמים"", ""שימוש בטכנולוגיה לביצוע העבירה"": ""כן"", ""פלטפורמת תקשורת"": ""טלגראם"", ""מקומות העבירה"": ""כיכר הדווידקה, רחוב שמאי"", ""סכום העסקה"": ""800 שקלים"", ""מספר פעמים שבוצעה העבירה"": ""2"", ""שימוש בסוכן משטרתי"": ""כן"", ""שם הסוכן"": ""ג'רמי דיין""}","{""מכירה לסוכן"": ""כן"", ""מעבדה"": ""לא"", ""סוג הסם, כמות"": ""קנבוס: 140.97 גרם"", ""עבירה"": ""החזקה שלא לצריכה עצמית, יבוא/סחר, 19"", ""עבירות נלוות כן/לא"": ""לא"", ""תפקיד"": ""בעל הסמים"", ""מספר עבירות סחר"": ""6"", ""מספר עבירות אחזקה"": ""1"", ""סוגי עבירות"": ""סחר בסמים מסוכנים, אחזקת סם מסוכן שלא לצריכה עצמית"", ""סוג הסם"": ""קנבוס"", ""כמות כוללת סם"": ""140.97 גרם"", ""מספר טלפון הנאשם"": ""053-7262975"", ""מספר טלפון הסוכן"": ""052-5219530"", ""מקום העסקה הראשון"": ""חניית רכבים ברחוב בן יאיר 24, ערד"", ""מקום העסקה השני"": ""רחוב האירוסים 52, ערד"", ""מקום העסקה השלישי"": ""תחנת הדלק דור אלון, כניסה לעיר ערד"", ""מקום העסקה הרביעי"": ""ים המלח"", ""מקום העסקה החמישי"": ""רחוב שמעון 7, ערד"", ""מספר רכב הנאשם"": ""ל.ז 56-748-12"", ""סוג רכב הנאשם"": ""סקודה אוקטביה"", ""כמות כסף מזומן"": ""2600 ש\""ח"", ""מספר כרטיסי סים ברכב"": ""17"", ""שימוש בישומון טלגראם"": ""כן"", ""שם קבוצת טלגראם"": ""SKOPY, SKOPY33"", ""סוג קנבוס מועבר"": ""אינדיקה, כושי פרסי""}",60.0,"1. **סוג העבירה וחומרתה**: שני התיקים כוללים עבירות סחר בסמים, אך תיק 1 מתמקד ביבוא/סחר ב-MDMA, ואילו תיק 2 כולל הן החזקה שלא לצריכה עצמית והן יבוא/סחר בקנבוס. חומרת העבירות דומה משום ששתיהן עוסקות בסחר בסמים מסוכנים. 
2. **סוג הסם וכמותו**: תיק 1 עוסק ב-MDMA (סם מסוכן) בכמות של 10 טבליות, בעוד תיק 2 עוסק בקנבוס (סם מסוכן) בכמות של 140.97 גרם. סוג הסם שונה אך שניהם סמים מסוכנים, והכמות משמעותית בשני המקרים אך לא באותו סדר גודל.
3. **שיטת הביצוע (MO)**: בשני התיקים נעשה שימוש בפלטפורמת טלגראם לביצוע העבירה, והעבירות בוצעו במספר מקומות שונים. עם זאת, תיק 2 כולל מספר רב יותר של עסקאות ופרטים נוספים על אופן הביצוע.
4. **נסיבות הליבה**: בשני התיקים הנאשם הוא בעל הסמים, נעשתה מכירה לסוכן משטרתי, ולא הייתה מעבדה. עם זאת, תיק 2 כולל מספר עבירות סחר רב יותר ופרטים נוספים על נסיבות העבירה.
5. **ישימות כתקדים**: בית משפט עשוי לראות את שני התיקים כרלוונטיים זה לזה משום ששניהם עוסקים בסחר בסמים מסוכנים, נעשה בהם שימוש בסוכן משטרתי ובפלטפורמת טלגראם, והנאשם הוא בעל הסמים. עם זאת, ההבדלים בסוג הסם ובמספר העסקאות עשויים להשפיע על מידת הרלוונטיות.

SIMILARITY_SCORE: 60","ok",""
"SH-22-05-36033-112","SH-16-09-64418-33",2,0,1,"{""מעבדה"": ""לא"", ""סוג הסם, כמות"": ""קנבוס: 9.78 גרם"", ""עבירה"": ""יבוא/סחר, 19"", ""עבירות נלוות כן/לא"": ""כן"", ""תפקיד"": ""בעל הסמים"", ""סוג פלטפורמה לסחר"": ""טלגרם"", ""שמות כינוי בטלגרם"": ""@zeuskush, @paultheOgallen"", ""מספר טלפונים ניידים של הנאשם"": ""2"", ""סוג רכב הנאשם"": ""סקודה אוקטביה"", ""לוחית זיהוי רכב"": ""35-163-53"", ""שמות שוטרים מעורבים"": ""יאיר דניאל, משה דיין, ללה בוברוב"", ""כתובות מגורים מוזכרות"": ""רחוב משה ברזני 23 קריית גת, מתחם סטודנטים בקיבוץ ברור חיל, קיבוץ שדה יואב"", ""סכומי עסקאות"": ""300 ₪, 200 ₪, 500 ₪"", ""כמויות סם בעסקאות"": ""5 גרם, 3 גרם, 4.78 גרם, 10 גרם, 2 גרם"", ""פרטי זיהוי שנשלחו"": ""תצלום עמוד פייסבוק, צילום תעודת זהות, סרטון וידאו"", ""מכירה לסוכן"": ""לא""}","{""מכירה לסוכן"": ""לא"", ""מעבדה"": ""כן"", ""סוג הסם, כמות"": ""חשיש: 289.64 גרם, קנבוס בשתילים: 837.76 גרם"", ""עבירה"": ""ייצור, החזקה שלא לצריכה עצמית"", ""עבירות נלוות כן/לא"": ""לא"", ""תפקיד"": ""בעל הסמים, בעל המעבדה"", ""מיקום המעבדה"": ""מחסן בחלקו האחורי של הבית"", ""כלי גידול"": ""עציצים"", ""פנקס טיפולים"": ""כן"", ""מיקום החשיש לצריכה עצמית"": ""חדר בקומה הראשונה"", ""כלי אחסון חשיש לצריכה עצמית"": ""נייר מקופל"", ""תאריך החיפוש"": ""14.3.16"", ""שעת החיפוש"": ""18:30""}",20.0,"1. **סוג העבירה וחומרתה**: שני התיקים עוסקים בעבירות סמים, אך סוג העבירה שונה - תיק 1 עוסק ביבוא/סחר, בעוד תיק 2 עוסק בייצור והחזקה שלא לצריכה עצמית. חומרת העבירות עשויה להיות דומה בשל מעורבות בסחר/ייצור סמים, אך יש הבדל בסוג העבירה.

2. **סוג הסם וכמותו**: שני התיקים כוללים סמים מסוג קנבוס, אך בכמויות שונות מאוד - 9.78 גרם בתיק 1 לעומת 837.76 גרם (בשתילים) בתיק 2. כמו כן, בתיק 2 יש גם חשיש. סדר הגודל של הכמויות שונה.

3. **שיטת הביצוע (MO)**: תיק 1 מתאר סחר בסמים באמצעות פלטפורמת טלגרם, עם שימוש בכינויים ומספר טלפונים ניידים. תיק 2 מתאר ייצור סמים במעבדה בבית. שיטות הביצוע שונות.

4. **נסיבות הליבה**: תיק 1 מתמקד בסחר בסמים דרך פלטפורמה מקוונת ללא מעבדה, בעוד תיק 2 כולל מעבדה לייצור סמים. נסיבות הליבה שונות.

5. **ישימות כתקדים**: בהתחשב בהבדלים בסוג העבירה, שיטת הביצוע, ונסיבות הליבה, סביר שבית המשפט לא יראה את שני התיקים כדומים מאוד לצורכי ענישה.

SIMILARITY_SCORE: 20","ok",""
"SH-24-01-26596-264","ME-21-12-42162-424",1,0,0,"{""מכירה לסוכן"": ""כן"", ""מעבדה"": ""לא"", ""סוג הסם, כמות"": ""קנבוס: 140.97 גרם"", ""עבירה"": ""החזקה שלא לצריכה עצמית, יבוא/סחר, 19"", ""עבירות נלוות כן/לא"": ""לא"", ""תפקיד"": ""בעל הסמים"", ""מספר עבירות סחר"": ""6"", ""מספר עבירות אחזקה"": ""1"", ""סוגי עבירות"": ""סחר בסמים מסוכנים, אחזקת סם מסוכן שלא לצריכה עצמית"", ""סוג הסם"": ""קנבוס"", ""כמות כוללת סם"": ""140.97 גרם"", ""מספר טלפון הנאשם"": ""053-7262975"", ""מספר טלפון הסוכן"": ""052-5219530"", ""מקום העסקה הראשון"": ""חניית רכבים ברחוב בן יאיר 24, ערד"", ""מקום העסקה השני"": ""רחוב האירוסים 52, ערד"", ""מקום העסקה השלישי"": ""תחנת הדלק דור אלון, כניסה לעיר ערד"", ""מקום העסקה הרביעי"": ""ים המלח"", ""מקום העסקה החמישי"": ""רחוב שמעון 7, ערד"", ""מספר רכב הנאשם"": ""ל.ז 56-748-12"", ""סוג רכב הנאשם"": ""סקודה אוקטביה"", ""כמות כסף מזומן"": ""2600 ש\""ח"", ""מספר כרטיסי סים ברכב"": ""17"", ""שימוש בישומון טלגראם"": ""כן"", ""שם קבוצת טלגראם"": ""SKOPY, SKOPY33"", ""סוג קנבוס מועבר"": ""אינדיקה, כושי פרסי""}","{""מקור הסמים"": ""גרמניה"", ""שיטת הסוואה"": ""בקבוקים נחזים כמכילים מוצרי טיפוח"", ""שיטת משלוח"": ""חברת משלוחים"", ""כתובת יעד"": ""רמת השרון"", ""שימוש בזהות זרה"": ""קולט מנג'ם"", ""תיאום פעולה"": ""הנאשם הורה לאחר לשלוח את החבילה"", ""מעורבות צד שלישי"": ""מאי חיים לוי אדרי"", ""שיטת איסוף"": ""הצגת תמונת דרכון של קולט"", ""מיקום החזקת הסמים"": ""בשידה ליד המיטה בחדר השינה"", ""סוגי סמים נוספים"": ""קנבוס, METHAMPHETAMINE"", ""משקל סמים נוסף"": ""קנבוס: 1.82 גרם, METHAMPHETAMINE: לא צוין משקל"", ""מכירה לסוכן"": ""לא"", ""מעבדה"": ""לא"", ""סוג הסם, כמות"": ""קטמין: 2395.95 גרם"", ""עבירה"": ""החזקה שלא לצריכה עצמית, יבוא/סחר, 19"", ""עבירות נלוות כן/לא"": ""לא"", ""תפקיד"": ""בעל הסמים""}",40.0,"1. **סוג העבירה וחומרתה**: שני התיקים כוללים עבירות של החזקה שלא לצריכה עצמית וסחר בסמים מסוכנים לפי סעיף 19 לפקודת הסמים המסוכנים. חומרת העבירות דומה בשני התיקים, אך סוג הסם שונה. 
2. **סוג הסם וכמותו**: תיק 1 כולל קנבוס במשקל 140.97 גרם, בעוד תיק 2 כולל קטמין במשקל 2395.95 גרם וכן כמויות קטנות יותר של קנבוס ומתאמפטמין. סוג הסם העיקרי שונה, אך הכמות בתיק 2 גדולה משמעותית.
3. **שיטת הביצוע (MO)**: בשני התיקים יש מעורבות בסחר בסמים, אך שיטות הביצוע שונות. תיק 1 כולל עסקאות פיזיות עם סוכן, ואילו תיק 2 כולל יבוא סמים באמצעות חברת משלוחים והסוואה בבקבוקים נחזים כמכילים מוצרי טיפוח.
4. **נסיבות הליבה**: בשני התיקים אין מעבדה, אך הנסיבות שונות. תיק 1 כולל מספר עסקאות פיזיות, ואילו תיק 2 כולל יבוא סמים ומעורבות של צד שלישי.
5. **ישימות כתקדים**: בית המשפט עשוי לראות את שני התיקים כרלוונטיים זה לזה מבחינת עבירות סחר בסמים, אך ההבדלים בסוג הסם, בכמות ובשיטת הביצוע עשויים להפחית מהרלוונטיות.

SIMILARITY_SCORE: 40","ok",""
"SH-24-01-26596-264","ME-22-07-53625-139",2,0,1,"{""מכירה לסוכן"": ""כן"", ""מעבדה"": ""לא"", ""סוג הסם, כמות"": ""קנבוס: 140.97 גרם"", ""עבירה"": ""החזקה שלא לצריכה עצמית, יבוא/סחר, 19"", ""עבירות נלוות כן/לא"": ""לא"", ""תפקיד"": ""בעל הסמים"", ""מספר עבירות סחר"": ""6"", ""מספר עבירות אחזקה"": ""1"", ""סוגי עבירות"": ""סחר בסמים מסוכנים, אחזקת סם מסוכן שלא לצריכה עצמית"", ""סוג הסם"": ""קנבוס"", ""כמות כוללת סם"": ""140.97 גרם"", ""מספר טלפון הנאשם"": ""053-7262975"", ""מספר טלפון הסוכן"": ""052-5219530"", ""מקום העסקה הראשון"": ""חניית רכבים ברחוב בן יאיר 24, ערד"", ""מקום העסקה השני"": ""רחוב האירוסים 52, ערד"", ""מקום העסקה השלישי"": ""תחנת הדלק דור אלון, כניסה לעיר ערד"", ""מקום העסקה הרביעי"": ""ים המלח"", ""מקום העסקה החמישי"": ""רחוב שמעון 7, ערד"", ""מספר רכב הנאשם"": ""ל.ז 56-748-12"", ""סוג רכב הנאשם"": ""סקודה אוקטביה"", ""כמות כסף מזומן"": ""2600 ש\""ח"", ""מספר כרטיסי סים ברכב"": ""17"", ""שימוש בישומון טלגראם"": ""כן"", ""שם קבוצת טלגראם"": ""SKOPY, SKOPY33"", ""סוג קנבוס מועבר"": ""אינדיקה, כושי פרסי""}","{""מכירה לסוכן"": ""לא"", ""מעבדה"": ""כן"", ""סוג הסם, כמות"": ""קנבוס בשתילים: 52000 גרם"", ""עבירה"": ""ייצור, החזקה שלא לצריכה עצמית"", ""עבירות נלוות כן/לא"": ""כן"", ""תפקיד"": ""בעל הסמים, בעל המעבדה"", ""מספר מנורות"": ""47"", ""מספר מזגנים"": ""12"", ""מספר מאווררים"": ""15"", ""סוג הסם"": ""קנבוס"", ""מיקום המעבדה"": ""דירת הגג, רחוב הרב כהנמן 124, בני ברק"", ""משך זמן הפעילות"": ""כשנה וחצי"", ""מספר שתילים"": ""347"", ""משקל נטו של הסם"": ""52 ק\""ג"", ""שותפים בבעלות"": ""שולמית בוגרד, שלמה זלמן כהן""}",20.0,"1. **סוג העבירה וחומרתה** — שני התיקים עוסקים בעבירות סמים, אך סוג העבירה שונה: תיק 1 מתמקד בסחר והחזקה שלא לצריכה עצמית, בעוד שתיק 2 מתמקד בייצור והחזקה שלא לצריכה עצמית. חומרת העבירות עשויה להיות דומה בשל הכמויות הגדולות המעורבות בשני התיקים.

2. **סוג הסם וכמותו** — בשני התיקים מדובר בקנבוס, אך הכמויות שונות מאוד: 140.97 גרם בתיק 1 לעומת 52 ק""ג (52,000 גרם) בתיק 2. ההבדל בכמות הוא משמעותי.

3. **שיטת הביצוע (MO)** — תיק 1 כולל מכירות לסוכן באמצעות טלגרם ושימוש במספר כרטיסי סים, בעוד שתיק 2 מתמקד בייצור קנבוס במעבדה. שיטות הביצוע שונות.

4. **נסיבות הליבה** — תיק 1 כולל סחר והחזקה שלא לצריכה עצמית ללא מעבדה, בעוד שתיק 2 כולל ייצור והחזקה שלא לצריכה עצמית במעבדה. הנסיבות שונות.

5. **ישימות כתקדים** — בית משפט עשוי לראות את שני התיקים כקשורים לעבירות סמים, אך ההבדלים בסוג העבירה, הכמות ושיטת הביצוע עשויים להפחית מהרלוונטיות של תיק אחד כתקדים לשני.

SIMILARITY_SCORE: 20","ok",""
"SH-24-01-26596-264","SH-13-09-29504-694",1,0,0,"{""מכירה לסוכן"": ""כן"", ""מעבדה"": ""לא"", ""סוג הסם, כמות"": ""קנבוס: 140.97 גרם"", ""עבירה"": ""החזקה שלא לצריכה עצמית, יבוא/סחר, 19"", ""עבירות נלוות כן/לא"": ""לא"", ""תפקיד"": ""בעל הסמים"", ""מספר עבירות סחר"": ""6"", ""מספר עבירות אחזקה"": ""1"", ""סוגי עבירות"": ""סחר בסמים מסוכנים, אחזקת סם מסוכן שלא לצריכה עצמית"", ""סוג הסם"": ""קנבוס"", ""כמות כוללת סם"": ""140.97 גרם"", ""מספר טלפון הנאשם"": ""053-7262975"", ""מספר טלפון הסוכן"": ""052-5219530"", ""מקום העסקה הראשון"": ""חניית רכבים ברחוב בן יאיר 24, ערד"", ""מקום העסקה השני"": ""רחוב האירוסים 52, ערד"", ""מקום העסקה השלישי"": ""תחנת הדלק דור אלון, כניסה לעיר ערד"", ""מקום העסקה הרביעי"": ""ים המלח"", ""מקום העסקה החמישי"": ""רחוב שמעון 7, ערד"", ""מספר רכב הנאשם"": ""ל.ז 56-748-12"", ""סוג רכב הנאשם"": ""סקודה אוקטביה"", ""כמות כסף מזומן"": ""2600 ש\""ח"", ""מספר כרטיסי סים ברכב"": ""17"", ""שימוש בישומון טלגראם"": ""כן"", ""שם קבוצת טלגראם"": ""SKOPY, SKOPY33"", ""סוג קנבוס מועבר"": ""אינדיקה, כושי פרסי""}","{""מיקום המעבדה"": ""רח' פיק\""א 10, ראשון לציון"", ""שותפה לדירה"": ""בת זוגו של הנאשם"", ""תאריך התחלת הפעילות"": ""2008"", ""תאריך המעצר"": ""10.9.13"", ""זמן המעצר"": ""11:30"", ""סוג הצו"": ""צו חיפוש"", ""מוסד המנפיק"": ""בית משפט השלום בראשון לציון"", ""מספר שתילים בגירים"": ""48"", ""מספר שתילים צעירים"": ""159"", ""כמות שקיות קנבוס"": ""7"", ""כמות נוספת בשקית"": ""1"", ""ציוד לגידול והכנה"": ""אדניות, מד טמפרטורה, מאווררים, צינורות השקיה, מערכות חשמל, מנורות חימום, חומרי דישון, תאורה והשקיה ייעודית"", ""מכירה לסוכן"": ""לא"", ""מעבדה"": ""כן"", ""סוג הסם, כמות"": ""קנבוס בשתילים: 3400 גרם, קנבוס: 884 גרם"", ""עבירה"": ""ייצור, החזקה שלא לצריכה עצמית"", ""עבירות נלוות כן/לא"": ""לא"", ""תפקיד"": ""בעל הסמים, בעל המעבדה""}",20.0,"1. **סוג העבירה וחומרתה**: שני התיקים עוסקים בעבירות סמים, אך סוג העבירה שונה - תיק 1 מתמקד בסחר ואחזקה שלא לצריכה עצמית, בעוד שתיק 2 מתמקד בייצור והחזקה שלא לצריכה עצמית. חומרת העבירות דומה משום ששתיהן עוסקות בסמים מסוכנים.

2. **סוג הסם וכמותו**: שני התיקים עוסקים בקנבוס, שהוא סם מסוכן. הכמות בתיק 1 היא 140.97 גרם, ואילו בתיק 2 מדובר בכמות גדולה בהרבה - 3400 גרם בשתילים ו-884 גרם נוספים. הכמויות שונות בסדר גודל.

3. **שיטת הביצוע (MO)**: תיק 1 מתאר סחר בסמים באמצעות טלפון וישומון טלגראם, עם מספר עסקאות במקומות שונים. תיק 2 מתאר ייצור סם באמצעות מעבדה בבית הנאשם. שיטות הביצוע שונות.

4. **נסיבות הליבה**: תיק 1 כולל סחר בסמים ללא מעבדה, ואילו תיק 2 כולל ייצור סם באמצעות מעבדה. נסיבות אלו שונות מהותית.

5. **ישימות כתקדים**: בהינתן ההבדלים בשיטת הביצוע, נסיבות הליבה, וסוג העבירה, לא סביר שבית המשפט יראה את שני התיקים כרלוונטיים זה לזה לצורכי ענישה.

SIMILARITY_SCORE: 20","ok",""
"SH-24-01-26596-264","SH-19-02-58269-573",3,1,1,"{""מכירה לסוכן"": ""כן"", ""מעבדה"": ""לא"", ""סוג הסם, כמות"": ""קנבוס: 140.97 גרם"", ""עבירה"": ""החזקה שלא לצריכה עצמית, יבוא/סחר, 19"", ""עבירות נלוות כן/לא"": ""לא"", ""תפקיד"": ""בעל הסמים"", ""מספר עבירות סחר"": ""6"", ""מספר עבירות אחזקה"": ""1"", ""סוגי עבירות"": ""סחר בסמים מסוכנים, אחזקת סם מסוכן שלא לצריכה עצמית"", ""סוג הסם"": ""קנבוס"", ""כמות כוללת סם"": ""140.97 גרם"", ""מספר טלפון הנאשם"": ""053-7262975"", ""מספר טלפון הסוכן"": ""052-5219530"", ""מקום העסקה הראשון"": ""חניית רכבים ברחוב בן יאיר 24, ערד"", ""מקום העסקה השני"": ""רחוב האירוסים 52, ערד"", ""מקום העסקה השלישי"": ""תחנת הדלק דור אלון, כניסה לעיר ערד"", ""מקום העסקה הרביעי"": ""ים המלח"", ""מקום העסקה החמישי"": ""רחוב שמעון 7, ערד"", ""מספר רכב הנאשם"": ""ל.ז 56-748-12"", ""סוג רכב הנאשם"": ""סקודה אוקטביה"", ""כמות כסף מזומן"": ""2600 ש\""ח"", ""מספר כרטיסי סים ברכב"": ""17"", ""שימוש בישומון טלגראם"": ""כן"", ""שם קבוצת טלגראם"": ""SKOPY, SKOPY33"", ""סוג קנבוס מועבר"": ""אינדיקה, כושי פרסי""}","{""מכירה לסוכן"": ""לא"", ""מעבדה"": ""לא"", ""סוג הסם, כמות"": ""קנבוס: 120.23 גרם"", ""עבירה"": ""החזקה שלא לצריכה עצמית, יבוא/סחר, 19"", ""עבירות נלוות כן/לא"": ""כן"", ""תפקיד"": ""בעל הסמים"", ""מיקום האירוע"": ""רחוב קהילת ונציה, תל אביב"", ""זמן האירוע"": ""22.11.2018, 19:00"", ""סוג העבירה"": ""נהיגה בקלות ראש"", ""פרטי המרדף"": ""הנאשם נמלט ברכבו, השליך סמים מהחלון, נרדף על ידי שוטר בסירנות וכריזה"", ""כמות נוספת של סמים"": ""19 שקיות עם סמים מסוכנים מסוג קנבוס, במשקל כולל של 97.22 גרם נטו; חמש שקיות עם סמים מסוכנים מסוג קנבוס במשקל כולל של 23.01 גרם נטו""}",60.0,"1. **סוג העבירה וחומרתה** — בשני התיקים מדובר בעבירות החזקה שלא לצריכה עצמית וסחר בסמים מסוכנים לפי סעיף 19, מה שמצביע על דמיון בסוג העבירה. חומרת העבירה דומה בשני המקרים מאחר והן כוללות סחר והחזקה שלא לצריכה עצמית. 
2. **סוג הסם וכמותו** — בשני התיקים מדובר בקנבוס, כאשר הכמות הכוללת דומה (140.97 גרם בתיק 1 לעומת 120.23 גרם בתיק 2). כמו כן, בתיק 2 נמצאו כמויות נוספות של קנבוס (97.22 גרם ו-23.01 גרם), אך עדיין מדובר בסדר גודל דומה.
3. **שיטת הביצוע (MO)** — בתיק 1, הנאשם מכר סמים לסוכן במספר מקומות שונים באמצעות רכב ובאמצעות אפליקציית טלגרם. בתיק 2, הנאשם נהג ברכבו והשליך סמים מהחלון במהלך מרדף משטרתי. אמנם שיטת הביצוע שונה, אך בשני המקרים מדובר בנאשם שהיה מעורב בסחר והחזקה של סמים.
4. **נסיבות הליבה** — בשני התיקים לא הייתה מעבדה, והנאשם היה בעל הסמים. בתיק 1 היו מספר עסקאות, ואילו בתיק 2 התגלו הסמים במהלך מרדף. הנסיבות שונות אך שתיהן כוללות החזקה וסחר בסמים.
5. **ישימות כתקדים** — בית המשפט עשוי לראות את שני התיקים כרלוונטיים זה לזה לצורכי ענישה בשל הדמיון בסוג העבירה, סוג הסם והכמות. עם זאת, שיטת הביצוע והנסיבות שונות.

SIMILARITY_SCORE: 60","ok",""
"SH-24-01-26596-264","SH-21-12-59578-330",1,0,0,"{""מכירה לסוכן"": ""כן"", ""מעבדה"": ""לא"", ""סוג הסם, כמות"": ""קנבוס: 140.97 גרם"", ""עבירה"": ""החזקה שלא לצריכה עצמית, יבוא/סחר, 19"", ""עבירות נלוות כן/לא"": ""לא"", ""תפקיד"": ""בעל הסמים"", ""מספר עבירות סחר"": ""6"", ""מספר עבירות אחזקה"": ""1"", ""סוגי עבירות"": ""סחר בסמים מסוכנים, אחזקת סם מסוכן שלא לצריכה עצמית"", ""סוג הסם"": ""קנבוס"", ""כמות כוללת סם"": ""140.97 גרם"", ""מספר טלפון הנאשם"": ""053-7262975"", ""מספר טלפון הסוכן"": ""052-5219530"", ""מקום העסקה הראשון"": ""חניית רכבים ברחוב בן יאיר 24, ערד"", ""מקום העסקה השני"": ""רחוב האירוסים 52, ערד"", ""מקום העסקה השלישי"": ""תחנת הדלק דור אלון, כניסה לעיר ערד"", ""מקום העסקה הרביעי"": ""ים המלח"", ""מקום העסקה החמישי"": ""רחוב שמעון 7, ערד"", ""מספר רכב הנאשם"": ""ל.ז 56-748-12"", ""סוג רכב הנאשם"": ""סקודה אוקטביה"", ""כמות כסף מזומן"": ""2600 ש\""ח"", ""מספר כרטיסי סים ברכב"": ""17"", ""שימוש בישומון טלגראם"": ""כן"", ""שם קבוצת טלגראם"": ""SKOPY, SKOPY33"", ""סוג קנבוס מועבר"": ""אינדיקה, כושי פרסי""}","{""מכירה לסוכן"": ""לא"", ""מעבדה"": ""לא"", ""סוג הסם, כמות"": ""קטמין: 0.73 גרם, מתילמקאתינון: 1.906 גרם, MDMA: 13 טבליות"", ""עבירה"": ""החזקה שלא לצריכה עצמית, יבוא/סחר, 19"", ""עבירות נלוות כן/לא"": ""כן"", ""תפקיד"": ""בעל הסמים"", ""מקום המעצר"": ""מחסום משטרתי"", ""סוג רכב"": ""קטנוע"", ""מקום המכירה"": ""תל אביב"", ""אמצעי תקשורת לעסקה"": ""אפליקציית טלגרם"", ""סכום עסקה קטאמין"": ""400 שקלים"", ""סכום רכישת קטנוע"": ""600 שקלים"", ""זמן מהירות התקשרות לעסקה"": ""חצי שעה"", ""סטטוס רישיון נהיגה"": ""פקע לפני יותר מ-12 חודשים"", ""החזקת נשק לא חוקי"": ""סכין לצורך הגנה עצמית""}",40.0,"1. **סוג העבירה וחומרתה** — שני התיקים כוללים עבירות של סחר בסמים מסוכנים והחזקת סם מסוכן שלא לצריכה עצמית. חומרת העבירות דומה משום ששתיהן כוללות סחר ו/או החזקה שלא לצריכה עצמית. עם זאת, סוג הסם שונה.

2. **סוג הסם וכמותו** — תיק 1 כולל קנבוס בכמות של 140.97 גרם, בעוד תיק 2 כולל קטמין (0.73 גרם), מתילמקאתינון (1.906 גרם), ו-MDMA (13 טבליות). סוגי הסמים שונים, וכך גם הכמויות. הכמות בתיק 1 גדולה יותר.

3. **שיטת הביצוע (MO)** — בשני התיקים נעשה שימוש באפליקציית טלגרם לעסקאות סמים, מה שמצביע על דפוס דומה. עם זאת, פרטי הביצוע כמו מקום העסקאות ורכב/קטנוע שונים.

4. **נסיבות הליבה** — בשני התיקים אין מעבדה, והנאשם הוא בעל הסמים. עם זאת, נסיבות אחרות כמו מקום העסקה וסוג הרכב שונות.

5. **ישימות כתקדים** — בית משפט עשוי לראות את שני התיקים כרלוונטיים זה לזה במידה מסוימת בשל השימוש בטלגרם לעסקאות סמים והיות הנאשם בעל הסמים. עם זאת, ההבדלים בסוג הסם, הכמות, ונסיבות אחרות עשויים להפחית מהרלוונטיות.

SIMILARITY_SCORE: 40","ok",""
"SH-24-01-26596-264","SH-24-01-9804-702",1,0,0,"{""מכירה לסוכן"": ""כן"", ""מעבדה"": ""לא"", ""סוג הסם, כמות"": ""קנבוס: 140.97 גרם"", ""עבירה"": ""החזקה שלא לצריכה עצמית, יבוא/סחר, 19"", ""עבירות נלוות כן/לא"": ""לא"", ""תפקיד"": ""בעל הסמים"", ""מספר עבירות סחר"": ""6"", ""מספר עבירות אחזקה"": ""1"", ""סוגי עבירות"": ""סחר בסמים מסוכנים, אחזקת סם מסוכן שלא לצריכה עצמית"", ""סוג הסם"": ""קנבוס"", ""כמות כוללת סם"": ""140.97 גרם"", ""מספר טלפון הנאשם"": ""053-7262975"", ""מספר טלפון הסוכן"": ""052-5219530"", ""מקום העסקה הראשון"": ""חניית רכבים ברחוב בן יאיר 24, ערד"", ""מקום העסקה השני"": ""רחוב האירוסים 52, ערד"", ""מקום העסקה השלישי"": ""תחנת הדלק דור אלון, כניסה לעיר ערד"", ""מקום העסקה הרביעי"": ""ים המלח"", ""מקום העסקה החמישי"": ""רחוב שמעון 7, ערד"", ""מספר רכב הנאשם"": ""ל.ז 56-748-12"", ""סוג רכב הנאשם"": ""סקודה אוקטביה"", ""כמות כסף מזומן"": ""2600 ש\""ח"", ""מספר כרטיסי סים ברכב"": ""17"", ""שימוש בישומון טלגראם"": ""כן"", ""שם קבוצת טלגראם"": ""SKOPY, SKOPY33"", ""סוג קנבוס מועבר"": ""אינדיקה, כושי פרסי""}","{""מכירה לסוכן"": ""לא"", ""מעבדה"": ""לא"", ""סוג הסם, כמות"": ""חשיש: 885.25 גרם, קנבוס: 730.52 גרם"", ""עבירה"": ""החזקה שלא לצריכה עצמית, יבוא/סחר, 19"", ""עבירות נלוות כן/לא"": ""כן"", ""תפקיד"": ""בעל הסמים"", ""מספר כתבי אישום"": 4, ""סך הכול עבירות"": 14, ""סך הכול תמורה בשקלים"": 4850, ""כמות לקוחות"": 5, ""כלי תקשורת לסחר"": ""טלגרם"", ""עבירות נהיגה"": ""נהיגה ללא רישיון, נהיגה תחת השפעת סמים, נהיגה ברכב ללא ביטוח"", ""מקומות ביצוע העבירות"": ""בבית הנאשם, ברכב הנאשם"", ""סוגי סמים נוספים"": ""חשיש, קנאביס"", ""כמויות סמים נוספות"": ""498.37-גרם-חשיש, 536.36-גרם-קנאביס, 91.25-גרם-קנאביס, 56.16-גרם-חשיש, 85.93-גרם-קנאביס, 2.30-גרם-קנאביס, 1.86-גרם-קנאביס, 300.96-גרם-חשיש, 2.99-גרם-קנאביס, 57-גרם-קנאביס, 9.83-גרם-קנאביס, 29.76-גרם-חשיש"", ""סכום כסף נמצא בחיפוש"": 850}",70.0,"1. **סוג העבירה וחומרתה** — שני התיקים עוסקים בעבירות סחר בסמים מסוכנים והחזקת סם מסוכן שלא לצריכה עצמית לפי סעיף 19, מה שמצביע על דמיון בסוג העבירה וחומרתה. שני התיקים כוללים עבירות חמורות הקשורות לסחר בסמים.

2. **סוג הסם וכמותו** — שני התיקים כוללים סחר בקנבוס, אך תיק 2 כולל גם חשיש וקנאביס. הכמות הכוללת של סמים בתיק 1 היא 140.97 גרם, ואילו בתיק 2 הכמות הכוללת מגיעה ל-1,615.77 גרם (סכום של כל כמויות הסמים המוזכרות). הכמויות אינן באותו סדר גודל, אך סוג הסם דומה בחלקו.

3. **שיטת הביצוע (MO)** — שני התיקים כוללים שימוש בישומון טלגראם/טלגרם לצורכי סחר בסמים, וכן מעורבות של הנאשם כבעל הסמים. זה מצביע על דפוס דומה בשיטת הביצוע.

4. **נסיבות הליבה** — בשני התיקים לא מדובר במעבדה, ושניהם כוללים סחר בסמים. תיק 1 כולל מספר עסקאות ספציפיות, ואילו תיק 2 כולל מגוון עבירות נוספות כמו נהיגה ללא רישיון ונהיגה תחת השפעת סמים. שני התיקים חולקים נסיבות דומות מבחינת היותם עוסקים בסחר בסמים ללא מעבדה.

5. **ישימות כתקדים** — בהתחשב בדמיון בסוג העבירה, שיטת הביצוע, והיות שני הנאשמים בעלי הסמים, בית משפט עשוי לראות את שני התיקים כרלוונטיים זה לזה לצורכי ענישה, למרות ההבדלים בכמות הסם ובחומרת העבירות הנלוות.

SIMILARITY_SCORE: 70","ok",""
"SH-24-01-9804-702","ME-16-07-11608-225",1,0,0,"{""מכירה לסוכן"": ""לא"", ""מעבדה"": ""לא"", ""סוג הסם, כמות"": ""חשיש: 885.25 גרם, קנבוס: 730.52 גרם"", ""עבירה"": ""החזקה שלא לצריכה עצמית, יבוא/סחר, 19"", ""עבירות נלוות כן/לא"": ""כן"", ""תפקיד"": ""בעל הסמים"", ""מספר כתבי אישום"": 4, ""סך הכול עבירות"": 14, ""סך הכול תמורה בשקלים"": 4850, ""כמות לקוחות"": 5, ""כלי תקשורת לסחר"": ""טלגרם"", ""עבירות נהיגה"": ""נהיגה ללא רישיון, נהיגה תחת השפעת סמים, נהיגה ברכב ללא ביטוח"", ""מקומות ביצוע העבירות"": ""בבית הנאשם, ברכב הנאשם"", ""סוגי סמים נוספים"": ""חשיש, קנאביס"", ""כמויות סמים נוספות"": ""498.37-גרם-חשיש, 536.36-גרם-קנאביס, 91.25-גרם-קנאביס, 56.16-גרם-חשיש, 85.93-גרם-קנאביס, 2.30-גרם-קנאביס, 1.86-גרם-קנאביס, 300.96-גרם-חשיש, 2.99-גרם-קנאביס, 57-גרם-קנאביס, 9.83-גרם-קנאביס, 29.76-גרם-חשיש"", ""סכום כסף נמצא בחיפוש"": 850}","{""מספר טיסות לחו\""ל"": ""מספר פעמים"", ""יעדי טיסה"": ""אוקראינה, ברלין"", ""שיטת הסתרת הסמים"": ""מזוודה עם דופן כפולה"", ""שימוש בטכנולוגיה"": ""אפליקציית הצפנת מסרים 'ויקר'"", ""שינוי בתוכנית טיסה"": ""כרטיס טיסה עדכני מגרמניה לישראל דרך איסטנבול"", ""תשלום עבור שירותים"": ""2,000 ₪ עבור הוצאות נסיעה"", ""תקשורת עם המעביר"": ""הודעות טקסט והנחיות"", ""מקום קבלת הסמים"": ""ברלין"", ""מקום נחיתה בישראל"": ""בטיסת המשך דרך טורקיה"", ""מכירה לסוכן"": ""לא"", ""מעבדה"": ""לא"", ""סוג הסם, כמות"": ""MDMA: 1301.44 גרם, 13189 טבליות"", ""עבירה"": ""יבוא/סחר, 19"", ""עבירות נלוות כן/לא"": ""לא"", ""תפקיד"": ""לא בעל הסמים""}",40.0,"1. **סוג העבירה וחומרתה**: שני התיקים עוסקים בעבירות סמים חמורות, אך סוג העבירה אינו זהה - תיק 1 כולל החזקה שלא לצריכה עצמית בנוסף ליבוא/סחר, בעוד שתיק 2 מתמקד ביבוא/סחר בלבד. חומרת העבירות דומה בשל מעורבות בסחר בסמים.

2. **סוג הסם וכמותו**: תיק 1 עוסק בחשיש וקנבוס, בעוד שתיק 2 עוסק ב-MDMA (אקסטזי). הכמויות בסדר גודל דומה (כ-1 ק""ג), אך סוג הסם שונה.

3. **שיטת הביצוע (MO)**: שני התיקים כוללים סחר בסמים, אך שיטות הביצוע שונות - תיק 1 כולל מכירה מקומית באמצעות טלגרם, ואילו תיק 2 כולל יבוא סמים ממדינה זרה באמצעות הסתרה במזוודה.

4. **נסיבות הליבה**: בשני התיקים אין מעבדה, אך הנסיבות שונות - תיק 1 כולל החזקה ומכירה מקומית, ואילו תיק 2 מתמקד ביבוא סמים.

5. **ישימות כתקדים**: בית המשפט עשוי לראות את שני התיקים כרלוונטיים זה לזה מבחינת חומרת העבירה והמעורבות בסחר בסמים, אך ההבדלים בסוג הסם ושיטת הביצוע עשויים להפחית מהרלוונטיות.

SIMILARITY_SCORE: 40","ok",""
"SH-24-01-9804-702","ME-21-12-42162-424",2,0,1,"{""מכירה לסוכן"": ""לא"", ""מעבדה"": ""לא"", ""סוג הסם, כמות"": ""חשיש: 885.25 גרם, קנבוס: 730.52 גרם"", ""עבירה"": ""החזקה שלא לצריכה עצמית, יבוא/סחר, 19"", ""עבירות נלוות כן/לא"": ""כן"", ""תפקיד"": ""בעל הסמים"", ""מספר כתבי אישום"": 4, ""סך הכול עבירות"": 14, ""סך הכול תמורה בשקלים"": 4850, ""כמות לקוחות"": 5, ""כלי תקשורת לסחר"": ""טלגרם"", ""עבירות נהיגה"": ""נהיגה ללא רישיון, נהיגה תחת השפעת סמים, נהיגה ברכב ללא ביטוח"", ""מקומות ביצוע העבירות"": ""בבית הנאשם, ברכב הנאשם"", ""סוגי סמים נוספים"": ""חשיש, קנאביס"", ""כמויות סמים נוספות"": ""498.37-גרם-חשיש, 536.36-גרם-קנאביס, 91.25-גרם-קנאביס, 56.16-גרם-חשיש, 85.93-גרם-קנאביס, 2.30-גרם-קנאביס, 1.86-גרם-קנאביס, 300.96-גרם-חשיש, 2.99-גרם-קנאביס, 57-גרם-קנאביס, 9.83-גרם-קנאביס, 29.76-גרם-חשיש"", ""סכום כסף נמצא בחיפוש"": 850}","{""מקור הסמים"": ""גרמניה"", ""שיטת הסוואה"": ""בקבוקים נחזים כמכילים מוצרי טיפוח"", ""שיטת משלוח"": ""חברת משלוחים"", ""כתובת יעד"": ""רמת השרון"", ""שימוש בזהות זרה"": ""קולט מנג'ם"", ""תיאום פעולה"": ""הנאשם הורה לאחר לשלוח את החבילה"", ""מעורבות צד שלישי"": ""מאי חיים לוי אדרי"", ""שיטת איסוף"": ""הצגת תמונת דרכון של קולט"", ""מיקום החזקת הסמים"": ""בשידה ליד המיטה בחדר השינה"", ""סוגי סמים נוספים"": ""קנבוס, METHAMPHETAMINE"", ""משקל סמים נוסף"": ""קנבוס: 1.82 גרם, METHAMPHETAMINE: לא צוין משקל"", ""מכירה לסוכן"": ""לא"", ""מעבדה"": ""לא"", ""סוג הסם, כמות"": ""קטמין: 2395.95 גרם"", ""עבירה"": ""החזקה שלא לצריכה עצמית, יבוא/סחר, 19"", ""עבירות נלוות כן/לא"": ""לא"", ""תפקיד"": ""בעל הסמים""}",60.0,"1. **סוג העבירה וחומרתה**: שני התיקים עוסקים בעבירות סמים חמורות הכוללות החזקה שלא לצריכה עצמית וסחר/יבוא, כאשר בחלק מהמקרים מדובר בעבירות לפי סעיף 19, מה שמעיד על חומרתן הרבה. שני התיקים כוללים עבירות דומות ברמת החומרה.

2. **סוג הסם וכמותו**: תיק 1 כולל חשיש וקנבוס בכמויות ניכרות (מעל 1.6 ק""ג בסך הכול). תיק 2 כולל קטמין בכמות גדולה (כמעט 2.4 ק""ג) וסמים נוספים. שני התיקים כוללים כמויות סמים משמעותיות, אך סוגי הסמים שונים.

3. **שיטת הביצוע (MO)**: תיק 1 כולל החזקה והסחר באמצעות כלי תקשורת (טלגרם), כאשר הסמים נמצאו בבית הנאשם וברכבו. תיק 2 כולל יבוא סמים באמצעות חברת משלוחים והסוואה במוצרי טיפוח. שיטות הביצוע שונות.

4. **נסיבות הליבה**: שני התיקים כוללים החזקת סמים בכמויות גדולות לצורכי סחר, אך נסיבות אחרות כמו מעורבות צד שלישי ושיטות הסוואה שונות.

5. **ישימות כתקדים**: בית המשפט עשוי לראות את שני התיקים כרלוונטיים זה לזה מבחינת חומרת העבירה והעיסוק בסחר בסמים, אך ההבדלים בסוגי הסמים ושיטות הביצוע עשויים להשפיע על מידת הדמיון.

SIMILARITY_SCORE: 60","ok",""
"SH-24-01-9804-702","ME-23-12-14553-571",2,0,1,"{""מכירה לסוכן"": ""לא"", ""מעבדה"": ""לא"", ""סוג הסם, כמות"": ""חשיש: 885.25 גרם, קנבוס: 730.52 גרם"", ""עבירה"": ""החזקה שלא לצריכה עצמית, יבוא/סחר, 19"", ""עבירות נלוות כן/לא"": ""כן"", ""תפקיד"": ""בעל הסמים"", ""מספר כתבי אישום"": 4, ""סך הכול עבירות"": 14, ""סך הכול תמורה בשקלים"": 4850, ""כמות לקוחות"": 5, ""כלי תקשורת לסחר"": ""טלגרם"", ""עבירות נהיגה"": ""נהיגה ללא רישיון, נהיגה תחת השפעת סמים, נהיגה ברכב ללא ביטוח"", ""מקומות ביצוע העבירות"": ""בבית הנאשם, ברכב הנאשם"", ""סוגי סמים נוספים"": ""חשיש, קנאביס"", ""כמויות סמים נוספות"": ""498.37-גרם-חשיש, 536.36-גרם-קנאביס, 91.25-גרם-קנאביס, 56.16-גרם-חשיש, 85.93-גרם-קנאביס, 2.30-גרם-קנאביס, 1.86-גרם-קנאביס, 300.96-גרם-חשיש, 2.99-גרם-קנאביס, 57-גרם-קנאביס, 9.83-גרם-קנאביס, 29.76-גרם-חשיש"", ""סכום כסף נמצא בחיפוש"": 850}","{""מיקום המעבדה"": ""וילה בקריית גת"", ""תאריך תחילת שכירות הוילה"": ""1.7.2023"", ""תאריך גילוי המעבדה"": ""30.11.2023"", ""כמות חדרים בשימוש לגידול"": ""6"", ""סוג חיבור החשמל"": ""חיבור פיראטי"", ""סכום הנזק לחברת החשמל"": ""99717.18 ₪"", ""כלי פריצה שנמצא בשימוש"": ""פטיש"", ""מכירה לסוכן"": ""לא"", ""מעבדה"": ""כן"", ""סוג הסם, כמות"": ""קנבוס בשתילים: 180000 גרם, קנבוס: 7480 גרם"", ""עבירה"": ""ייצור, החזקה שלא לצריכה עצמית"", ""עבירות נלוות כן/לא"": ""לא"", ""תפקיד"": ""בעל הסמים, בעל המעבדה""}",20.0,"להלן הניתוח של כל ממד:

1. **סוג העבירה וחומרתה**: שני התיקים עוסקים בעבירות סמים, אך סוג העבירה שונה - תיק 1 כולל החזקה שלא לצריכה עצמית, יבוא/סחר, בעוד שתיק 2 כולל ייצור והחזקה שלא לצריכה עצמית. חומרת העבירות דומה בשל היקף הפעילות. 
2. **סוג הסם וכמותו**: שני התיקים כוללים סוגי סמים דומים (קנבוס/חשיש), אך הכמויות שונות מאוד - תיק 1 כולל כמה מאות גרמים, בעוד שתיק 2 כולל עשרות אלפי גרמים וכן כ-180 ק""ג קנבוס בשתילים. 
3. **שיטת הביצוע (MO)**: שיטת הביצוע שונה - תיק 1 כולל החזקה וסחר, בעוד שתיק 2 כולל ייצור במעבדה. 
4. **נסיבות הליבה**: נסיבות הליבה שונות - תיק 1 כולל החזקה בבית וברכב, בעוד שתיק 2 כולל הקמת מעבדה לגידול קנבוס. 
5. **ישימות כתקדים**: בשל ההבדלים בשיטת הביצוע ונסיבות הליבה, סביר שיהיה קושי לראות את שני התיקים כרלוונטיים זה לזה לצורכי ענישה.

SIMILARITY_SCORE: 20","ok",""
"SH-24-01-9804-702","SH-23-09-35299-260",1,0,0,"{""מכירה לסוכן"": ""לא"", ""מעבדה"": ""לא"", ""סוג הסם, כמות"": ""חשיש: 885.25 גרם, קנבוס: 730.52 גרם"", ""עבירה"": ""החזקה שלא לצריכה עצמית, יבוא/סחר, 19"", ""עבירות נלוות כן/לא"": ""כן"", ""תפקיד"": ""בעל הסמים"", ""מספר כתבי אישום"": 4, ""סך הכול עבירות"": 14, ""סך הכול תמורה בשקלים"": 4850, ""כמות לקוחות"": 5, ""כלי תקשורת לסחר"": ""טלגרם"", ""עבירות נהיגה"": ""נהיגה ללא רישיון, נהיגה תחת השפעת סמים, נהיגה ברכב ללא ביטוח"", ""מקומות ביצוע העבירות"": ""בבית הנאשם, ברכב הנאשם"", ""סוגי סמים נוספים"": ""חשיש, קנאביס"", ""כמויות סמים נוספות"": ""498.37-גרם-חשיש, 536.36-גרם-קנאביס, 91.25-גרם-קנאביס, 56.16-גרם-חשיש, 85.93-גרם-קנאביס, 2.30-גרם-קנאביס, 1.86-גרם-קנאביס, 300.96-גרם-חשיש, 2.99-גרם-קנאביס, 57-גרם-קנאביס, 9.83-גרם-קנאביס, 29.76-גרם-חשיש"", ""סכום כסף נמצא בחיפוש"": 850}","{""מכירה לסוכן"": ""כן"", ""מעבדה"": ""לא"", ""סוג הסם, כמות"": ""קוקאין: 0.56 גרם"", ""עבירה"": ""יבוא/סחר, 19"", ""עבירות נלוות כן/לא"": ""לא"", ""תפקיד"": ""בעל הסמים"", ""מספר טלפון של הסוכן"": ""054-6454608"", ""מספר טלפון של ודים"": ""055-3955795"", ""מקום המפגש"": ""קיוסק אלכסנדר, שכונה יעלים, באר שבע"", ""סוג רכב הנאשם"": ""קיה"", ""מספר רישוי של רכב הנאשם"": ""ל.ז 30-522-72"", ""שיטת תשלום"": ""מזומן"", ""סכום העסקה"": ""300 ₪"", ""אופן התקשורת"": ""שיחות טלפון ווואטסאפ""}",30.0,"1. **סוג העבירה וחומרתה**: שני התיקים כוללים עבירות של סחר בסמים חמורים לפי סעיף 19 לפקודת הסמים המסוכנים. עם זאת, תיק 1 כולל גם עבירות נוספות כמו החזקה שלא לצריכה עצמית ונהיגה תחת השפעת סמים, בנוסף לסחר. חומרת העבירות בשני התיקים דומה בשל היותן עבירות סחר בסמים, אך תיק 1 כולל מגוון עבירות רחב יותר.

2. **סוג הסם וכמותו**: תיק 1 עוסק בכמויות גדולות של חשיש וקנבוס (מעל 885 גרם ו-730 גרם בהתאמה) וסוגי סמים נוספים. לעומת זאת, תיק 2 עוסק בכמות קטנה מאוד של קוקאין (0.56 גרם). סוג הסם שונה (חשיש/קנבוס לעומת קוקאין), וכמות הסם שונה במידה ניכרת.

3. **שיטת הביצוע (MO)**: שני התיקים כוללים שימוש באמצעי תקשורת אלקטרוניים (טלגרם בתיק 1, וואטסאפ ושיחות טלפון בתיק 2) לצורך ביצוע העבירות. עם זאת, תיק 1 לא כולל מכירה ישירה לסוכן, בעוד שתיק 2 כן. אופן הביצוע שונה — תיק 1 מרמז על פעילות רחבה יותר ללא מכירה ישירה לסוכן, בעוד שתיק 2 כולל עסקה ישירה.

4. **נסיבות הליבה**: בשני התיקים אין מעבדה, אך הנסיבות שונות — תיק 1 כולל החזקה וסחר ללא מכירה לסוכן, עם עבירות נלוות כמו נהיגה תחת השפעת סמים, ואילו תיק 2 מתמקד במכירה ישירה לסוכן. 

5. **ישימות כתקדים**: בהינתן ההבדלים בסוג הסם, בכמותו, ובנסיבות העבירה, ייתכן שבית המשפט לא יראה את שני התיקים כדומים מאוד לצורכי ענישה. עם זאת, העובדה ששניהם כוללים עבירות סחר בסמים לפי סעיף 19 ושהנאשמים הם ""בעלי הסמים"" עשויה להוות בסיס מסוים להשוואה.

SIMILARITY_SCORE: 30","ok",""
"SH-24-05-28565-553","SH-21-12-59578-330",2,0,1,"{""מכירה לסוכן"": ""כן"", ""מעבדה"": ""לא"", ""סוג הסם, כמות"": ""קטמין: 9.378 גרם, מתילמקאתינון: 14.273 גרם, קוקאין: 8.507 גרם"", ""עבירה"": ""החזקה שלא לצריכה עצמית, יבוא/סחר, 19"", ""עבירות נלוות כן/לא"": ""לא"", ""תפקיד"": ""בעל הסמים"", ""היכרות עם הסוכן"": ""כן"", ""שימוש באפליקציית ווטסאפ"": ""כן"", ""הודעות זמניות"": ""כן"", ""מקום המפגש"": ""חניית בניין 4005 באילת"", ""כמות כסף"": ""700 שקלים"", ""סוגי סמים נוספים"": ""קוקאין, מתילמטקתינון"", ""סוגי סמים למכירה"": ""שני סוגים של קטמין"", ""הצעה לערבוב סמים"": ""כן""}","{""מכירה לסוכן"": ""לא"", ""מעבדה"": ""לא"", ""סוג הסם, כמות"": ""קטמין: 0.73 גרם, מתילמקאתינון: 1.906 גרם, MDMA: 13 טבליות"", ""עבירה"": ""החזקה שלא לצריכה עצמית, יבוא/סחר, 19"", ""עבירות נלוות כן/לא"": ""כן"", ""תפקיד"": ""בעל הסמים"", ""מקום המעצר"": ""מחסום משטרתי"", ""סוג רכב"": ""קטנוע"", ""מקום המכירה"": ""תל אביב"", ""אמצעי תקשורת לעסקה"": ""אפליקציית טלגרם"", ""סכום עסקה קטאמין"": ""400 שקלים"", ""סכום רכישת קטנוע"": ""600 שקלים"", ""זמן מהירות התקשרות לעסקה"": ""חצי שעה"", ""סטטוס רישיון נהיגה"": ""פקע לפני יותר מ-12 חודשים"", ""החזקת נשק לא חוקי"": ""סכין לצורך הגנה עצמית""}",55.0,"1. **סוג העבירה וחומרתה** — שני התיקים עוסקים בעבירות דומות של החזקה שלא לצריכה עצמית וסחר בסמים, תחת סעיף 19, מה שמצביע על דמיון בעבירות המרכזיות. עם זאת, קיימות עבירות נלוות בתיק 2 שלא מופיעות בתיק 1. חומרת העבירות נראית דומה בשני התיקים.

2. **סוג הסם וכמותו** — שני התיקים כוללים סמים דומים (קטמין ומתילמקאתינון), אך הכמויות שונות משמעותית. בתיק 1 הכמויות הן 9.378 גרם קטמין ו-14.273 גרם מתילמקאתינון, ואילו בתיק 2 הכמויות הן 0.73 גרם קטמין ו-1.906 גרם מתילמקאתינון. כמויות הסמים בתיק 1 גדולות בהרבה מאלו שבתיק 2.

3. **שיטת הביצוע (MO)** — שני התיקים כוללים שימוש באפליקציות שונות (ווטסאפ בתיק 1 וטלגרם בתיק 2) לצורך התקשרות לעסקאות סמים, מה שמצביע על דמיון בשיטת הביצוע. עם זאת, בתיק 1 היה מפגש פיזי בחניון, ואילו בתיק 2 לא מוזכר מפגש פיזי.

4. **נסיבות הליבה** — בשני התיקים הנאשם הוא בעל הסמים, ולא מדובר במעבדה. בתיק 1 מוזכרת הצעה לערבוב סמים ומכירה לסוכן, ואילו בתיק 2 לא הייתה מכירה לסוכן והייתה החזקת סכין לצורך הגנה עצמית. הנסיבות שונות חלקית.

5. **ישימות כתקדים** — בית משפט עשוי לראות את שני התיקים כרלוונטיים זה לזה חלקית, בשל הדמיון בעבירות המרכזיות (סחר בסמים והחזקה שלא לצריכה עצמית) ובסוג הסמים. עם זאת, ההבדלים בכמויות הסמים, בשיטת הביצוע ובנסיבות הנלוות עשויים להפחית מהרלוונטיות של תיק אחד כתקדים לאחר.

SIMILARITY_SCORE: 55","ok",""
"SH-24-05-46424-585","SH-23-09-35299-260",3,1,1,"{""מכירה לסוכן"": ""כן"", ""מעבדה"": ""לא"", ""סוג הסם, כמות"": ""מתילמקאתינון: 1.844 גרם, MDMA: 5 שתילים, קוקאין: 9.836 גרם"", ""עבירה"": ""החזקה שלא לצריכה עצמית, יבוא/סחר, 19"", ""עבירות נלוות כן/לא"": ""לא"", ""תפקיד"": ""בעל הסמים"", ""שימוש באפליקציית אינסטגרם"": ""כן"", ""שימוש בהודעות מתפוצצות"": ""כן"", ""מספר הטלפון הנייד"": ""050-9064476"", ""פעילות סוכן סמוי"": ""כן"", ""מיקום הפעילות"": ""אילת"", ""הכרות מוקדמת בין הנאשם לסוכן"": ""כן"", ""סכום התמורה במקרה השני"": ""2300 שקלים"", ""מיקום מסירת הסמים במקרה השני"": ""לא לכניסה הראשית אלא לכניסה אחת מתחת""}","{""מכירה לסוכן"": ""כן"", ""מעבדה"": ""לא"", ""סוג הסם, כמות"": ""קוקאין: 0.56 גרם"", ""עבירה"": ""יבוא/סחר, 19"", ""עבירות נלוות כן/לא"": ""לא"", ""תפקיד"": ""בעל הסמים"", ""מספר טלפון של הסוכן"": ""054-6454608"", ""מספר טלפון של ודים"": ""055-3955795"", ""מקום המפגש"": ""קיוסק אלכסנדר, שכונה יעלים, באר שבע"", ""סוג רכב הנאשם"": ""קיה"", ""מספר רישוי של רכב הנאשם"": ""ל.ז 30-522-72"", ""שיטת תשלום"": ""מזומן"", ""סכום העסקה"": ""300 ₪"", ""אופן התקשורת"": ""שיחות טלפון ווואטסאפ""}",60.0,"1. **סוג העבירה וחומרתה**: שני התיקים עוסקים בעבירות סחר בסמים וביבוא/סחר לפי סעיף 19, מה שמצביע על דמיון בסוג העבירה. חומרת העבירה בשני התיקים נראית דומה משום ששניהם כוללים סחר בסמים. עם זאת, תיק 1 כולל מגוון סמים (מתילמקאתינון, MDMA, וקוקאין) בעוד שתיק 2 כולל רק קוקאין.

2. **סוג הסם וכמותו**: תיק 1 כולל מגוון סמים בכמויות משמעותיות (1.844 גרם מתילמקאתינון, 5 שתילים של MDMA, ו-9.836 גרם קוקאין), בעוד שתיק 2 כולל כמות קטנה יחסית של קוקאין (0.56 גרם). ההבדל בכמות ובמגוון הסמים מצביע על חומרה שונה.

3. **שיטת הביצוע (MO)**: בשני התיקים הנאשמים מכרו סמים לסוכן סמוי, והתקשורת כללה שיחות טלפון. תיק 1 מזכיר שימוש באפליקציית אינסטגרם והודעות מתפוצצות, בעוד שתיק 2 מזכיר שיחות טלפון ווואטסאפ. הדמיון הוא בשימוש בטכנולוגיה להעברת מסרים, אך יש הבדל בפלטפורמות הספציפיות.

4. **נסיבות הליבה**: בשני התיקים הנאשמים היו בעלי הסמים, ולא הייתה מעורבות במעבדה. הנסיבות נראות שונות - תיק 1 התרחש באילת וכלל מסירת סמים, בעוד שתיק 2 התרחש בבאר שבע וכלל עסקה במיקום מסוים (קיוסק אלכסנדר).

5. **ישימות כתקדים**: בהתחשב בהבדלים בכמות הסמים, בסוג הסם, ובנסיבות, ייתכן שבית המשפט יבחין בין שני התיקים. עם זאת, הדמיון בעבירה (סחר בסמים) ובתפקיד הנאשם (בעל הסמים) עשוי להפוך את תיק אחד לרלוונטי לשני לצורכי ענישה.

SIMILARITY_SCORE: 60","ok",""
